,W,Psi,T
0,22.2222307,0.0361780,0.0268005
1,20.6754856,0.0189275,0.0161743
2,19.1425075,0.0139097,0.0121164
3,17.4668440,0.0113263,0.0098488
4,15.7770729,0.0096880,0.0083669
5,14.0491911,0.0085371,0.0073076
6,12.3309432,0.0076795,0.0065054
7,10.6547278,0.0070139,0.0058732
8,9.0941029,0.0064821,0.0053603
9,7.7692014,0.0060476,0.0049349
10,6.8777075,0.0056861,0.0045758
11,6.6557928,0.0053810,0.0042682
12,7.2159866,0.0051204,0.0040017
13,8.4398262,0.0048956,0.0037683
14,10.1103875,0.0046999,0.0035622
15,12.0504736,0.0045285,0.0033787
16,14.1428860,0.0043773,0.0032142
17,16.3089003,0.0042434,0.0030659
18,18.4897604,0.0041242,0.0029314
19,20.6365658,0.0040178,0.0028089
20,22.7057294,0.0039225,0.0026967
21,24.6576105,0.0038370,0.0025936
22,26.4568743,0.0037602,0.0024985
23,28.0736749,0.0036911,0.0024105
24,29.4850093,0.0036290,0.0023288
25,30.6757669,0.0035730,0.0022526
26,31.6391655,0.0035227,0.0021815
27,32.3764592,0.0034776,0.0021150
28,32.8959796,0.0034371,0.0020525
29,33.2117038,0.0034009,0.0019938
30,33.3415986,0.0033687,0.0019385
31,33.3059788,0.0033401,0.0018863
32,33.1260560,0.0033148,0.0018369
33,32.8227802,0.0032927,0.0017901
34,32.4160036,0.0032734,0.0017457
35,31.9239463,0.0032569,0.0017036
36,31.3629139,0.0032428,0.0016635
37,30.7472075,0.0032311,0.0016253
38,30.0891676,0.0032216,0.0015888
39,29.3993030,0.0032141,0.0015540
40,28.6864666,0.0032085,0.0015208
41,27.9580501,0.0032047,0.0014890
42,27.2201798,0.0032026,0.0014585
43,26.4779020,0.0032021,0.0014293
44,25.7353519,0.0032031,0.0014013
45,24.9959026,0.0032055,0.0013743
46,24.2622955,0.0032092,0.0013485
47,23.5367506,0.0032142,0.0013236
48,22.8210606,0.0032204,0.0012996
49,22.1166694,0.0032276,0.0012765
50,21.4247374,0.0032360,0.0012543
51,20.7461948,0.0032453,0.0012328
52,20.0817863,0.0032555,0.0012121
53,19.4321073,0.0032666,0.0011921
54,18.7976326,0.0032786,0.0011727
55,18.1787407,0.0032913,0.0011540
56,17.5757325,0.0033048,0.0011359
57,16.9888462,0.0033190,0.0011184
58,16.4182692,0.0033338,0.0011014
59,15.8641477,0.0033493,0.0010850
60,15.3265930,0.0033654,0.0010690
61,14.8056869,0.0033821,0.0010536
62,14.3014858,0.0033992,0.0010385
63,13.8140219,0.0034169,0.0010240
64,13.3433058,0.0034351,0.0010098
65,12.8893259,0.0034537,0.0009961
66,12.4520492,0.0034727,0.0009827
67,12.0314198,0.0034921,0.0009697
68,11.6273579,0.0035119,0.0009570
69,11.2397587,0.0035321,0.0009447
70,10.8684902,0.0035526,0.0009327
71,10.5133922,0.0035734,0.0009210
72,10.1742738,0.0035946,0.0009097
73,9.8509125,0.0036160,0.0008986
74,9.5430527,0.0036376,0.0008878
75,9.2504046,0.0036595,0.0008772
76,8.9726433,0.0036817,0.0008669
77,8.7094093,0.0037041,0.0008569
78,8.4603083,0.0037267,0.0008471
79,8.2249125,0.0037494,0.0008375
80,8.0027621,0.0037724,0.0008282
81,7.7933676,0.0037955,0.0008190
82,7.5962126,0.0038188,0.0008101
83,7.4107571,0.0038422,0.0008014
84,7.2364417,0.0038657,0.0007928
85,7.0726916,0.0038894,0.0007845
86,6.9189213,0.0039132,0.0007763
87,6.7745395,0.0039371,0.0007683
88,6.6389538,0.0039611,0.0007605
89,6.5115754,0.0039852,0.0007528
90,6.3918238,0.0040093,0.0007453
91,6.2791309,0.0040336,0.0007380
92,6.1729450,0.0040579,0.0007308
93,6.0727340,0.0040822,0.0007238
94,5.9779884,0.0041066,0.0007168
95,5.8882236,0.0041310,0.0007101
96,5.8029820,0.0041555,0.0007034
97,5.7218338,0.0041800,0.0006969
98,5.6443782,0.0042045,0.0006905
99,5.5702433,0.0042290,0.0006842
100,5.4990866,0.0042536,0.0006781
101,5.4305942,0.0042781,0.0006720
102,5.3644800,0.0043026,0.0006661
103,5.3004850,0.0043271,0.0006603
104,5.2383760,0.0043516,0.0006546
105,5.1779439,0.0043761,0.0006489
106,5.1190030,0.0044005,0.0006434
107,5.0613887,0.0044250,0.0006380
108,5.0049564,0.0044493,0.0006327
109,4.9495800,0.0044737,0.0006274
110,4.8951501,0.0044980,0.0006223
111,4.8415726,0.0045222,0.0006172
112,4.7887675,0.0045464,0.0006122
113,4.7366670,0.0045705,0.0006073
114,4.6852148,0.0045946,0.0006025
115,4.6343645,0.0046185,0.0005977
116,4.5840785,0.0046424,0.0005931
117,4.5343269,0.0046663,0.0005885
118,4.4850868,0.0046900,0.0005840
119,4.4363411,0.0047137,0.0005795
120,4.3880777,0.0047372,0.0005751
121,4.3402891,0.0047607,0.0005708
122,4.2929712,0.0047841,0.0005666
123,4.2461230,0.0048074,0.0005624
124,4.1997461,0.0048305,0.0005583
125,4.1538440,0.0048536,0.0005542
126,4.1084219,0.0048765,0.0005502
127,4.0634861,0.0048993,0.0005463
128,4.0190439,0.0049220,0.0005424
129,3.9751032,0.0049446,0.0005385
130,3.9316719,0.0049670,0.0005348
131,3.8887584,0.0049894,0.0005310
132,3.8463708,0.0050115,0.0005274
133,3.8045170,0.0050336,0.0005237
134,3.7632046,0.0050555,0.0005202
135,3.7224406,0.0050772,0.0005166
136,3.6822315,0.0050988,0.0005132
137,3.6425832,0.0051203,0.0005097
138,3.6035009,0.0051416,0.0005063
139,3.5649888,0.0051627,0.0005030
140,3.5270508,0.0051837,0.0004997
141,3.4896897,0.0052045,0.0004964
142,3.4529077,0.0052251,0.0004932
143,3.4167060,0.0052456,0.0004901
144,3.3810852,0.0052659,0.0004869
145,3.3460452,0.0052860,0.0004838
146,3.3115849,0.0053060,0.0004808
147,3.2777029,0.0053258,0.0004778
148,3.2443967,0.0053453,0.0004748
149,3.2116634,0.0053648,0.0004719
150,3.1794995,0.0053840,0.0004689
151,3.1479007,0.0054030,0.0004661
152,3.1168624,0.0054218,0.0004632
153,3.0863794,0.0054405,0.0004604
154,3.0564459,0.0054589,0.0004577
155,3.0270558,0.0054771,0.0004549
156,2.9982026,0.0054952,0.0004522
157,2.9698794,0.0055130,0.0004495
158,2.9420790,0.0055306,0.0004469
159,2.9147939,0.0055480,0.0004443
160,2.8880162,0.0055653,0.0004417
161,2.8617380,0.0055823,0.0004391
162,2.8359510,0.0055990,0.0004366
163,2.8106469,0.0056156,0.0004341
164,2.7858172,0.0056319,0.0004316
165,2.7614531,0.0056481,0.0004292
166,2.7375460,0.0056640,0.0004268
167,2.7140871,0.0056797,0.0004244
168,2.6910676,0.0056951,0.0004220
169,2.6684785,0.0057104,0.0004196
170,2.6463111,0.0057254,0.0004173
171,2.6245564,0.0057402,0.0004150
172,2.6032057,0.0057547,0.0004128
173,2.5822502,0.0057690,0.0004105
174,2.5616812,0.0057831,0.0004083
175,2.5414900,0.0057970,0.0004061
176,2.5216680,0.0058106,0.0004039
177,2.5022070,0.0058240,0.0004017
178,2.4830984,0.0058371,0.0003996
179,2.4643340,0.0058500,0.0003975
180,2.4459058,0.0058627,0.0003954
181,2.4278057,0.0058752,0.0003933
182,2.4100260,0.0058874,0.0003913
183,2.3925588,0.0058993,0.0003892
184,2.3753967,0.0059110,0.0003872
185,2.3585322,0.0059225,0.0003852
186,2.3419581,0.0059337,0.0003832
187,2.3256671,0.0059447,0.0003813
188,2.3096524,0.0059555,0.0003793
189,2.2939072,0.0059660,0.0003774
190,2.2784248,0.0059763,0.0003755
191,2.2631987,0.0059863,0.0003736
192,2.2482225,0.0059961,0.0003717
193,2.2334901,0.0060056,0.0003699
194,2.2189954,0.0060149,0.0003681
195,2.2047326,0.0060240,0.0003662
196,2.1906959,0.0060328,0.0003644
197,2.1768798,0.0060413,0.0003626
198,2.1632787,0.0060497,0.0003609
199,2.1498875,0.0060578,0.0003591
200,2.1367009,0.0060656,0.0003574
201,2.1237140,0.0060732,0.0003556
202,2.1109219,0.0060806,0.0003539
203,2.0983199,0.0060877,0.0003522
204,2.0859034,0.0060946,0.0003505
205,2.0736678,0.0061012,0.0003489
206,2.0616090,0.0061077,0.0003472
207,2.0497225,0.0061138,0.0003456
208,2.0380044,0.0061198,0.0003440
209,2.0264507,0.0061255,0.0003423
210,2.0150574,0.0061310,0.0003407
211,2.0038210,0.0061362,0.0003392
212,1.9927376,0.0061412,0.0003376
213,1.9818038,0.0061460,0.0003360
214,1.9710161,0.0061505,0.0003345
215,1.9603713,0.0061548,0.0003329
216,1.9498660,0.0061589,0.0003314
217,1.9394971,0.0061628,0.0003299
218,1.9292617,0.0061664,0.0003284
219,1.9191566,0.0061698,0.0003269
220,1.9091791,0.0061730,0.0003254
221,1.8993264,0.0061760,0.0003240
222,1.8895957,0.0061788,0.0003225
223,1.8799844,0.0061813,0.0003211
224,1.8704900,0.0061836,0.0003196
225,1.8611100,0.0061857,0.0003182
226,1.8518420,0.0061876,0.0003168
227,1.8426837,0.0061893,0.0003154
228,1.8336328,0.0061908,0.0003140
229,1.8246870,0.0061920,0.0003126
230,1.8158443,0.0061931,0.0003112
231,1.8071026,0.0061939,0.0003099
232,1.7984598,0.0061946,0.0003085
233,1.7899140,0.0061950,0.0003072
234,1.7814633,0.0061953,0.0003059
235,1.7731058,0.0061953,0.0003045
236,1.7648397,0.0061952,0.0003032
237,1.7566633,0.0061949,0.0003019
238,1.7485748,0.0061943,0.0003006
239,1.7405727,0.0061936,0.0002994
240,1.7326552,0.0061927,0.0002981
241,1.7248209,0.0061916,0.0002968
242,1.7170682,0.0061903,0.0002956
243,1.7093956,0.0061889,0.0002943
244,1.7018016,0.0061872,0.0002931
245,1.6942850,0.0061854,0.0002918
246,1.6868442,0.0061834,0.0002906
247,1.6794780,0.0061813,0.0002894
248,1.6721850,0.0061789,0.0002882
249,1.6649640,0.0061764,0.0002870
250,1.6578138,0.0061737,0.0002858
251,1.6507332,0.0061709,0.0002846
252,1.6437209,0.0061679,0.0002835
253,1.6367759,0.0061647,0.0002823
254,1.6298970,0.0061614,0.0002811
255,1.6230832,0.0061579,0.0002800
256,1.6163333,0.0061543,0.0002788
257,1.6096465,0.0061505,0.0002777
258,1.6030215,0.0061465,0.0002766
259,1.5964575,0.0061425,0.0002754
260,1.5899536,0.0061382,0.0002743
261,1.5835087,0.0061338,0.0002732
262,1.5771219,0.0061293,0.0002721
263,1.5707924,0.0061247,0.0002710
264,1.5645193,0.0061199,0.0002699
265,1.5583017,0.0061149,0.0002689
266,1.5521388,0.0061098,0.0002678
267,1.5460298,0.0061046,0.0002667
268,1.5399738,0.0060993,0.0002657
269,1.5339702,0.0060938,0.0002646
270,1.5280181,0.0060883,0.0002636
271,1.5221168,0.0060826,0.0002625
272,1.5162656,0.0060767,0.0002615
273,1.5104638,0.0060708,0.0002605
274,1.5047106,0.0060647,0.0002595
275,1.4990053,0.0060585,0.0002584
276,1.4933474,0.0060522,0.0002574
277,1.4877362,0.0060458,0.0002564
278,1.4821709,0.0060393,0.0002554
279,1.4766511,0.0060327,0.0002544
280,1.4711760,0.0060259,0.0002535
281,1.4657451,0.0060191,0.0002525
282,1.4603577,0.0060122,0.0002515
283,1.4550134,0.0060051,0.0002505
284,1.4497115,0.0059980,0.0002496
285,1.4444515,0.0059908,0.0002486
286,1.4392328,0.0059834,0.0002477
287,1.4340549,0.0059760,0.0002467
288,1.4289173,0.0059685,0.0002458
289,1.4238194,0.0059609,0.0002448
290,1.4187609,0.0059532,0.0002439
291,1.4137410,0.0059455,0.0002430
292,1.4087595,0.0059376,0.0002421
293,1.4038157,0.0059297,0.0002412
294,1.3989093,0.0059217,0.0002402
295,1.3940398,0.0059136,0.0002393
296,1.3892067,0.0059054,0.0002384
297,1.3844096,0.0058972,0.0002376
298,1.3796480,0.0058889,0.0002367
299,1.3749215,0.0058805,0.0002358
300,1.3702298,0.0058720,0.0002349
301,1.3655723,0.0058635,0.0002340
302,1.3609487,0.0058549,0.0002332
303,1.3563586,0.0058462,0.0002323
304,1.3518016,0.0058375,0.0002314
305,1.3472773,0.0058288,0.0002306
306,1.3427854,0.0058199,0.0002297
307,1.3383254,0.0058110,0.0002289
308,1.3338970,0.0058021,0.0002280
309,1.3294999,0.0057931,0.0002272
310,1.3251336,0.0057840,0.0002264
311,1.3207979,0.0057749,0.0002256
312,1.3164924,0.0057657,0.0002247
313,1.3122167,0.0057565,0.0002239
314,1.3079706,0.0057472,0.0002231
315,1.3037536,0.0057379,0.0002223
316,1.2995656,0.0057286,0.0002215
317,1.2954061,0.0057192,0.0002207
318,1.2912749,0.0057097,0.0002199
319,1.2871716,0.0057002,0.0002191
320,1.2830960,0.0056907,0.0002183
321,1.2790477,0.0056811,0.0002175
322,1.2750265,0.0056715,0.0002167
323,1.2710321,0.0056619,0.0002160
324,1.2670642,0.0056522,0.0002152
325,1.2631225,0.0056425,0.0002144
326,1.2592068,0.0056328,0.0002136
327,1.2553167,0.0056230,0.0002129
328,1.2514520,0.0056132,0.0002121
329,1.2476125,0.0056034,0.0002114
330,1.2437979,0.0055935,0.0002106
331,1.2400078,0.0055836,0.0002099
332,1.2362422,0.0055737,0.0002091
333,1.2325007,0.0055638,0.0002084
334,1.2287831,0.0055538,0.0002077
335,1.2250892,0.0055438,0.0002069
336,1.2214186,0.0055338,0.0002062
337,1.2177713,0.0055238,0.0002055
338,1.2141469,0.0055137,0.0002048
339,1.2105452,0.0055036,0.0002040
340,1.2069660,0.0054936,0.0002033
341,1.2034091,0.0054834,0.0002026
342,1.1998743,0.0054733,0.0002019
343,1.1963613,0.0054632,0.0002012
344,1.1928699,0.0054530,0.0002005
345,1.1894000,0.0054429,0.0001998
346,1.1859513,0.0054327,0.0001991
347,1.1825236,0.0054225,0.0001984
348,1.1791167,0.0054123,0.0001977
349,1.1757304,0.0054021,0.0001971
350,1.1723646,0.0053918,0.0001964
351,1.1690190,0.0053816,0.0001957
352,1.1656934,0.0053714,0.0001950
353,1.1623877,0.0053611,0.0001944
354,1.1591017,0.0053509,0.0001937
355,1.1558351,0.0053406,0.0001930
356,1.1525879,0.0053303,0.0001924
357,1.1493597,0.0053201,0.0001917
358,1.1461506,0.0053098,0.0001911
359,1.1429602,0.0052995,0.0001904
360,1.1397884,0.0052892,0.0001898
361,1.1366351,0.0052790,0.0001891
362,1.1335000,0.0052687,0.0001885
363,1.1303830,0.0052584,0.0001878
364,1.1272840,0.0052481,0.0001872
365,1.1242028,0.0052378,0.0001866
366,1.1211392,0.0052275,0.0001860
367,1.1180931,0.0052173,0.0001853
368,1.1150642,0.0052070,0.0001847
369,1.1120526,0.0051967,0.0001841
370,1.1090579,0.0051864,0.0001835
371,1.1060801,0.0051762,0.0001828
372,1.1031191,0.0051659,0.0001822
373,1.1001745,0.0051557,0.0001816
374,1.0972465,0.0051454,0.0001810
375,1.0943347,0.0051352,0.0001804
376,1.0914390,0.0051249,0.0001798
377,1.0885593,0.0051147,0.0001792
378,1.0856955,0.0051045,0.0001786
379,1.0828475,0.0050942,0.0001780
380,1.0800150,0.0050840,0.0001774
381,1.0771980,0.0050738,0.0001769
382,1.0743963,0.0050636,0.0001763
383,1.0716099,0.0050535,0.0001757
384,1.0688385,0.0050433,0.0001751
385,1.0660821,0.0050331,0.0001745
386,1.0633404,0.0050230,0.0001740
387,1.0606135,0.0050128,0.0001734
388,1.0579012,0.0050027,0.0001728
389,1.0552033,0.0049926,0.0001723
390,1.0525198,0.0049825,0.0001717
391,1.0498505,0.0049724,0.0001711
392,1.0471953,0.0049623,0.0001706
393,1.0445541,0.0049523,0.0001700
394,1.0419267,0.0049422,0.0001695
395,1.0393132,0.0049322,0.0001689
396,1.0367132,0.0049222,0.0001684
397,1.0341269,0.0049121,0.0001678
398,1.0315539,0.0049022,0.0001673
399,1.0289943,0.0048922,0.0001667
400,1.0264479,0.0048822,0.0001662
401,1.0239146,0.0048723,0.0001657
402,1.0213943,0.0048623,0.0001651
403,1.0188869,0.0048524,0.0001646
404,1.0163924,0.0048425,0.0001641
405,1.0139105,0.0048326,0.0001636
406,1.0114412,0.0048228,0.0001630
407,1.0089845,0.0048129,0.0001625
408,1.0065401,0.0048031,0.0001620
409,1.0041081,0.0047933,0.0001615
410,1.0016883,0.0047835,0.0001610
411,0.9992806,0.0047737,0.0001605
412,0.9968849,0.0047639,0.0001600
413,0.9945011,0.0047542,0.0001594
414,0.9921292,0.0047445,0.0001589
415,0.9897691,0.0047348,0.0001584
416,0.9874206,0.0047251,0.0001579
417,0.9850837,0.0047154,0.0001574
418,0.9827582,0.0047058,0.0001569
419,0.9804442,0.0046961,0.0001565
420,0.9781414,0.0046865,0.0001560
421,0.9758499,0.0046770,0.0001555
422,0.9735696,0.0046674,0.0001550
423,0.9713003,0.0046578,0.0001545
424,0.9690420,0.0046483,0.0001540
425,0.9667945,0.0046388,0.0001535
426,0.9645579,0.0046293,0.0001531
427,0.9623320,0.0046198,0.0001526
428,0.9601168,0.0046104,0.0001521
429,0.9579121,0.0046010,0.0001517
430,0.9557180,0.0045916,0.0001512
431,0.9535343,0.0045822,0.0001507
432,0.9513609,0.0045728,0.0001503
433,0.9491977,0.0045635,0.0001498
434,0.9470448,0.0045542,0.0001493
435,0.9449020,0.0045449,0.0001489
436,0.9427692,0.0045356,0.0001484
437,0.9406464,0.0045263,0.0001480
438,0.9385336,0.0045171,0.0001475
439,0.9364305,0.0045079,0.0001471
440,0.9343372,0.0044987,0.0001466
441,0.9322536,0.0044895,0.0001462
442,0.9301796,0.0044804,0.0001457
443,0.9281152,0.0044712,0.0001453
444,0.9260603,0.0044621,0.0001449
445,0.9240147,0.0044531,0.0001444
446,0.9219786,0.0044440,0.0001440
447,0.9199517,0.0044350,0.0001436
448,0.9179340,0.0044260,0.0001431
449,0.9159255,0.0044170,0.0001427
450,0.9139261,0.0044080,0.0001423
451,0.9119357,0.0043990,0.0001418
452,0.9099543,0.0043901,0.0001414
453,0.9079818,0.0043812,0.0001410
454,0.9060181,0.0043723,0.0001406
455,0.9040632,0.0043635,0.0001402
456,0.9021171,0.0043547,0.0001398
457,0.9001796,0.0043458,0.0001393
458,0.8982507,0.0043371,0.0001389
459,0.8963303,0.0043283,0.0001385
460,0.8944185,0.0043195,0.0001381
461,0.8925150,0.0043108,0.0001377
462,0.8906199,0.0043021,0.0001373
463,0.8887332,0.0042935,0.0001369
464,0.8868547,0.0042848,0.0001365
465,0.8849844,0.0042762,0.0001361
466,0.8831222,0.0042676,0.0001357
467,0.8812682,0.0042590,0.0001353
468,0.8794222,0.0042504,0.0001349
469,0.8775841,0.0042419,0.0001346
470,0.8757540,0.0042334,0.0001342
471,0.8739318,0.0042249,0.0001338
472,0.8721174,0.0042164,0.0001334
473,0.8703108,0.0042080,0.0001330
474,0.8685119,0.0041995,0.0001326
475,0.8667207,0.0041911,0.0001323
476,0.8649371,0.0041828,0.0001319
477,0.8631610,0.0041744,0.0001315
478,0.8613925,0.0041661,0.0001311
479,0.8596315,0.0041578,0.0001308
480,0.8578779,0.0041495,0.0001304
481,0.8561317,0.0041412,0.0001300
482,0.8543928,0.0041330,0.0001297
483,0.8526611,0.0041248,0.0001293
484,0.8509368,0.0041166,0.0001290
485,0.8492196,0.0041084,0.0001286
486,0.8475095,0.0041003,0.0001282
487,0.8458066,0.0040921,0.0001279
488,0.8441107,0.0040840,0.0001275
489,0.8424218,0.0040759,0.0001272
490,0.8407398,0.0040679,0.0001268
491,0.8390648,0.0040598,0.0001265
492,0.8373967,0.0040518,0.0001261
493,0.8357354,0.0040438,0.0001258
494,0.8340809,0.0040359,0.0001255
495,0.8324331,0.0040279,0.0001251
496,0.8307920,0.0040200,0.0001248
497,0.8291576,0.0040121,0.0001244
498,0.8275298,0.0040042,0.0001241
499,0.8259086,0.0039964,0.0001238
500,0.8242939,0.0039885,0.0001234
501,0.8226858,0.0039807,0.0001231
502,0.8210840,0.0039729,0.0001228
503,0.8194887,0.0039652,0.0001225
504,0.8178998,0.0039574,0.0001221
505,0.8163172,0.0039497,0.0001218
506,0.8147409,0.0039420,0.0001215
507,0.8131709,0.0039343,0.0001212
508,0.8116071,0.0039267,0.0001209
509,0.8100494,0.0039190,0.0001206
510,0.8084979,0.0039114,0.0001202
511,0.8069526,0.0039038,0.0001199
512,0.8054133,0.0038963,0.0001196
513,0.8038800,0.0038887,0.0001193
514,0.8023527,0.0038812,0.0001190
515,0.8008314,0.0038737,0.0001187
516,0.7993161,0.0038662,0.0001184
517,0.7978066,0.0038587,0.0001181
518,0.7963029,0.0038513,0.0001178
519,0.7948051,0.0038439,0.0001175
520,0.7933131,0.0038365,0.0001172
521,0.7918268,0.0038291,0.0001169
522,0.7903463,0.0038217,0.0001166
523,0.7888714,0.0038144,0.0001164
524,0.7874022,0.0038071,0.0001161
525,0.7859386,0.0037998,0.0001158
526,0.7844805,0.0037925,0.0001155
527,0.7830281,0.0037853,0.0001152
528,0.7815811,0.0037781,0.0001149
529,0.7801396,0.0037709,0.0001147
530,0.7787036,0.0037637,0.0001144
531,0.7772730,0.0037565,0.0001141
532,0.7758478,0.0037494,0.0001138
533,0.7744280,0.0037422,0.0001136
534,0.7730135,0.0037351,0.0001133
535,0.7716042,0.0037281,0.0001130
536,0.7702003,0.0037210,0.0001128
537,0.7688016,0.0037140,0.0001125
538,0.7674080,0.0037069,0.0001122
539,0.7660197,0.0036999,0.0001120
540,0.7646365,0.0036930,0.0001117
541,0.7632585,0.0036860,0.0001115
542,0.7618855,0.0036791,0.0001112
543,0.7605175,0.0036722,0.0001109
544,0.7591546,0.0036653,0.0001107
545,0.7577968,0.0036584,0.0001104
546,0.7564438,0.0036515,0.0001102
547,0.7550959,0.0036447,0.0001100
548,0.7537528,0.0036379,0.0001097
549,0.7524146,0.0036311,0.0001095
550,0.7510813,0.0036243,0.0001092
551,0.7497529,0.0036175,0.0001090
552,0.7484292,0.0036108,0.0001087
553,0.7471103,0.0036041,0.0001085
554,0.7457962,0.0035974,0.0001083
555,0.7444868,0.0035907,0.0001080
556,0.7431821,0.0035840,0.0001078
557,0.7418821,0.0035774,0.0001076
558,0.7405867,0.0035708,0.0001074
559,0.7392959,0.0035642,0.0001071
560,0.7380098,0.0035576,0.0001069
561,0.7367282,0.0035510,0.0001067
562,0.7354512,0.0035445,0.0001065
563,0.7341787,0.0035379,0.0001062
564,0.7329106,0.0035314,0.0001060
565,0.7316471,0.0035250,0.0001058
566,0.7303880,0.0035185,0.0001056
567,0.7291334,0.0035120,0.0001054
568,0.7278831,0.0035056,0.0001052
569,0.7266372,0.0034992,0.0001050
570,0.7253957,0.0034928,0.0001048
571,0.7241585,0.0034864,0.0001046
572,0.7229256,0.0034801,0.0001044
573,0.7216970,0.0034737,0.0001042
574,0.7204726,0.0034674,0.0001040
575,0.7192525,0.0034611,0.0001038
576,0.7180366,0.0034548,0.0001036
577,0.7168249,0.0034485,0.0001034
578,0.7156174,0.0034423,0.0001032
579,0.7144140,0.0034361,0.0001030
580,0.7132147,0.0034299,0.0001028
581,0.7120196,0.0034237,0.0001026
582,0.7108285,0.0034175,0.0001024
583,0.7096415,0.0034113,0.0001022
584,0.7084585,0.0034052,0.0001021
585,0.7072796,0.0033991,0.0001019
586,0.7061046,0.0033930,0.0001017
587,0.7049336,0.0033869,0.0001015
588,0.7037666,0.0033808,0.0001013
589,0.7026035,0.0033748,0.0001012
590,0.7014443,0.0033687,0.0001010
591,0.7002890,0.0033627,0.0001008
592,0.6991376,0.0033567,0.0001007
593,0.6979900,0.0033507,0.0001005
594,0.6968463,0.0033448,0.0001003
595,0.6957064,0.0033388,0.0001002
596,0.6945703,0.0033329,0.0001000
597,0.6934379,0.0033270,0.0000998
598,0.6923093,0.0033211,0.0000997
599,0.6911845,0.0033152,0.0000995
600,0.6900633,0.0033093,0.0000994
601,0.6889459,0.0033035,0.0000992
602,0.6878321,0.0032976,0.0000991
603,0.6867220,0.0032918,0.0000989
604,0.6856155,0.0032860,0.0000988
605,0.6845127,0.0032803,0.0000986
606,0.6834135,0.0032745,0.0000985
607,0.6823178,0.0032687,0.0000983
608,0.6812257,0.0032630,0.0000982
609,0.6801372,0.0032573,0.0000980
610,0.6790522,0.0032516,0.0000979
611,0.6779707,0.0032459,0.0000978
612,0.6768927,0.0032403,0.0000976
613,0.6758182,0.0032346,0.0000975
614,0.6747471,0.0032290,0.0000974
615,0.6736795,0.0032234,0.0000972
616,0.6726153,0.0032178,0.0000971
617,0.6715545,0.0032122,0.0000970
618,0.6704971,0.0032066,0.0000969
619,0.6694431,0.0032010,0.0000967
620,0.6683925,0.0031955,0.0000966
621,0.6673452,0.0031900,0.0000965
622,0.6663012,0.0031845,0.0000964
623,0.6652605,0.0031790,0.0000963
624,0.6642232,0.0031735,0.0000961
625,0.6631891,0.0031680,0.0000960
626,0.6621582,0.0031626,0.0000959
627,0.6611306,0.0031572,0.0000958
628,0.6601063,0.0031518,0.0000957
629,0.6590851,0.0031464,0.0000956
630,0.6580672,0.0031410,0.0000955
631,0.6570524,0.0031356,0.0000954
632,0.6560408,0.0031303,0.0000953
633,0.6550323,0.0031249,0.0000952
634,0.6540270,0.0031196,0.0000951
635,0.6530248,0.0031143,0.0000950
636,0.6520257,0.0031090,0.0000949
637,0.6510297,0.0031037,0.0000948
638,0.6500368,0.0030984,0.0000947
639,0.6490470,0.0030932,0.0000946
640,0.6480601,0.0030880,0.0000945
641,0.6470764,0.0030827,0.0000944
642,0.6460956,0.0030775,0.0000943
643,0.6451178,0.0030723,0.0000943
644,0.6441431,0.0030672,0.0000942
645,0.6431713,0.0030620,0.0000941
646,0.6422024,0.0030568,0.0000940
647,0.6412365,0.0030517,0.0000939
648,0.6402736,0.0030466,0.0000939
649,0.6393135,0.0030415,0.0000938
650,0.6383564,0.0030364,0.0000937
651,0.6374022,0.0030313,0.0000936
652,0.6364508,0.0030263,0.0000936
653,0.6355023,0.0030212,0.0000935
654,0.6345566,0.0030162,0.0000934
655,0.6336138,0.0030111,0.0000934
656,0.6326738,0.0030061,0.0000933
657,0.6317366,0.0030011,0.0000932
658,0.6308023,0.0029962,0.0000932
659,0.6298707,0.0029912,0.0000931
660,0.6289418,0.0029862,0.0000931
661,0.6280158,0.0029813,0.0000930
662,0.6270925,0.0029764,0.0000930
663,0.6261719,0.0029715,0.0000929
664,0.6252540,0.0029666,0.0000929
665,0.6243389,0.0029617,0.0000928
666,0.6234264,0.0029568,0.0000928
667,0.6225166,0.0029520,0.0000927
668,0.6216095,0.0029471,0.0000927
669,0.6207051,0.0029423,0.0000926
670,0.6198033,0.0029375,0.0000926
671,0.6189041,0.0029326,0.0000925
672,0.6180076,0.0029279,0.0000925
673,0.6171136,0.0029231,0.0000925
674,0.6162223,0.0029183,0.0000924
675,0.6153336,0.0029135,0.0000924
676,0.6144474,0.0029088,0.0000923
677,0.6135638,0.0029041,0.0000923
678,0.6126827,0.0028994,0.0000923
679,0.6118042,0.0028947,0.0000923
680,0.6109282,0.0028900,0.0000922
681,0.6100548,0.0028853,0.0000922
682,0.6091838,0.0028806,0.0000922
683,0.6083153,0.0028760,0.0000921
684,0.6074494,0.0028713,0.0000921
685,0.6065859,0.0028667,0.0000921
686,0.6057248,0.0028621,0.0000921
687,0.6048662,0.0028575,0.0000921
688,0.6040101,0.0028529,0.0000921
689,0.6031563,0.0028483,0.0000920
690,0.6023050,0.0028437,0.0000920
691,0.6014561,0.0028392,0.0000920
692,0.6006096,0.0028347,0.0000920
693,0.5997655,0.0028301,0.0000920
694,0.5989238,0.0028256,0.0000920
695,0.5980844,0.0028211,0.0000920
696,0.5972474,0.0028166,0.0000920
697,0.5964127,0.0028121,0.0000920
698,0.5955804,0.0028077,0.0000920
699,0.5947504,0.0028032,0.0000920
700,0.5939227,0.0027987,0.0000920
701,0.5930973,0.0027943,0.0000920
702,0.5922742,0.0027899,0.0000920
703,0.5914534,0.0027855,0.0000920
704,0.5906349,0.0027811,0.0000920
705,0.5898186,0.0027767,0.0000920
706,0.5890046,0.0027723,0.0000920
707,0.5881928,0.0027679,0.0000920
708,0.5873832,0.0027636,0.0000920
709,0.5865759,0.0027593,0.0000920
710,0.5857708,0.0027549,0.0000920
711,0.5849679,0.0027506,0.0000920
712,0.5841672,0.0027463,0.0000921
713,0.5833687,0.0027420,0.0000921
714,0.5825724,0.0027377,0.0000921
715,0.5817782,0.0027334,0.0000921
716,0.5809862,0.0027292,0.0000921
717,0.5801964,0.0027249,0.0000922
718,0.5794087,0.0027207,0.0000922
719,0.5786231,0.0027164,0.0000922
720,0.5778397,0.0027122,0.0000922
721,0.5770583,0.0027080,0.0000923
722,0.5762791,0.0027038,0.0000923
723,0.5755019,0.0026996,0.0000923
724,0.5747269,0.0026955,0.0000923
725,0.5739539,0.0026913,0.0000924
726,0.5731830,0.0026871,0.0000924
727,0.5724142,0.0026830,0.0000924
728,0.5716474,0.0026789,0.0000925
729,0.5708826,0.0026747,0.0000925
730,0.5701199,0.0026706,0.0000925
731,0.5693593,0.0026665,0.0000926
732,0.5686006,0.0026624,0.0000926
733,0.5678439,0.0026584,0.0000927
734,0.5670893,0.0026543,0.0000927
735,0.5663366,0.0026502,0.0000928
736,0.5655860,0.0026462,0.0000928
737,0.5648373,0.0026421,0.0000928
738,0.5640905,0.0026381,0.0000929
739,0.5633458,0.0026341,0.0000929
740,0.5626030,0.0026301,0.0000930
741,0.5618621,0.0026261,0.0000930
742,0.5611232,0.0026221,0.0000931
743,0.5603862,0.0026181,0.0000931
744,0.5596511,0.0026142,0.0000932
745,0.5589179,0.0026102,0.0000932
746,0.5581866,0.0026063,0.0000933
747,0.5574573,0.0026023,0.0000934
748,0.5567298,0.0025984,0.0000934
749,0.5560042,0.0025945,0.0000935
750,0.5552805,0.0025906,0.0000935
751,0.5545586,0.0025867,0.0000936
752,0.5538386,0.0025828,0.0000937
753,0.5531205,0.0025789,0.0000937
754,0.5524042,0.0025750,0.0000938
755,0.5516897,0.0025712,0.0000938
756,0.5509771,0.0025673,0.0000939
757,0.5502663,0.0025635,0.0000940
758,0.5495573,0.0025597,0.0000940
759,0.5488501,0.0025558,0.0000941
760,0.5481447,0.0025520,0.0000942
761,0.5474411,0.0025482,0.0000943
762,0.5467393,0.0025444,0.0000943
763,0.5460392,0.0025407,0.0000944
764,0.5453410,0.0025369,0.0000945
765,0.5446445,0.0025331,0.0000945
766,0.5439497,0.0025294,0.0000946
767,0.5432568,0.0025256,0.0000947
768,0.5425655,0.0025219,0.0000948
769,0.5418760,0.0025182,0.0000949
770,0.5411882,0.0025144,0.0000949
771,0.5405022,0.0025107,0.0000950
772,0.5398178,0.0025070,0.0000951
773,0.5391352,0.0025034,0.0000952
774,0.5384542,0.0024997,0.0000953
775,0.5377750,0.0024960,0.0000953
776,0.5370975,0.0024923,0.0000954
777,0.5364216,0.0024887,0.0000955
778,0.5357474,0.0024850,0.0000956
779,0.5350749,0.0024814,0.0000957
780,0.5344040,0.0024778,0.0000958
781,0.5337348,0.0024742,0.0000959
782,0.5330673,0.0024706,0.0000960
783,0.5324014,0.0024670,0.0000961
784,0.5317371,0.0024634,0.0000961
785,0.5310745,0.0024598,0.0000962
786,0.5304135,0.0024562,0.0000963
787,0.5297541,0.0024526,0.0000964
788,0.5290963,0.0024491,0.0000965
789,0.5284401,0.0024455,0.0000966
790,0.5277855,0.0024420,0.0000967
791,0.5271325,0.0024385,0.0000968
792,0.5264812,0.0024349,0.0000969
793,0.5258313,0.0024314,0.0000970
794,0.5251831,0.0024279,0.0000971
795,0.5245364,0.0024244,0.0000972
796,0.5238913,0.0024209,0.0000973
797,0.5232478,0.0024175,0.0000974
798,0.5226058,0.0024140,0.0000975
799,0.5219653,0.0024105,0.0000976
800,0.5213264,0.0024071,0.0000977
801,0.5206890,0.0024036,0.0000978
802,0.5200532,0.0024002,0.0000979
803,0.5194188,0.0023968,0.0000980
804,0.5187860,0.0023933,0.0000981
805,0.5181547,0.0023899,0.0000983
806,0.5175249,0.0023865,0.0000984
807,0.5168966,0.0023831,0.0000985
808,0.5162698,0.0023797,0.0000986
809,0.5156445,0.0023764,0.0000987
810,0.5150207,0.0023730,0.0000988
811,0.5143983,0.0023696,0.0000989
812,0.5137774,0.0023663,0.0000990
813,0.5131580,0.0023629,0.0000991
814,0.5125400,0.0023596,0.0000993
815,0.5119235,0.0023562,0.0000994
816,0.5113085,0.0023529,0.0000995
817,0.5106949,0.0023496,0.0000996
818,0.5100827,0.0023463,0.0000997
819,0.5094720,0.0023430,0.0000998
820,0.5088626,0.0023397,0.0001000
821,0.5082548,0.0023364,0.0001001
822,0.5076483,0.0023331,0.0001002
823,0.5070432,0.0023298,0.0001003
824,0.5064396,0.0023266,0.0001004
825,0.5058373,0.0023233,0.0001006
826,0.5052365,0.0023201,0.0001007
827,0.5046370,0.0023168,0.0001008
828,0.5040389,0.0023136,0.0001009
829,0.5034423,0.0023104,0.0001011
830,0.5028469,0.0023072,0.0001012
831,0.5022530,0.0023040,0.0001013
832,0.5016604,0.0023007,0.0001014
833,0.5010692,0.0022976,0.0001016
834,0.5004793,0.0022944,0.0001017
835,0.4998908,0.0022912,0.0001018
836,0.4993037,0.0022880,0.0001019
837,0.4987179,0.0022848,0.0001021
838,0.4981334,0.0022817,0.0001022
839,0.4975502,0.0022785,0.0001023
840,0.4969684,0.0022754,0.0001025
841,0.4963879,0.0022723,0.0001026
842,0.4958087,0.0022691,0.0001027
843,0.4952309,0.0022660,0.0001029
844,0.4946543,0.0022629,0.0001030
845,0.4940791,0.0022598,0.0001031
846,0.4935051,0.0022567,0.0001033
847,0.4929324,0.0022536,0.0001034
848,0.4923611,0.0022505,0.0001035
849,0.4917910,0.0022474,0.0001037
850,0.4912222,0.0022443,0.0001038
851,0.4906546,0.0022413,0.0001039
852,0.4900884,0.0022382,0.0001041
853,0.4895234,0.0022352,0.0001042
854,0.4889597,0.0022321,0.0001043
855,0.4883972,0.0022291,0.0001045
856,0.4878360,0.0022260,0.0001046
857,0.4872760,0.0022230,0.0001048
858,0.4867173,0.0022200,0.0001049
859,0.4861598,0.0022170,0.0001050
860,0.4856035,0.0022140,0.0001052
861,0.4850485,0.0022110,0.0001053
862,0.4844947,0.0022080,0.0001055
863,0.4839422,0.0022050,0.0001056
864,0.4833908,0.0022020,0.0001058
865,0.4828407,0.0021991,0.0001059
866,0.4822918,0.0021961,0.0001060
867,0.4817441,0.0021932,0.0001062
868,0.4811976,0.0021902,0.0001063
869,0.4806522,0.0021873,0.0001065
870,0.4801081,0.0021843,0.0001066
871,0.4795652,0.0021814,0.0001068
872,0.4790234,0.0021785,0.0001069
873,0.4784829,0.0021756,0.0001071
874,0.4779435,0.0021726,0.0001072
875,0.4774053,0.0021697,0.0001073
876,0.4768682,0.0021668,0.0001075
877,0.4763323,0.0021640,0.0001076
878,0.4757976,0.0021611,0.0001078
879,0.4752641,0.0021582,0.0001079
880,0.4747316,0.0021553,0.0001081
881,0.4742004,0.0021524,0.0001082
882,0.4736703,0.0021496,0.0001084
883,0.4731413,0.0021467,0.0001085
884,0.4726134,0.0021439,0.0001087
885,0.4720867,0.0021410,0.0001088
886,0.4715612,0.0021382,0.0001090
887,0.4710367,0.0021354,0.0001091
888,0.4705134,0.0021326,0.0001093
889,0.4699912,0.0021298,0.0001094
890,0.4694701,0.0021269,0.0001096
891,0.4689501,0.0021241,0.0001098
892,0.4684312,0.0021213,0.0001099
893,0.4679134,0.0021185,0.0001101
894,0.4673968,0.0021158,0.0001102
895,0.4668812,0.0021130,0.0001104
896,0.4663667,0.0021102,0.0001105
897,0.4658533,0.0021074,0.0001107
898,0.4653410,0.0021047,0.0001108
899,0.4648297,0.0021019,0.0001110
900,0.4643196,0.0020992,0.0001111
901,0.4638105,0.0020964,0.0001113
902,0.4633025,0.0020937,0.0001115
903,0.4627955,0.0020910,0.0001116
904,0.4622897,0.0020882,0.0001118
905,0.4617848,0.0020855,0.0001119
906,0.4612811,0.0020828,0.0001121
907,0.4607783,0.0020801,0.0001122
908,0.4602767,0.0020774,0.0001124
909,0.4597761,0.0020747,0.0001126
910,0.4592765,0.0020720,0.0001127
911,0.4587779,0.0020693,0.0001129
912,0.4582804,0.0020667,0.0001130
913,0.4577839,0.0020640,0.0001132
914,0.4572885,0.0020613,0.0001134
915,0.4567941,0.0020587,0.0001135
916,0.4563007,0.0020560,0.0001137
917,0.4558083,0.0020534,0.0001138
918,0.4553169,0.0020507,0.0001140
919,0.4548266,0.0020481,0.0001142
920,0.4543372,0.0020454,0.0001143
921,0.4538489,0.0020428,0.0001145
922,0.4533615,0.0020402,0.0001146
923,0.4528752,0.0020376,0.0001148
924,0.4523898,0.0020350,0.0001150
925,0.4519055,0.0020324,0.0001151
926,0.4514221,0.0020298,0.0001153
927,0.4509397,0.0020272,0.0001155
928,0.4504583,0.0020246,0.0001156
929,0.4499779,0.0020220,0.0001158
930,0.4494985,0.0020194,0.0001160
931,0.4490200,0.0020169,0.0001161
932,0.4485425,0.0020143,0.0001163
933,0.4480659,0.0020117,0.0001164
934,0.4475904,0.0020092,0.0001166
935,0.4471158,0.0020066,0.0001168
936,0.4466421,0.0020041,0.0001169
937,0.4461694,0.0020015,0.0001171
938,0.4456976,0.0019990,0.0001173
939,0.4452268,0.0019965,0.0001174
940,0.4447570,0.0019939,0.0001176
941,0.4442881,0.0019914,0.0001178
942,0.4438201,0.0019889,0.0001179
943,0.4433530,0.0019864,0.0001181
944,0.4428869,0.0019839,0.0001183
945,0.4424218,0.0019814,0.0001184
946,0.4419575,0.0019789,0.0001186
947,0.4414942,0.0019764,0.0001188
948,0.4410318,0.0019739,0.0001189
949,0.4405703,0.0019715,0.0001191
950,0.4401097,0.0019690,0.0001193
951,0.4396500,0.0019665,0.0001194
952,0.4391913,0.0019641,0.0001196
953,0.4387334,0.0019616,0.0001198
954,0.4382765,0.0019592,0.0001199
955,0.4378205,0.0019567,0.0001201
956,0.4373653,0.0019543,0.0001203
957,0.4369111,0.0019518,0.0001205
958,0.4364577,0.0019494,0.0001206
959,0.4360053,0.0019470,0.0001208
960,0.4355537,0.0019446,0.0001210
961,0.4351030,0.0019422,0.0001211
962,0.4346532,0.0019397,0.0001213
963,0.4342042,0.0019373,0.0001215
964,0.4337562,0.0019349,0.0001216
965,0.4333090,0.0019325,0.0001218
966,0.4328627,0.0019301,0.0001220
967,0.4324172,0.0019278,0.0001222
968,0.4319727,0.0019254,0.0001223
969,0.4315289,0.0019230,0.0001225
970,0.4310861,0.0019206,0.0001227
971,0.4306441,0.0019183,0.0001228
972,0.4302029,0.0019159,0.0001230
973,0.4297626,0.0019135,0.0001232
974,0.4293232,0.0019112,0.0001233
975,0.4288846,0.0019088,0.0001235
976,0.4284468,0.0019065,0.0001237
977,0.4280099,0.0019042,0.0001239
978,0.4275738,0.0019018,0.0001240
979,0.4271386,0.0018995,0.0001242
980,0.4267042,0.0018972,0.0001244
981,0.4262706,0.0018949,0.0001246
982,0.4258379,0.0018925,0.0001247
983,0.4254060,0.0018902,0.0001249
984,0.4249749,0.0018879,0.0001251
985,0.4245446,0.0018856,0.0001252
986,0.4241151,0.0018833,0.0001254
987,0.4236865,0.0018810,0.0001256
988,0.4232587,0.0018787,0.0001258
989,0.4228317,0.0018765,0.0001259
990,0.4224055,0.0018742,0.0001261
991,0.4219801,0.0018719,0.0001263
992,0.4215555,0.0018696,0.0001265
993,0.4211317,0.0018674,0.0001266
994,0.4207087,0.0018651,0.0001268
995,0.4202865,0.0018629,0.0001270
996,0.4198651,0.0018606,0.0001271
997,0.4194445,0.0018584,0.0001273
998,0.4190246,0.0018561,0.0001275
999,0.4186056,0.0018539,0.0001277
1000,0.4181873,0.0018517,0.0001278
1001,0.4177699,0.0018494,0.0001280
1002,0.4173532,0.0018472,0.0001282
1003,0.4169373,0.0018450,0.0001284
1004,0.4165221,0.0018428,0.0001285
1005,0.4161078,0.0018406,0.0001287
1006,0.4156942,0.0018384,0.0001289
1007,0.4152814,0.0018362,0.0001291
1008,0.4148693,0.0018340,0.0001292
1009,0.4144580,0.0018318,0.0001294
1010,0.4140475,0.0018296,0.0001296
1011,0.4136377,0.0018274,0.0001298
1012,0.4132287,0.0018252,0.0001299
1013,0.4128204,0.0018230,0.0001301
1014,0.4124129,0.0018209,0.0001303
1015,0.4120062,0.0018187,0.0001305
1016,0.4116002,0.0018165,0.0001306
1017,0.4111949,0.0018144,0.0001308
1018,0.4107904,0.0018122,0.0001310
1019,0.4103866,0.0018101,0.0001312
1020,0.4099836,0.0018079,0.0001313
1021,0.4095813,0.0018058,0.0001315
1022,0.4091797,0.0018036,0.0001317
1023,0.4087789,0.0018015,0.0001319
1024,0.4083788,0.0017994,0.0001320
1025,0.4079794,0.0017972,0.0001322
1026,0.4075808,0.0017951,0.0001324
1027,0.4071828,0.0017930,0.0001326
1028,0.4067856,0.0017909,0.0001327
1029,0.4063892,0.0017888,0.0001329
1030,0.4059934,0.0017867,0.0001331
1031,0.4055984,0.0017846,0.0001333
1032,0.4052040,0.0017825,0.0001334
1033,0.4048104,0.0017804,0.0001336
1034,0.4044175,0.0017783,0.0001338
1035,0.4040253,0.0017762,0.0001340
1036,0.4036338,0.0017741,0.0001341
1037,0.4032430,0.0017720,0.0001343
1038,0.4028529,0.0017700,0.0001345
1039,0.4024636,0.0017679,0.0001347
1040,0.4020749,0.0017658,0.0001348
1041,0.4016869,0.0017638,0.0001350
1042,0.4012996,0.0017617,0.0001352
1043,0.4009130,0.0017597,0.0001354
1044,0.4005271,0.0017576,0.0001355
1045,0.4001418,0.0017556,0.0001357
1046,0.3997573,0.0017535,0.0001359
1047,0.3993734,0.0017515,0.0001361
1048,0.3989903,0.0017495,0.0001363
1049,0.3986078,0.0017474,0.0001364
1050,0.3982259,0.0017454,0.0001366
1051,0.3978448,0.0017434,0.0001368
1052,0.3974643,0.0017414,0.0001370
1053,0.3970845,0.0017393,0.0001371
1054,0.3967054,0.0017373,0.0001373
1055,0.3963270,0.0017353,0.0001375
1056,0.3959492,0.0017333,0.0001377
1057,0.3955721,0.0017313,0.0001378
1058,0.3951956,0.0017293,0.0001380
1059,0.3948198,0.0017273,0.0001382
1060,0.3944447,0.0017253,0.0001384
1061,0.3940702,0.0017234,0.0001385
1062,0.3936963,0.0017214,0.0001387
1063,0.3933232,0.0017194,0.0001389
1064,0.3929507,0.0017174,0.0001391
1065,0.3925788,0.0017155,0.0001392
1066,0.3922076,0.0017135,0.0001394
1067,0.3918370,0.0017115,0.0001396
1068,0.3914671,0.0017096,0.0001398
1069,0.3910978,0.0017076,0.0001399
1070,0.3907291,0.0017057,0.0001401
1071,0.3903611,0.0017037,0.0001403
1072,0.3899938,0.0017018,0.0001405
1073,0.3896270,0.0016998,0.0001406
1074,0.3892609,0.0016979,0.0001408
1075,0.3888955,0.0016960,0.0001410
1076,0.3885306,0.0016940,0.0001412
1077,0.3881664,0.0016921,0.0001413
1078,0.3878028,0.0016902,0.0001415
1079,0.3874399,0.0016883,0.0001417
1080,0.3870775,0.0016863,0.0001419
1081,0.3867158,0.0016844,0.0001421
1082,0.3863547,0.0016825,0.0001422
1083,0.3859943,0.0016806,0.0001424
1084,0.3856344,0.0016787,0.0001426
1085,0.3852752,0.0016768,0.0001428
1086,0.3849166,0.0016749,0.0001429
1087,0.3845585,0.0016730,0.0001431
1088,0.3842011,0.0016711,0.0001433
1089,0.3838443,0.0016693,0.0001435
1090,0.3834882,0.0016674,0.0001436
1091,0.3831326,0.0016655,0.0001438
1092,0.3827776,0.0016636,0.0001440
1093,0.3824232,0.0016618,0.0001442
1094,0.3820694,0.0016599,0.0001443
1095,0.3817163,0.0016580,0.0001445
1096,0.3813637,0.0016562,0.0001447
1097,0.3810117,0.0016543,0.0001449
1098,0.3806603,0.0016525,0.0001450
1099,0.3803095,0.0016506,0.0001452
1100,0.3799593,0.0016488,0.0001454
1101,0.3796097,0.0016469,0.0001456
1102,0.3792606,0.0016451,0.0001457
1103,0.3789122,0.0016432,0.0001459
1104,0.3785643,0.0016414,0.0001461
1105,0.3782171,0.0016396,0.0001463
1106,0.3778704,0.0016378,0.0001464
1107,0.3775242,0.0016359,0.0001466
1108,0.3771787,0.0016341,0.0001468
1109,0.3768337,0.0016323,0.0001470
1110,0.3764893,0.0016305,0.0001471
1111,0.3761455,0.0016287,0.0001473
1112,0.3758023,0.0016269,0.0001475
1113,0.3754596,0.0016251,0.0001476
1114,0.3751175,0.0016233,0.0001478
1115,0.3747760,0.0016215,0.0001480
1116,0.3744350,0.0016197,0.0001482
1117,0.3740946,0.0016179,0.0001483
1118,0.3737547,0.0016161,0.0001485
1119,0.3734154,0.0016143,0.0001487
1120,0.3730767,0.0016125,0.0001489
1121,0.3727385,0.0016107,0.0001490
1122,0.3724009,0.0016090,0.0001492
1123,0.3720639,0.0016072,0.0001494
1124,0.3717274,0.0016054,0.0001496
1125,0.3713914,0.0016037,0.0001497
1126,0.3710560,0.0016019,0.0001499
1127,0.3707212,0.0016001,0.0001501
1128,0.3703869,0.0015984,0.0001503
1129,0.3700531,0.0015966,0.0001504
1130,0.3697199,0.0015949,0.0001506
1131,0.3693873,0.0015931,0.0001508
1132,0.3690551,0.0015914,0.0001510
1133,0.3687236,0.0015897,0.0001511
1134,0.3683925,0.0015879,0.0001513
1135,0.3680620,0.0015862,0.0001515
1136,0.3677320,0.0015845,0.0001516
1137,0.3674026,0.0015827,0.0001518
1138,0.3670737,0.0015810,0.0001520
1139,0.3667453,0.0015793,0.0001522
1140,0.3664175,0.0015776,0.0001523
1141,0.3660902,0.0015758,0.0001525
1142,0.3657634,0.0015741,0.0001527
1143,0.3654372,0.0015724,0.0001529
1144,0.3651115,0.0015707,0.0001530
1145,0.3647863,0.0015690,0.0001532
1146,0.3644616,0.0015673,0.0001534
1147,0.3641374,0.0015656,0.0001535
1148,0.3638138,0.0015639,0.0001537
1149,0.3634907,0.0015622,0.0001539
1150,0.3631681,0.0015605,0.0001541
1151,0.3628460,0.0015588,0.0001542
1152,0.3625244,0.0015572,0.0001544
1153,0.3622034,0.0015555,0.0001546
1154,0.3618828,0.0015538,0.0001547
1155,0.3615628,0.0015521,0.0001549
1156,0.3612433,0.0015505,0.0001551
1157,0.3609243,0.0015488,0.0001553
1158,0.3606058,0.0015471,0.0001554
1159,0.3602878,0.0015455,0.0001556
1160,0.3599703,0.0015438,0.0001558
1161,0.3596533,0.0015421,0.0001559
1162,0.3593368,0.0015405,0.0001561
1163,0.3590208,0.0015388,0.0001563
1164,0.3587053,0.0015372,0.0001565
1165,0.3583903,0.0015355,0.0001566
1166,0.3580758,0.0015339,0.0001568
1167,0.3577618,0.0015323,0.0001570
1168,0.3574483,0.0015306,0.0001571
1169,0.3571353,0.0015290,0.0001573
1170,0.3568228,0.0015274,0.0001575
1171,0.3565108,0.0015257,0.0001576
1172,0.3561992,0.0015241,0.0001578
1173,0.3558882,0.0015225,0.0001580
1174,0.3555776,0.0015209,0.0001582
1175,0.3552675,0.0015192,0.0001583
1176,0.3549579,0.0015176,0.0001585
1177,0.3546488,0.0015160,0.0001587
1178,0.3543402,0.0015144,0.0001588
1179,0.3540321,0.0015128,0.0001590
1180,0.3537244,0.0015112,0.0001592
1181,0.3534172,0.0015096,0.0001593
1182,0.3531105,0.0015080,0.0001595
1183,0.3528042,0.0015064,0.0001597
1184,0.3524985,0.0015048,0.0001598
1185,0.3521932,0.0015032,0.0001600
1186,0.3518884,0.0015016,0.0001602
1187,0.3515840,0.0015000,0.0001604
1188,0.3512802,0.0014985,0.0001605
1189,0.3509768,0.0014969,0.0001607
1190,0.3506738,0.0014953,0.0001609
1191,0.3503713,0.0014937,0.0001610
1192,0.3500693,0.0014922,0.0001612
1193,0.3497678,0.0014906,0.0001614
1194,0.3494667,0.0014890,0.0001615
1195,0.3491661,0.0014875,0.0001617
1196,0.3488659,0.0014859,0.0001619
1197,0.3485662,0.0014843,0.0001620
1198,0.3482670,0.0014828,0.0001622
1199,0.3479682,0.0014812,0.0001624
1200,0.3476699,0.0014797,0.0001625
1201,0.3473720,0.0014781,0.0001627
1202,0.3470746,0.0014766,0.0001629
1203,0.3467776,0.0014750,0.0001630
1204,0.3464811,0.0014735,0.0001632
1205,0.3461851,0.0014720,0.0001634
1206,0.3458895,0.0014704,0.0001635
1207,0.3455943,0.0014689,0.0001637
1208,0.3452996,0.0014674,0.0001639
1209,0.3450053,0.0014658,0.0001640
1210,0.3447115,0.0014643,0.0001642
1211,0.3444181,0.0014628,0.0001644
1212,0.3441252,0.0014613,0.0001645
1213,0.3438327,0.0014598,0.0001647
1214,0.3435406,0.0014582,0.0001649
1215,0.3432490,0.0014567,0.0001650
1216,0.3429579,0.0014552,0.0001652
1217,0.3426671,0.0014537,0.0001654
1218,0.3423768,0.0014522,0.0001655
1219,0.3420870,0.0014507,0.0001657
1220,0.3417975,0.0014492,0.0001659
1221,0.3415085,0.0014477,0.0001660
1222,0.3412200,0.0014462,0.0001662
1223,0.3409318,0.0014447,0.0001664
1224,0.3406441,0.0014432,0.0001665
1225,0.3403569,0.0014417,0.0001667
1226,0.3400700,0.0014403,0.0001669
1227,0.3397836,0.0014388,0.0001670
1228,0.3394976,0.0014373,0.0001672
1229,0.3392121,0.0014358,0.0001673
1230,0.3389269,0.0014343,0.0001675
1231,0.3386422,0.0014329,0.0001677
1232,0.3383579,0.0014314,0.0001678
1233,0.3380740,0.0014299,0.0001680
1234,0.3377906,0.0014285,0.0001682
1235,0.3375075,0.0014270,0.0001683
1236,0.3372249,0.0014255,0.0001685
1237,0.3369427,0.0014241,0.0001687
1238,0.3366609,0.0014226,0.0001688
1239,0.3363796,0.0014212,0.0001690
1240,0.3360986,0.0014197,0.0001691
1241,0.3358181,0.0014183,0.0001693
1242,0.3355379,0.0014168,0.0001695
1243,0.3352582,0.0014154,0.0001696
1244,0.3349789,0.0014139,0.0001698
1245,0.3347000,0.0014125,0.0001700
1246,0.3344215,0.0014111,0.0001701
1247,0.3341435,0.0014096,0.0001703
1248,0.3338658,0.0014082,0.0001704
1249,0.3335885,0.0014068,0.0001706
1250,0.3333116,0.0014053,0.0001708
1251,0.3330352,0.0014039,0.0001709
1252,0.3327591,0.0014025,0.0001711
1253,0.3324835,0.0014011,0.0001713
1254,0.3322082,0.0013996,0.0001714
1255,0.3319333,0.0013982,0.0001716
1256,0.3316589,0.0013968,0.0001717
1257,0.3313848,0.0013954,0.0001719
1258,0.3311112,0.0013940,0.0001721
1259,0.3308379,0.0013926,0.0001722
1260,0.3305650,0.0013912,0.0001724
1261,0.3302925,0.0013898,0.0001725
1262,0.3300205,0.0013884,0.0001727
1263,0.3297488,0.0013870,0.0001729
1264,0.3294775,0.0013856,0.0001730
1265,0.3292065,0.0013842,0.0001732
1266,0.3289360,0.0013828,0.0001733
1267,0.3286659,0.0013814,0.0001735
1268,0.3283961,0.0013800,0.0001737
1269,0.3281268,0.0013786,0.0001738
1270,0.3278578,0.0013772,0.0001740
1271,0.3275892,0.0013759,0.0001741
1272,0.3273210,0.0013745,0.0001743
1273,0.3270532,0.0013731,0.0001745
1274,0.3267858,0.0013717,0.0001746
1275,0.3265187,0.0013704,0.0001748
1276,0.3262520,0.0013690,0.0001749
1277,0.3259857,0.0013676,0.0001751
1278,0.3257198,0.0013662,0.0001753
1279,0.3254543,0.0013649,0.0001754
1280,0.3251891,0.0013635,0.0001756
1281,0.3249243,0.0013622,0.0001757
1282,0.3246599,0.0013608,0.0001759
1283,0.3243959,0.0013595,0.0001760
1284,0.3241322,0.0013581,0.0001762
1285,0.3238689,0.0013567,0.0001764
1286,0.3236060,0.0013554,0.0001765
1287,0.3233435,0.0013541,0.0001767
1288,0.3230813,0.0013527,0.0001768
1289,0.3228195,0.0013514,0.0001770
1290,0.3225581,0.0013500,0.0001771
1291,0.3222970,0.0013487,0.0001773
1292,0.3220363,0.0013474,0.0001775
1293,0.3217759,0.0013460,0.0001776
1294,0.3215160,0.0013447,0.0001778
1295,0.3212564,0.0013434,0.0001779
1296,0.3209971,0.0013420,0.0001781
1297,0.3207382,0.0013407,0.0001782
1298,0.3204797,0.0013394,0.0001784
1299,0.3202216,0.0013381,0.0001785
1300,0.3199638,0.0013367,0.0001787
1301,0.3197063,0.0013354,0.0001789
1302,0.3194492,0.0013341,0.0001790
1303,0.3191925,0.0013328,0.0001792
1304,0.3189362,0.0013315,0.0001793
1305,0.3186801,0.0013302,0.0001795
1306,0.3184245,0.0013289,0.0001796
1307,0.3181692,0.0013276,0.0001798
1308,0.3179142,0.0013263,0.0001799
1309,0.3176597,0.0013250,0.0001801
1310,0.3174054,0.0013237,0.0001802
1311,0.3171515,0.0013224,0.0001804
1312,0.3168980,0.0013211,0.0001806
1313,0.3166448,0.0013198,0.0001807
1314,0.3163920,0.0013185,0.0001809
1315,0.3161395,0.0013172,0.0001810
1316,0.3158873,0.0013159,0.0001812
1317,0.3156355,0.0013146,0.0001813
1318,0.3153841,0.0013133,0.0001815
1319,0.3151330,0.0013121,0.0001816
1320,0.3148822,0.0013108,0.0001818
1321,0.3146318,0.0013095,0.0001819
1322,0.3143817,0.0013082,0.0001821
1323,0.3141320,0.0013069,0.0001822
1324,0.3138826,0.0013057,0.0001824
1325,0.3136335,0.0013044,0.0001825
1326,0.3133848,0.0013031,0.0001827
1327,0.3131365,0.0013019,0.0001828
1328,0.3128884,0.0013006,0.0001830
1329,0.3126407,0.0012993,0.0001832
1330,0.3123934,0.0012981,0.0001833
1331,0.3121464,0.0012968,0.0001835
1332,0.3118997,0.0012956,0.0001836
1333,0.3116533,0.0012943,0.0001838
1334,0.3114073,0.0012931,0.0001839
1335,0.3111616,0.0012918,0.0001841
1336,0.3109162,0.0012906,0.0001842
1337,0.3106712,0.0012893,0.0001844
1338,0.3104265,0.0012881,0.0001845
1339,0.3101822,0.0012868,0.0001847
1340,0.3099381,0.0012856,0.0001848
1341,0.3096944,0.0012844,0.0001850
1342,0.3094511,0.0012831,0.0001851
1343,0.3092080,0.0012819,0.0001853
1344,0.3089653,0.0012806,0.0001854
1345,0.3087229,0.0012794,0.0001856
1346,0.3084808,0.0012782,0.0001857
1347,0.3082391,0.0012770,0.0001859
1348,0.3079977,0.0012757,0.0001860
1349,0.3077566,0.0012745,0.0001862
1350,0.3075158,0.0012733,0.0001863
1351,0.3072753,0.0012721,0.0001865
1352,0.3070352,0.0012708,0.0001866
1353,0.3067954,0.0012696,0.0001867
1354,0.3065559,0.0012684,0.0001869
1355,0.3063167,0.0012672,0.0001870
1356,0.3060778,0.0012660,0.0001872
1357,0.3058393,0.0012648,0.0001873
1358,0.3056011,0.0012636,0.0001875
1359,0.3053632,0.0012624,0.0001876
1360,0.3051256,0.0012612,0.0001878
1361,0.3048883,0.0012600,0.0001879
1362,0.3046513,0.0012588,0.0001881
1363,0.3044147,0.0012576,0.0001882
1364,0.3041783,0.0012564,0.0001884
1365,0.3039423,0.0012552,0.0001885
1366,0.3037066,0.0012540,0.0001887
1367,0.3034712,0.0012528,0.0001888
1368,0.3032361,0.0012516,0.0001890
1369,0.3030013,0.0012504,0.0001891
1370,0.3027668,0.0012492,0.0001892
1371,0.3025327,0.0012480,0.0001894
1372,0.3022988,0.0012468,0.0001895
1373,0.3020653,0.0012457,0.0001897
1374,0.3018320,0.0012445,0.0001898
1375,0.3015991,0.0012433,0.0001900
1376,0.3013664,0.0012421,0.0001901
1377,0.3011341,0.0012410,0.0001903
1378,0.3009021,0.0012398,0.0001904
1379,0.3006703,0.0012386,0.0001905
1380,0.3004389,0.0012374,0.0001907
1381,0.3002078,0.0012363,0.0001908
1382,0.2999769,0.0012351,0.0001910
1383,0.2997464,0.0012339,0.0001911
1384,0.2995162,0.0012328,0.0001913
1385,0.2992863,0.0012316,0.0001914
1386,0.2990566,0.0012305,0.0001916
1387,0.2988273,0.0012293,0.0001917
1388,0.2985983,0.0012281,0.0001918
1389,0.2983695,0.0012270,0.0001920
1390,0.2981411,0.0012258,0.0001921
1391,0.2979130,0.0012247,0.0001923
1392,0.2976851,0.0012235,0.0001924
1393,0.2974575,0.0012224,0.0001926
1394,0.2972303,0.0012212,0.0001927
1395,0.2970033,0.0012201,0.0001928
1396,0.2967766,0.0012190,0.0001930
1397,0.2965502,0.0012178,0.0001931
1398,0.2963241,0.0012167,0.0001933
1399,0.2960983,0.0012155,0.0001934
1400,0.2958728,0.0012144,0.0001935
1401,0.2956476,0.0012133,0.0001937
1402,0.2954226,0.0012121,0.0001938
1403,0.2951980,0.0012110,0.0001940
1404,0.2949736,0.0012099,0.0001941
1405,0.2947495,0.0012088,0.0001943
1406,0.2945257,0.0012076,0.0001944
1407,0.2943022,0.0012065,0.0001945
1408,0.2940790,0.0012054,0.0001947
1409,0.2938560,0.0012043,0.0001948
1410,0.2936334,0.0012031,0.0001950
1411,0.2934110,0.0012020,0.0001951
1412,0.2931889,0.0012009,0.0001952
1413,0.2929671,0.0011998,0.0001954
1414,0.2927456,0.0011987,0.0001955
1415,0.2925243,0.0011976,0.0001956
1416,0.2923034,0.0011965,0.0001958
1417,0.2920827,0.0011954,0.0001959
1418,0.2918622,0.0011942,0.0001961
1419,0.2916421,0.0011931,0.0001962
1420,0.2914223,0.0011920,0.0001963
1421,0.2912027,0.0011909,0.0001965
1422,0.2909834,0.0011898,0.0001966
1423,0.2907643,0.0011887,0.0001968
1424,0.2905456,0.0011876,0.0001969
1425,0.2903271,0.0011865,0.0001970
1426,0.2901089,0.0011855,0.0001972
1427,0.2898910,0.0011844,0.0001973
1428,0.2896733,0.0011833,0.0001974
1429,0.2894559,0.0011822,0.0001976
1430,0.2892388,0.0011811,0.0001977
1431,0.2890220,0.0011800,0.0001979
1432,0.2888054,0.0011789,0.0001980
1433,0.2885891,0.0011778,0.0001981
1434,0.2883731,0.0011768,0.0001983
1435,0.2881573,0.0011757,0.0001984
1436,0.2879418,0.0011746,0.0001985
1437,0.2877266,0.0011735,0.0001987
1438,0.2875116,0.0011724,0.0001988
1439,0.2872970,0.0011714,0.0001989
1440,0.2870825,0.0011703,0.0001991
1441,0.2868684,0.0011692,0.0001992
1442,0.2866545,0.0011682,0.0001993
1443,0.2864408,0.0011671,0.0001995
1444,0.2862275,0.0011660,0.0001996
1445,0.2860144,0.0011650,0.0001997
1446,0.2858015,0.0011639,0.0001999
1447,0.2855890,0.0011628,0.0002000
1448,0.2853766,0.0011618,0.0002001
1449,0.2851646,0.0011607,0.0002003
1450,0.2849528,0.0011597,0.0002004
1451,0.2847413,0.0011586,0.0002005
1452,0.2845300,0.0011575,0.0002007
1453,0.2843190,0.0011565,0.0002008
1454,0.2841082,0.0011554,0.0002009
1455,0.2838977,0.0011544,0.0002011
1456,0.2836875,0.0011533,0.0002012
1457,0.2834775,0.0011523,0.0002013
1458,0.2832678,0.0011512,0.0002015
1459,0.2830583,0.0011502,0.0002016
1460,0.2828491,0.0011492,0.0002017
1461,0.2826402,0.0011481,0.0002019
1462,0.2824315,0.0011471,0.0002020
1463,0.2822230,0.0011460,0.0002021
1464,0.2820148,0.0011450,0.0002023
1465,0.2818069,0.0011440,0.0002024
1466,0.2815992,0.0011429,0.0002025
1467,0.2813917,0.0011419,0.0002027
1468,0.2811846,0.0011409,0.0002028
1469,0.2809776,0.0011398,0.0002029
1470,0.2807709,0.0011388,0.0002031
1471,0.2805645,0.0011378,0.0002032
1472,0.2803583,0.0011368,0.0002033
1473,0.2801524,0.0011357,0.0002034
1474,0.2799467,0.0011347,0.0002036
1475,0.2797413,0.0011337,0.0002037
1476,0.2795361,0.0011327,0.0002038
1477,0.2793311,0.0011316,0.0002040
1478,0.2791264,0.0011306,0.0002041
1479,0.2789220,0.0011296,0.0002042
1480,0.2787178,0.0011286,0.0002044
1481,0.2785138,0.0011276,0.0002045
1482,0.2783101,0.0011266,0.0002046
1483,0.2781066,0.0011256,0.0002047
1484,0.2779034,0.0011246,0.0002049
1485,0.2777004,0.0011235,0.0002050
1486,0.2774977,0.0011225,0.0002051
1487,0.2772952,0.0011215,0.0002052
1488,0.2770929,0.0011205,0.0002054
1489,0.2768909,0.0011195,0.0002055
1490,0.2766891,0.0011185,0.0002056
1491,0.2764876,0.0011175,0.0002058
1492,0.2762863,0.0011165,0.0002059
1493,0.2760852,0.0011155,0.0002060
1494,0.2758844,0.0011145,0.0002061
1495,0.2756838,0.0011135,0.0002063
1496,0.2754835,0.0011125,0.0002064
1497,0.2752834,0.0011116,0.0002065
1498,0.2750835,0.0011106,0.0002066
1499,0.2748839,0.0011096,0.0002068
1500,0.2746845,0.0011086,0.0002069
1501,0.2744853,0.0011076,0.0002070
1502,0.2742864,0.0011066,0.0002071
1503,0.2740877,0.0011056,0.0002073
1504,0.2738892,0.0011047,0.0002074
1505,0.2736910,0.0011037,0.0002075
1506,0.2734930,0.0011027,0.0002076
1507,0.2732952,0.0011017,0.0002078
1508,0.2730977,0.0011007,0.0002079
1509,0.2729004,0.0010998,0.0002080
1510,0.2727034,0.0010988,0.0002081
1511,0.2725065,0.0010978,0.0002083
1512,0.2723099,0.0010968,0.0002084
1513,0.2721136,0.0010959,0.0002085
1514,0.2719174,0.0010949,0.0002086
1515,0.2717215,0.0010939,0.0002088
1516,0.2715258,0.0010930,0.0002089
1517,0.2713304,0.0010920,0.0002090
1518,0.2711351,0.0010910,0.0002091
1519,0.2709401,0.0010901,0.0002093
1520,0.2707453,0.0010891,0.0002094
1521,0.2705508,0.0010882,0.0002095
1522,0.2703565,0.0010872,0.0002096
1523,0.2701624,0.0010862,0.0002097
1524,0.2699685,0.0010853,0.0002099
1525,0.2697749,0.0010843,0.0002100
1526,0.2695814,0.0010834,0.0002101
1527,0.2693882,0.0010824,0.0002102
1528,0.2691953,0.0010815,0.0002104
1529,0.2690025,0.0010805,0.0002105
1530,0.2688100,0.0010796,0.0002106
1531,0.2686177,0.0010786,0.0002107
1532,0.2684256,0.0010777,0.0002108
1533,0.2682337,0.0010767,0.0002110
1534,0.2680421,0.0010758,0.0002111
1535,0.2678506,0.0010749,0.0002112
1536,0.2676594,0.0010739,0.0002113
1537,0.2674684,0.0010730,0.0002114
1538,0.2672777,0.0010720,0.0002116
1539,0.2670871,0.0010711,0.0002117
1540,0.2668968,0.0010702,0.0002118
1541,0.2667067,0.0010692,0.0002119
1542,0.2665168,0.0010683,0.0002120
1543,0.2663271,0.0010674,0.0002122
1544,0.2661376,0.0010664,0.0002123
1545,0.2659484,0.0010655,0.0002124
1546,0.2657594,0.0010646,0.0002125
1547,0.2655705,0.0010636,0.0002126
1548,0.2653819,0.0010627,0.0002127
1549,0.2651936,0.0010618,0.0002129
1550,0.2650054,0.0010609,0.0002130
1551,0.2648174,0.0010599,0.0002131
1552,0.2646297,0.0010590,0.0002132
1553,0.2644422,0.0010581,0.0002133
1554,0.2642548,0.0010572,0.0002135
1555,0.2640677,0.0010563,0.0002136
1556,0.2638808,0.0010554,0.0002137
1557,0.2636941,0.0010544,0.0002138
1558,0.2635077,0.0010535,0.0002139
1559,0.2633214,0.0010526,0.0002140
1560,0.2631353,0.0010517,0.0002141
1561,0.2629495,0.0010508,0.0002143
1562,0.2627639,0.0010499,0.0002144
1563,0.2625784,0.0010490,0.0002145
1564,0.2623932,0.0010481,0.0002146
1565,0.2622082,0.0010472,0.0002147
1566,0.2620234,0.0010463,0.0002148
1567,0.2618388,0.0010454,0.0002150
1568,0.2616544,0.0010444,0.0002151
1569,0.2614702,0.0010435,0.0002152
1570,0.2612863,0.0010426,0.0002153
1571,0.2611025,0.0010417,0.0002154
1572,0.2609189,0.0010409,0.0002155
1573,0.2607356,0.0010400,0.0002156
1574,0.2605524,0.0010391,0.0002158
1575,0.2603694,0.0010382,0.0002159
1576,0.2601867,0.0010373,0.0002160
1577,0.2600041,0.0010364,0.0002161
1578,0.2598218,0.0010355,0.0002162
1579,0.2596397,0.0010346,0.0002163
1580,0.2594577,0.0010337,0.0002164
1581,0.2592760,0.0010328,0.0002166
1582,0.2590944,0.0010319,0.0002167
1583,0.2589131,0.0010311,0.0002168
1584,0.2587320,0.0010302,0.0002169
1585,0.2585510,0.0010293,0.0002170
1586,0.2583703,0.0010284,0.0002171
1587,0.2581898,0.0010275,0.0002172
1588,0.2580094,0.0010266,0.0002173
1589,0.2578293,0.0010258,0.0002174
1590,0.2576494,0.0010249,0.0002176
1591,0.2574696,0.0010240,0.0002177
1592,0.2572901,0.0010231,0.0002178
1593,0.2571107,0.0010223,0.0002179
1594,0.2569316,0.0010214,0.0002180
1595,0.2567526,0.0010205,0.0002181
1596,0.2565739,0.0010196,0.0002182
1597,0.2563953,0.0010188,0.0002183
1598,0.2562169,0.0010179,0.0002184
1599,0.2560388,0.0010170,0.0002186
1600,0.2558608,0.0010162,0.0002187
1601,0.2556830,0.0010153,0.0002188
1602,0.2555054,0.0010144,0.0002189
1603,0.2553280,0.0010136,0.0002190
1604,0.2551508,0.0010127,0.0002191
1605,0.2549738,0.0010119,0.0002192
1606,0.2547970,0.0010110,0.0002193
1607,0.2546204,0.0010101,0.0002194
1608,0.2544439,0.0010093,0.0002195
1609,0.2542677,0.0010084,0.0002196
1610,0.2540916,0.0010076,0.0002197
1611,0.2539158,0.0010067,0.0002199
1612,0.2537401,0.0010059,0.0002200
1613,0.2535646,0.0010050,0.0002201
1614,0.2533893,0.0010042,0.0002202
1615,0.2532142,0.0010033,0.0002203
1616,0.2530393,0.0010025,0.0002204
1617,0.2528646,0.0010016,0.0002205
1618,0.2526901,0.0010008,0.0002206
1619,0.2525157,0.0009999,0.0002207
1620,0.2523416,0.0009991,0.0002208
1621,0.2521676,0.0009982,0.0002209
1622,0.2519938,0.0009974,0.0002210
1623,0.2518202,0.0009966,0.0002211
1624,0.2516468,0.0009957,0.0002212
1625,0.2514736,0.0009949,0.0002213
1626,0.2513005,0.0009940,0.0002215
1627,0.2511277,0.0009932,0.0002216
1628,0.2509550,0.0009924,0.0002217
1629,0.2507825,0.0009915,0.0002218
1630,0.2506102,0.0009907,0.0002219
1631,0.2504381,0.0009899,0.0002220
1632,0.2502661,0.0009890,0.0002221
1633,0.2500944,0.0009882,0.0002222
1634,0.2499228,0.0009874,0.0002223
1635,0.2497514,0.0009865,0.0002224
1636,0.2495802,0.0009857,0.0002225
1637,0.2494092,0.0009849,0.0002226
1638,0.2492384,0.0009841,0.0002227
1639,0.2490677,0.0009832,0.0002228
1640,0.2488972,0.0009824,0.0002229
1641,0.2487269,0.0009816,0.0002230
1642,0.2485568,0.0009808,0.0002231
1643,0.2483869,0.0009799,0.0002232
1644,0.2482171,0.0009791,0.0002233
1645,0.2480475,0.0009783,0.0002234
1646,0.2478781,0.0009775,0.0002235
1647,0.2477089,0.0009767,0.0002236
1648,0.2475398,0.0009759,0.0002237
1649,0.2473710,0.0009750,0.0002238
1650,0.2472023,0.0009742,0.0002239
1651,0.2470338,0.0009734,0.0002240
1652,0.2468654,0.0009726,0.0002241
1653,0.2466973,0.0009718,0.0002242
1654,0.2465293,0.0009710,0.0002243
1655,0.2463615,0.0009702,0.0002244
1656,0.2461938,0.0009694,0.0002245
1657,0.2460264,0.0009686,0.0002246
1658,0.2458591,0.0009678,0.0002247
1659,0.2456920,0.0009670,0.0002248
1660,0.2455250,0.0009661,0.0002249
1661,0.2453583,0.0009653,0.0002250
1662,0.2451917,0.0009645,0.0002251
1663,0.2450253,0.0009637,0.0002252
1664,0.2448590,0.0009629,0.0002253
1665,0.2446930,0.0009621,0.0002254
1666,0.2445271,0.0009613,0.0002255
1667,0.2443613,0.0009605,0.0002256
1668,0.2441958,0.0009598,0.0002257
1669,0.2440304,0.0009590,0.0002258
1670,0.2438652,0.0009582,0.0002259
1671,0.2437002,0.0009574,0.0002260
1672,0.2435353,0.0009566,0.0002261
1673,0.2433706,0.0009558,0.0002262
1674,0.2432061,0.0009550,0.0002263
1675,0.2430417,0.0009542,0.0002264
1676,0.2428775,0.0009534,0.0002265
1677,0.2427135,0.0009526,0.0002266
1678,0.2425496,0.0009518,0.0002267
1679,0.2423860,0.0009511,0.0002268
1680,0.2422224,0.0009503,0.0002269
1681,0.2420591,0.0009495,0.0002270
1682,0.2418959,0.0009487,0.0002271
1683,0.2417329,0.0009479,0.0002272
1684,0.2415701,0.0009471,0.0002273
1685,0.2414074,0.0009464,0.0002274
1686,0.2412449,0.0009456,0.0002275
1687,0.2410825,0.0009448,0.0002276
1688,0.2409203,0.0009440,0.0002277
1689,0.2407583,0.0009433,0.0002278
1690,0.2405965,0.0009425,0.0002279
1691,0.2404348,0.0009417,0.0002280
1692,0.2402733,0.0009409,0.0002280
1693,0.2401119,0.0009402,0.0002281
1694,0.2399507,0.0009394,0.0002282
1695,0.2397897,0.0009386,0.0002283
1696,0.2396288,0.0009379,0.0002284
1697,0.2394681,0.0009371,0.0002285
1698,0.2393076,0.0009363,0.0002286
1699,0.2391472,0.0009356,0.0002287
1700,0.2389870,0.0009348,0.0002288
1701,0.2388269,0.0009340,0.0002289
1702,0.2386670,0.0009333,0.0002290
1703,0.2385073,0.0009325,0.0002291
1704,0.2383477,0.0009317,0.0002292
1705,0.2381883,0.0009310,0.0002293
1706,0.2380291,0.0009302,0.0002294
1707,0.2378700,0.0009294,0.0002294
1708,0.2377110,0.0009287,0.0002295
1709,0.2375523,0.0009279,0.0002296
1710,0.2373937,0.0009272,0.0002297
1711,0.2372352,0.0009264,0.0002298
1712,0.2370769,0.0009257,0.0002299
1713,0.2369188,0.0009249,0.0002300
1714,0.2367608,0.0009242,0.0002301
1715,0.2366030,0.0009234,0.0002302
1716,0.2364453,0.0009227,0.0002303
1717,0.2362878,0.0009219,0.0002304
1718,0.2361305,0.0009212,0.0002305
1719,0.2359733,0.0009204,0.0002305
1720,0.2358163,0.0009197,0.0002306
1721,0.2356594,0.0009189,0.0002307
1722,0.2355027,0.0009182,0.0002308
1723,0.2353461,0.0009174,0.0002309
1724,0.2351897,0.0009167,0.0002310
1725,0.2350334,0.0009159,0.0002311
1726,0.2348773,0.0009152,0.0002312
1727,0.2347214,0.0009144,0.0002313
1728,0.2345656,0.0009137,0.0002313
1729,0.2344100,0.0009130,0.0002314
1730,0.2342545,0.0009122,0.0002315
1731,0.2340992,0.0009115,0.0002316
1732,0.2339440,0.0009108,0.0002317
1733,0.2337890,0.0009100,0.0002318
1734,0.2336341,0.0009093,0.0002319
1735,0.2334794,0.0009085,0.0002320
1736,0.2333248,0.0009078,0.0002320
1737,0.2331704,0.0009071,0.0002321
1738,0.2330161,0.0009063,0.0002322
1739,0.2328620,0.0009056,0.0002323
1740,0.2327081,0.0009049,0.0002324
1741,0.2325543,0.0009042,0.0002325
1742,0.2324006,0.0009034,0.0002326
1743,0.2322471,0.0009027,0.0002327
1744,0.2320937,0.0009020,0.0002327
1745,0.2319405,0.0009012,0.0002328
1746,0.2317875,0.0009005,0.0002329
1747,0.2316346,0.0008998,0.0002330
1748,0.2314818,0.0008991,0.0002331
1749,0.2313292,0.0008983,0.0002332
1750,0.2311767,0.0008976,0.0002333
1751,0.2310244,0.0008969,0.0002333
1752,0.2308723,0.0008962,0.0002334
1753,0.2307203,0.0008955,0.0002335
1754,0.2305684,0.0008947,0.0002336
1755,0.2304167,0.0008940,0.0002337
1756,0.2302651,0.0008933,0.0002338
1757,0.2301137,0.0008926,0.0002338
1758,0.2299624,0.0008919,0.0002339
1759,0.2298112,0.0008912,0.0002340
1760,0.2296603,0.0008904,0.0002341
1761,0.2295094,0.0008897,0.0002342
1762,0.2293587,0.0008890,0.0002343
1763,0.2292082,0.0008883,0.0002343
1764,0.2290577,0.0008876,0.0002344
1765,0.2289075,0.0008869,0.0002345
1766,0.2287574,0.0008862,0.0002346
1767,0.2286074,0.0008855,0.0002347
1768,0.2284576,0.0008848,0.0002348
1769,0.2283079,0.0008841,0.0002348
1770,0.2281583,0.0008834,0.0002349
1771,0.2280089,0.0008827,0.0002350
1772,0.2278597,0.0008819,0.0002351
1773,0.2277106,0.0008812,0.0002352
1774,0.2275616,0.0008805,0.0002352
1775,0.2274128,0.0008798,0.0002353
1776,0.2272641,0.0008791,0.0002354
1777,0.2271155,0.0008784,0.0002355
1778,0.2269671,0.0008777,0.0002356
1779,0.2268189,0.0008770,0.0002357
1780,0.2266707,0.0008763,0.0002357
1781,0.2265228,0.0008756,0.0002358
1782,0.2263749,0.0008749,0.0002359
1783,0.2262272,0.0008743,0.0002360
1784,0.2260797,0.0008736,0.0002361
1785,0.2259322,0.0008729,0.0002361
1786,0.2257850,0.0008722,0.0002362
1787,0.2256378,0.0008715,0.0002363
1788,0.2254908,0.0008708,0.0002364
1789,0.2253440,0.0008701,0.0002364
1790,0.2251972,0.0008694,0.0002365
1791,0.2250507,0.0008687,0.0002366
1792,0.2249042,0.0008680,0.0002367
1793,0.2247579,0.0008673,0.0002368
1794,0.2246117,0.0008667,0.0002368
1795,0.2244657,0.0008660,0.0002369
1796,0.2243198,0.0008653,0.0002370
1797,0.2241740,0.0008646,0.0002371
1798,0.2240284,0.0008639,0.0002371
1799,0.2238829,0.0008632,0.0002372
1800,0.2237376,0.0008626,0.0002373
1801,0.2235924,0.0008619,0.0002374
1802,0.2234473,0.0008612,0.0002375
1803,0.2233024,0.0008605,0.0002375
1804,0.2231576,0.0008598,0.0002376
1805,0.2230129,0.0008592,0.0002377
1806,0.2228683,0.0008585,0.0002378
1807,0.2227239,0.0008578,0.0002378
1808,0.2225797,0.0008571,0.0002379
1809,0.2224355,0.0008565,0.0002380
1810,0.2222915,0.0008558,0.0002381
1811,0.2221477,0.0008551,0.0002381
1812,0.2220040,0.0008544,0.0002382
1813,0.2218604,0.0008538,0.0002383
1814,0.2217169,0.0008531,0.0002384
1815,0.2215736,0.0008524,0.0002384
1816,0.2214304,0.0008517,0.0002385
1817,0.2212873,0.0008511,0.0002386
1818,0.2211444,0.0008504,0.0002387
1819,0.2210016,0.0008497,0.0002387
1820,0.2208589,0.0008491,0.0002388
1821,0.2207164,0.0008484,0.0002389
1822,0.2205740,0.0008477,0.0002390
1823,0.2204317,0.0008471,0.0002390
1824,0.2202895,0.0008464,0.0002391
1825,0.2201475,0.0008457,0.0002392
1826,0.2200056,0.0008451,0.0002392
1827,0.2198639,0.0008444,0.0002393
1828,0.2197223,0.0008438,0.0002394
1829,0.2195808,0.0008431,0.0002395
1830,0.2194394,0.0008424,0.0002395
1831,0.2192982,0.0008418,0.0002396
1832,0.2191571,0.0008411,0.0002397
1833,0.2190161,0.0008405,0.0002397
1834,0.2188752,0.0008398,0.0002398
1835,0.2187345,0.0008392,0.0002399
1836,0.2185939,0.0008385,0.0002400
1837,0.2184535,0.0008378,0.0002400
1838,0.2183131,0.0008372,0.0002401
1839,0.2181729,0.0008365,0.0002402
1840,0.2180329,0.0008359,0.0002402
1841,0.2178929,0.0008352,0.0002403
1842,0.2177531,0.0008346,0.0002404
1843,0.2176134,0.0008339,0.0002405
1844,0.2174738,0.0008333,0.0002405
1845,0.2173344,0.0008326,0.0002406
1846,0.2171951,0.0008320,0.0002407
1847,0.2170559,0.0008313,0.0002407
1848,0.2169168,0.0008307,0.0002408
1849,0.2167779,0.0008300,0.0002409
1850,0.2166391,0.0008294,0.0002409
1851,0.2165004,0.0008288,0.0002410
1852,0.2163618,0.0008281,0.0002411
1853,0.2162234,0.0008275,0.0002411
1854,0.2160851,0.0008268,0.0002412
1855,0.2159469,0.0008262,0.0002413
1856,0.2158088,0.0008255,0.0002413
1857,0.2156709,0.0008249,0.0002414
1858,0.2155330,0.0008243,0.0002415
1859,0.2153953,0.0008236,0.0002416
1860,0.2152578,0.0008230,0.0002416
1861,0.2151203,0.0008224,0.0002417
1862,0.2149830,0.0008217,0.0002418
1863,0.2148458,0.0008211,0.0002418
1864,0.2147087,0.0008204,0.0002419
1865,0.2145718,0.0008198,0.0002420
1866,0.2144349,0.0008192,0.0002420
1867,0.2142982,0.0008185,0.0002421
1868,0.2141616,0.0008179,0.0002422
1869,0.2140252,0.0008173,0.0002422
1870,0.2138888,0.0008166,0.0002423
1871,0.2137526,0.0008160,0.0002423
1872,0.2136165,0.0008154,0.0002424
1873,0.2134805,0.0008148,0.0002425
1874,0.2133446,0.0008141,0.0002425
1875,0.2132089,0.0008135,0.0002426
1876,0.2130733,0.0008129,0.0002427
1877,0.2129378,0.0008122,0.0002427
1878,0.2128024,0.0008116,0.0002428
1879,0.2126671,0.0008110,0.0002429
1880,0.2125320,0.0008104,0.0002429
1881,0.2123969,0.0008097,0.0002430
1882,0.2122620,0.0008091,0.0002431
1883,0.2121273,0.0008085,0.0002431
1884,0.2119926,0.0008079,0.0002432
1885,0.2118580,0.0008073,0.0002432
1886,0.2117236,0.0008066,0.0002433
1887,0.2115893,0.0008060,0.0002434
1888,0.2114551,0.0008054,0.0002434
1889,0.2113210,0.0008048,0.0002435
1890,0.2111871,0.0008042,0.0002436
1891,0.2110532,0.0008035,0.0002436
1892,0.2109195,0.0008029,0.0002437
1893,0.2107859,0.0008023,0.0002437
1894,0.2106524,0.0008017,0.0002438
1895,0.2105190,0.0008011,0.0002439
1896,0.2103857,0.0008005,0.0002439
1897,0.2102526,0.0007999,0.0002440
1898,0.2101196,0.0007992,0.0002441
1899,0.2099867,0.0007986,0.0002441
1900,0.2098539,0.0007980,0.0002442
1901,0.2097212,0.0007974,0.0002442
1902,0.2095886,0.0007968,0.0002443
1903,0.2094562,0.0007962,0.0002444
1904,0.2093238,0.0007956,0.0002444
1905,0.2091916,0.0007950,0.0002445
1906,0.2090595,0.0007944,0.0002445
1907,0.2089275,0.0007938,0.0002446
1908,0.2087956,0.0007931,0.0002447
1909,0.2086639,0.0007925,0.0002447
1910,0.2085322,0.0007919,0.0002448
1911,0.2084007,0.0007913,0.0002448
1912,0.2082693,0.0007907,0.0002449
1913,0.2081380,0.0007901,0.0002450
1914,0.2080068,0.0007895,0.0002450
1915,0.2078757,0.0007889,0.0002451
1916,0.2077447,0.0007883,0.0002451
1917,0.2076138,0.0007877,0.0002452
1918,0.2074831,0.0007871,0.0002452
1919,0.2073525,0.0007865,0.0002453
1920,0.2072219,0.0007859,0.0002454
1921,0.2070915,0.0007853,0.0002454
1922,0.2069612,0.0007847,0.0002455
1923,0.2068311,0.0007841,0.0002455
1924,0.2067010,0.0007835,0.0002456
1925,0.2065710,0.0007829,0.0002456
1926,0.2064412,0.0007823,0.0002457
1927,0.2063114,0.0007817,0.0002458
1928,0.2061818,0.0007812,0.0002458
1929,0.2060523,0.0007806,0.0002459
1930,0.2059229,0.0007800,0.0002459
1931,0.2057936,0.0007794,0.0002460
1932,0.2056644,0.0007788,0.0002460
1933,0.2055353,0.0007782,0.0002461
1934,0.2054063,0.0007776,0.0002461
1935,0.2052774,0.0007770,0.0002462
1936,0.2051487,0.0007764,0.0002463
1937,0.2050200,0.0007758,0.0002463
1938,0.2048915,0.0007753,0.0002464
1939,0.2047631,0.0007747,0.0002464
1940,0.2046348,0.0007741,0.0002465
1941,0.2045065,0.0007735,0.0002465
1942,0.2043784,0.0007729,0.0002466
1943,0.2042505,0.0007723,0.0002466
1944,0.2041226,0.0007717,0.0002467
1945,0.2039948,0.0007712,0.0002467
1946,0.2038671,0.0007706,0.0002468
1947,0.2037396,0.0007700,0.0002469
1948,0.2036121,0.0007694,0.0002469
1949,0.2034847,0.0007688,0.0002470
1950,0.2033575,0.0007683,0.0002470
1951,0.2032304,0.0007677,0.0002471
1952,0.2031033,0.0007671,0.0002471
1953,0.2029764,0.0007665,0.0002472
1954,0.2028496,0.0007659,0.0002472
1955,0.2027229,0.0007654,0.0002473
1956,0.2025963,0.0007648,0.0002473
1957,0.2024698,0.0007642,0.0002474
1958,0.2023434,0.0007636,0.0002474
1959,0.2022171,0.0007631,0.0002475
1960,0.2020909,0.0007625,0.0002475
1961,0.2019648,0.0007619,0.0002476
1962,0.2018389,0.0007613,0.0002476
1963,0.2017130,0.0007608,0.0002477
1964,0.2015872,0.0007602,0.0002477
1965,0.2014616,0.0007596,0.0002478
1966,0.2013360,0.0007591,0.0002478
1967,0.2012105,0.0007585,0.0002479
1968,0.2010852,0.0007579,0.0002479
1969,0.2009600,0.0007573,0.0002480
1970,0.2008348,0.0007568,0.0002480
1971,0.2007098,0.0007562,0.0002481
1972,0.2005848,0.0007556,0.0002481
1973,0.2004600,0.0007551,0.0002482
1974,0.2003353,0.0007545,0.0002482
1975,0.2002106,0.0007539,0.0002483
1976,0.2000861,0.0007534,0.0002483
1977,0.1999617,0.0007528,0.0002484
1978,0.1998374,0.0007522,0.0002484
1979,0.1997132,0.0007517,0.0002485
1980,0.1995891,0.0007511,0.0002485
1981,0.1994650,0.0007506,0.0002486
1982,0.1993411,0.0007500,0.0002486
1983,0.1992173,0.0007494,0.0002487
1984,0.1990936,0.0007489,0.0002487
1985,0.1989700,0.0007483,0.0002488
1986,0.1988465,0.0007478,0.0002488
1987,0.1987231,0.0007472,0.0002489
1988,0.1985998,0.0007466,0.0002489
1989,0.1984766,0.0007461,0.0002490
1990,0.1983535,0.0007455,0.0002490
1991,0.1982305,0.0007450,0.0002490
1992,0.1981076,0.0007444,0.0002491
1993,0.1979848,0.0007439,0.0002491
1994,0.1978621,0.0007433,0.0002492
1995,0.1977394,0.0007428,0.0002492
1996,0.1976169,0.0007422,0.0002493
1997,0.1974945,0.0007416,0.0002493
1998,0.1973722,0.0007411,0.0002494
1999,0.1972500,0.0007405,0.0002494
2000,0.1971279,0.0007400,0.0002495
2001,0.1970059,0.0007394,0.0002495
2002,0.1968840,0.0007389,0.0002495
2003,0.1967622,0.0007383,0.0002496
2004,0.1966405,0.0007378,0.0002496
2005,0.1965188,0.0007372,0.0002497
2006,0.1963973,0.0007367,0.0002497
2007,0.1962759,0.0007361,0.0002498
2008,0.1961546,0.0007356,0.0002498
2009,0.1960334,0.0007351,0.0002499
2010,0.1959122,0.0007345,0.0002499
2011,0.1957912,0.0007340,0.0002499
2012,0.1956703,0.0007334,0.0002500
2013,0.1955494,0.0007329,0.0002500
2014,0.1954287,0.0007323,0.0002501
2015,0.1953080,0.0007318,0.0002501
2016,0.1951875,0.0007312,0.0002502
2017,0.1950670,0.0007307,0.0002502
2018,0.1949467,0.0007302,0.0002502
2019,0.1948264,0.0007296,0.0002503
2020,0.1947063,0.0007291,0.0002503
2021,0.1945862,0.0007285,0.0002504
2022,0.1944662,0.0007280,0.0002504
2023,0.1943463,0.0007275,0.0002505
2024,0.1942266,0.0007269,0.0002505
2025,0.1941069,0.0007264,0.0002505
2026,0.1939873,0.0007258,0.0002506
2027,0.1938678,0.0007253,0.0002506
2028,0.1937484,0.0007248,0.0002507
2029,0.1936291,0.0007242,0.0002507
2030,0.1935099,0.0007237,0.0002507
2031,0.1933907,0.0007232,0.0002508
2032,0.1932717,0.0007226,0.0002508
2033,0.1931528,0.0007221,0.0002509
2034,0.1930340,0.0007216,0.0002509
2035,0.1929152,0.0007210,0.0002509
2036,0.1927966,0.0007205,0.0002510
2037,0.1926780,0.0007200,0.0002510
2038,0.1925595,0.0007194,0.0002511
2039,0.1924412,0.0007189,0.0002511
2040,0.1923229,0.0007184,0.0002511
2041,0.1922047,0.0007179,0.0002512
2042,0.1920866,0.0007173,0.0002512
2043,0.1919686,0.0007168,0.0002513
2044,0.1918507,0.0007163,0.0002513
2045,0.1917329,0.0007157,0.0002513
2046,0.1916152,0.0007152,0.0002514
2047,0.1914976,0.0007147,0.0002514
2048,0.1913800,0.0007142,0.0002514
2049,0.1912626,0.0007136,0.0002515
2050,0.1911452,0.0007131,0.0002515
2051,0.1910280,0.0007126,0.0002516
2052,0.1909108,0.0007121,0.0002516
2053,0.1907937,0.0007115,0.0002516
2054,0.1906767,0.0007110,0.0002517
2055,0.1905598,0.0007105,0.0002517
2056,0.1904430,0.0007100,0.0002517
2057,0.1903263,0.0007095,0.0002518
2058,0.1902097,0.0007089,0.0002518
2059,0.1900932,0.0007084,0.0002518
2060,0.1899767,0.0007079,0.0002519
2061,0.1898604,0.0007074,0.0002519
2062,0.1897441,0.0007069,0.0002520
2063,0.1896279,0.0007063,0.0002520
2064,0.1895118,0.0007058,0.0002520
2065,0.1893958,0.0007053,0.0002521
2066,0.1892799,0.0007048,0.0002521
2067,0.1891641,0.0007043,0.0002521
2068,0.1890484,0.0007038,0.0002522
2069,0.1889328,0.0007032,0.0002522
2070,0.1888172,0.0007027,0.0002522
2071,0.1887018,0.0007022,0.0002523
2072,0.1885864,0.0007017,0.0002523
2073,0.1884711,0.0007012,0.0002523
2074,0.1883559,0.0007007,0.0002524
2075,0.1882408,0.0007002,0.0002524
2076,0.1881258,0.0006997,0.0002524
2077,0.1880109,0.0006991,0.0002525
2078,0.1878960,0.0006986,0.0002525
2079,0.1877813,0.0006981,0.0002525
2080,0.1876666,0.0006976,0.0002526
2081,0.1875520,0.0006971,0.0002526
2082,0.1874375,0.0006966,0.0002526
2083,0.1873231,0.0006961,0.0002527
2084,0.1872088,0.0006956,0.0002527
2085,0.1870946,0.0006951,0.0002527
2086,0.1869805,0.0006946,0.0002528
2087,0.1868664,0.0006941,0.0002528
2088,0.1867524,0.0006936,0.0002528
2089,0.1866385,0.0006931,0.0002529
2090,0.1865248,0.0006926,0.0002529
2091,0.1864110,0.0006920,0.0002529
2092,0.1862974,0.0006915,0.0002529
2093,0.1861839,0.0006910,0.0002530
2094,0.1860704,0.0006905,0.0002530
2095,0.1859571,0.0006900,0.0002530
2096,0.1858438,0.0006895,0.0002531
2097,0.1857306,0.0006890,0.0002531
2098,0.1856175,0.0006885,0.0002531
2099,0.1855045,0.0006880,0.0002532
2100,0.1853915,0.0006875,0.0002532
2101,0.1852787,0.0006870,0.0002532
2102,0.1851659,0.0006865,0.0002533
2103,0.1850532,0.0006860,0.0002533
2104,0.1849406,0.0006855,0.0002533
2105,0.1848281,0.0006850,0.0002533
2106,0.1847157,0.0006845,0.0002534
2107,0.1846034,0.0006840,0.0002534
2108,0.1844911,0.0006836,0.0002534
2109,0.1843789,0.0006831,0.0002535
2110,0.1842668,0.0006826,0.0002535
2111,0.1841548,0.0006821,0.0002535
2112,0.1840429,0.0006816,0.0002535
2113,0.1839311,0.0006811,0.0002536
2114,0.1838193,0.0006806,0.0002536
2115,0.1837076,0.0006801,0.0002536
2116,0.1835960,0.0006796,0.0002536
2117,0.1834845,0.0006791,0.0002537
2118,0.1833731,0.0006786,0.0002537
2119,0.1832618,0.0006781,0.0002537
2120,0.1831505,0.0006776,0.0002538
2121,0.1830393,0.0006771,0.0002538
2122,0.1829282,0.0006767,0.0002538
2123,0.1828172,0.0006762,0.0002538
2124,0.1827063,0.0006757,0.0002539
2125,0.1825955,0.0006752,0.0002539
2126,0.1824847,0.0006747,0.0002539
2127,0.1823740,0.0006742,0.0002539
2128,0.1822634,0.0006737,0.0002540
2129,0.1821529,0.0006732,0.0002540
2130,0.1820425,0.0006728,0.0002540
2131,0.1819321,0.0006723,0.0002540
2132,0.1818218,0.0006718,0.0002541
2133,0.1817116,0.0006713,0.0002541
2134,0.1816015,0.0006708,0.0002541
2135,0.1814915,0.0006703,0.0002541
2136,0.1813815,0.0006699,0.0002542
2137,0.1812717,0.0006694,0.0002542
2138,0.1811619,0.0006689,0.0002542
2139,0.1810522,0.0006684,0.0002542
2140,0.1809426,0.0006679,0.0002543
2141,0.1808330,0.0006675,0.0002543
2142,0.1807235,0.0006670,0.0002543
2143,0.1806142,0.0006665,0.0002543
2144,0.1805049,0.0006660,0.0002544
2145,0.1803956,0.0006655,0.0002544
2146,0.1802865,0.0006651,0.0002544
2147,0.1801774,0.0006646,0.0002544
2148,0.1800684,0.0006641,0.0002545
2149,0.1799595,0.0006636,0.0002545
2150,0.1798507,0.0006631,0.0002545
2151,0.1797419,0.0006627,0.0002545
2152,0.1796333,0.0006622,0.0002545
2153,0.1795247,0.0006617,0.0002546
2154,0.1794162,0.0006612,0.0002546
2155,0.1793077,0.0006608,0.0002546
2156,0.1791994,0.0006603,0.0002546
2157,0.1790911,0.0006598,0.0002546
2158,0.1789829,0.0006593,0.0002547
2159,0.1788748,0.0006589,0.0002547
2160,0.1787668,0.0006584,0.0002547
2161,0.1786588,0.0006579,0.0002547
2162,0.1785509,0.0006575,0.0002548
2163,0.1784431,0.0006570,0.0002548
2164,0.1783354,0.0006565,0.0002548
2165,0.1782277,0.0006561,0.0002548
2166,0.1781202,0.0006556,0.0002548
2167,0.1780127,0.0006551,0.0002549
2168,0.1779052,0.0006546,0.0002549
2169,0.1777979,0.0006542,0.0002549
2170,0.1776906,0.0006537,0.0002549
2171,0.1775834,0.0006532,0.0002549
2172,0.1774763,0.0006528,0.0002550
2173,0.1773693,0.0006523,0.0002550
2174,0.1772624,0.0006518,0.0002550
2175,0.1771555,0.0006514,0.0002550
2176,0.1770487,0.0006509,0.0002550
2177,0.1769419,0.0006504,0.0002550
2178,0.1768353,0.0006500,0.0002551
2179,0.1767287,0.0006495,0.0002551
2180,0.1766222,0.0006491,0.0002551
2181,0.1765158,0.0006486,0.0002551
2182,0.1764095,0.0006481,0.0002551
2183,0.1763032,0.0006477,0.0002552
2184,0.1761970,0.0006472,0.0002552
2185,0.1760909,0.0006467,0.0002552
2186,0.1759848,0.0006463,0.0002552
2187,0.1758789,0.0006458,0.0002552
2188,0.1757730,0.0006454,0.0002552
2189,0.1756672,0.0006449,0.0002553
2190,0.1755614,0.0006444,0.0002553
2191,0.1754558,0.0006440,0.0002553
2192,0.1753502,0.0006435,0.0002553
2193,0.1752446,0.0006431,0.0002553
2194,0.1751392,0.0006426,0.0002553
2195,0.1750338,0.0006422,0.0002554
2196,0.1749285,0.0006417,0.0002554
2197,0.1748233,0.0006412,0.0002554
2198,0.1747182,0.0006408,0.0002554
2199,0.1746131,0.0006403,0.0002554
2200,0.1745081,0.0006399,0.0002554
2201,0.1744032,0.0006394,0.0002554
2202,0.1742983,0.0006390,0.0002555
2203,0.1741936,0.0006385,0.0002555
2204,0.1740889,0.0006381,0.0002555
2205,0.1739842,0.0006376,0.0002555
2206,0.1738797,0.0006372,0.0002555
2207,0.1737752,0.0006367,0.0002555
2208,0.1736708,0.0006362,0.0002556
2209,0.1735665,0.0006358,0.0002556
2210,0.1734622,0.0006353,0.0002556
2211,0.1733580,0.0006349,0.0002556
2212,0.1732539,0.0006344,0.0002556
2213,0.1731499,0.0006340,0.0002556
2214,0.1730459,0.0006335,0.0002556
2215,0.1729420,0.0006331,0.0002556
2216,0.1728382,0.0006326,0.0002557
2217,0.1727344,0.0006322,0.0002557
2218,0.1726307,0.0006318,0.0002557
2219,0.1725271,0.0006313,0.0002557
2220,0.1724236,0.0006309,0.0002557
2221,0.1723201,0.0006304,0.0002557
2222,0.1722168,0.0006300,0.0002557
2223,0.1721134,0.0006295,0.0002557
2224,0.1720102,0.0006291,0.0002558
2225,0.1719070,0.0006286,0.0002558
2226,0.1718039,0.0006282,0.0002558
2227,0.1717009,0.0006277,0.0002558
2228,0.1715979,0.0006273,0.0002558
2229,0.1714950,0.0006269,0.0002558
2230,0.1713922,0.0006264,0.0002558
2231,0.1712895,0.0006260,0.0002558
2232,0.1711868,0.0006255,0.0002558
2233,0.1710842,0.0006251,0.0002559
2234,0.1709816,0.0006246,0.0002559
2235,0.1708792,0.0006242,0.0002559
2236,0.1707768,0.0006238,0.0002559
2237,0.1706745,0.0006233,0.0002559
2238,0.1705722,0.0006229,0.0002559
2239,0.1704700,0.0006224,0.0002559
2240,0.1703679,0.0006220,0.0002559
2241,0.1702659,0.0006216,0.0002559
2242,0.1701639,0.0006211,0.0002559
2243,0.1700620,0.0006207,0.0002560
2244,0.1699602,0.0006203,0.0002560
2245,0.1698584,0.0006198,0.0002560
2246,0.1697567,0.0006194,0.0002560
2247,0.1696551,0.0006189,0.0002560
2248,0.1695535,0.0006185,0.0002560
2249,0.1694521,0.0006181,0.0002560
2250,0.1693507,0.0006176,0.0002560
2251,0.1692493,0.0006172,0.0002560
2252,0.1691480,0.0006168,0.0002560
2253,0.1690468,0.0006163,0.0002560
2254,0.1689457,0.0006159,0.0002560
2255,0.1688446,0.0006155,0.0002561
2256,0.1687436,0.0006150,0.0002561
2257,0.1686427,0.0006146,0.0002561
2258,0.1685418,0.0006142,0.0002561
2259,0.1684410,0.0006137,0.0002561
2260,0.1683403,0.0006133,0.0002561
2261,0.1682397,0.0006129,0.0002561
2262,0.1681391,0.0006124,0.0002561
2263,0.1680385,0.0006120,0.0002561
2264,0.1679381,0.0006116,0.0002561
2265,0.1678377,0.0006112,0.0002561
2266,0.1677374,0.0006107,0.0002561
2267,0.1676371,0.0006103,0.0002561
2268,0.1675370,0.0006099,0.0002561
2269,0.1674368,0.0006094,0.0002561
2270,0.1673368,0.0006090,0.0002562
2271,0.1672368,0.0006086,0.0002562
2272,0.1671369,0.0006082,0.0002562
2273,0.1670371,0.0006077,0.0002562
2274,0.1669373,0.0006073,0.0002562
2275,0.1668376,0.0006069,0.0002562
2276,0.1667379,0.0006065,0.0002562
2277,0.1666384,0.0006060,0.0002562
2278,0.1665389,0.0006056,0.0002562
2279,0.1664394,0.0006052,0.0002562
2280,0.1663400,0.0006048,0.0002562
2281,0.1662407,0.0006043,0.0002562
2282,0.1661415,0.0006039,0.0002562
2283,0.1660423,0.0006035,0.0002562
2284,0.1659432,0.0006031,0.0002562
2285,0.1658442,0.0006027,0.0002562
2286,0.1657452,0.0006022,0.0002562
2287,0.1656463,0.0006018,0.0002562
2288,0.1655474,0.0006014,0.0002562
2289,0.1654487,0.0006010,0.0002562
2290,0.1653500,0.0006006,0.0002562
2291,0.1652513,0.0006001,0.0002562
2292,0.1651527,0.0005997,0.0002562
2293,0.1650542,0.0005993,0.0002562
2294,0.1649558,0.0005989,0.0002562
2295,0.1648574,0.0005985,0.0002562
2296,0.1647591,0.0005980,0.0002562
2297,0.1646608,0.0005976,0.0002562
2298,0.1645626,0.0005972,0.0002562
2299,0.1644645,0.0005968,0.0002563
2300,0.1643664,0.0005964,0.0002563
2301,0.1642685,0.0005960,0.0002563
2302,0.1641705,0.0005955,0.0002563
2303,0.1640727,0.0005951,0.0002563
2304,0.1639749,0.0005947,0.0002563
2305,0.1638771,0.0005943,0.0002563
2306,0.1637795,0.0005939,0.0002563
2307,0.1636819,0.0005935,0.0002563
2308,0.1635843,0.0005931,0.0002563
2309,0.1634868,0.0005926,0.0002563
2310,0.1633894,0.0005922,0.0002563
2311,0.1632921,0.0005918,0.0002563
2312,0.1631948,0.0005914,0.0002563
2313,0.1630976,0.0005910,0.0002563
2314,0.1630004,0.0005906,0.0002563
2315,0.1629033,0.0005902,0.0002563
2316,0.1628063,0.0005898,0.0002563
2317,0.1627094,0.0005894,0.0002563
2318,0.1626125,0.0005889,0.0002563
2319,0.1625156,0.0005885,0.0002563
2320,0.1624188,0.0005881,0.0002563
2321,0.1623221,0.0005877,0.0002562
2322,0.1622255,0.0005873,0.0002562
2323,0.1621289,0.0005869,0.0002562
2324,0.1620324,0.0005865,0.0002562
2325,0.1619359,0.0005861,0.0002562
2326,0.1618395,0.0005857,0.0002562
2327,0.1617432,0.0005853,0.0002562
2328,0.1616469,0.0005849,0.0002562
2329,0.1615507,0.0005845,0.0002562
2330,0.1614546,0.0005841,0.0002562
2331,0.1613585,0.0005837,0.0002562
2332,0.1612625,0.0005832,0.0002562
2333,0.1611665,0.0005828,0.0002562
2334,0.1610707,0.0005824,0.0002562
2335,0.1609748,0.0005820,0.0002562
2336,0.1608791,0.0005816,0.0002562
2337,0.1607834,0.0005812,0.0002562
2338,0.1606877,0.0005808,0.0002562
2339,0.1605921,0.0005804,0.0002562
2340,0.1604966,0.0005800,0.0002562
2341,0.1604011,0.0005796,0.0002562
2342,0.1603058,0.0005792,0.0002562
2343,0.1602104,0.0005788,0.0002562
2344,0.1601151,0.0005784,0.0002562
2345,0.1600199,0.0005780,0.0002562
2346,0.1599248,0.0005776,0.0002562
2347,0.1598297,0.0005772,0.0002562
2348,0.1597347,0.0005768,0.0002562
2349,0.1596397,0.0005764,0.0002562
2350,0.1595448,0.0005760,0.0002562
2351,0.1594500,0.0005756,0.0002561
2352,0.1593552,0.0005752,0.0002561
2353,0.1592605,0.0005748,0.0002561
2354,0.1591658,0.0005744,0.0002561
2355,0.1590712,0.0005740,0.0002561
2356,0.1589767,0.0005736,0.0002561
2357,0.1588822,0.0005732,0.0002561
2358,0.1587878,0.0005728,0.0002561
2359,0.1586934,0.0005725,0.0002561
2360,0.1585991,0.0005721,0.0002561
2361,0.1585049,0.0005717,0.0002561
2362,0.1584107,0.0005713,0.0002561
2363,0.1583166,0.0005709,0.0002561
2364,0.1582225,0.0005705,0.0002561
2365,0.1581286,0.0005701,0.0002561
2366,0.1580346,0.0005697,0.0002560
2367,0.1579407,0.0005693,0.0002560
2368,0.1578469,0.0005689,0.0002560
2369,0.1577532,0.0005685,0.0002560
2370,0.1576595,0.0005681,0.0002560
2371,0.1575658,0.0005677,0.0002560
2372,0.1574723,0.0005673,0.0002560
2373,0.1573788,0.0005669,0.0002560
2374,0.1572853,0.0005666,0.0002560
2375,0.1571919,0.0005662,0.0002560
2376,0.1570986,0.0005658,0.0002560
2377,0.1570053,0.0005654,0.0002560
2378,0.1569121,0.0005650,0.0002560
2379,0.1568189,0.0005646,0.0002559
2380,0.1567258,0.0005642,0.0002559
2381,0.1566328,0.0005638,0.0002559
2382,0.1565398,0.0005634,0.0002559
2383,0.1564469,0.0005631,0.0002559
2384,0.1563540,0.0005627,0.0002559
2385,0.1562612,0.0005623,0.0002559
2386,0.1561684,0.0005619,0.0002559
2387,0.1560758,0.0005615,0.0002559
2388,0.1559831,0.0005611,0.0002559
2389,0.1558906,0.0005607,0.0002558
2390,0.1557980,0.0005604,0.0002558
2391,0.1557056,0.0005600,0.0002558
2392,0.1556132,0.0005596,0.0002558
2393,0.1555208,0.0005592,0.0002558
2394,0.1554286,0.0005588,0.0002558
2395,0.1553363,0.0005584,0.0002558
2396,0.1552442,0.0005581,0.0002558
2397,0.1551521,0.0005577,0.0002558
2398,0.1550600,0.0005573,0.0002557
2399,0.1549680,0.0005569,0.0002557
2400,0.1548761,0.0005565,0.0002557
2401,0.1547842,0.0005561,0.0002557
2402,0.1546924,0.0005558,0.0002557
2403,0.1546007,0.0005554,0.0002557
2404,0.1545089,0.0005550,0.0002557
2405,0.1544173,0.0005546,0.0002557
2406,0.1543257,0.0005542,0.0002556
2407,0.1542342,0.0005539,0.0002556
2408,0.1541427,0.0005535,0.0002556
2409,0.1540513,0.0005531,0.0002556
2410,0.1539599,0.0005527,0.0002556
2411,0.1538686,0.0005523,0.0002556
2412,0.1537774,0.0005520,0.0002556
2413,0.1536862,0.0005516,0.0002556
2414,0.1535951,0.0005512,0.0002555
2415,0.1535040,0.0005508,0.0002555
2416,0.1534130,0.0005505,0.0002555
2417,0.1533220,0.0005501,0.0002555
2418,0.1532311,0.0005497,0.0002555
2419,0.1531403,0.0005493,0.0002555
2420,0.1530495,0.0005489,0.0002555
2421,0.1529587,0.0005486,0.0002554
2422,0.1528681,0.0005482,0.0002554
2423,0.1527774,0.0005478,0.0002554
2424,0.1526869,0.0005474,0.0002554
2425,0.1525964,0.0005471,0.0002554
2426,0.1525059,0.0005467,0.0002554
2427,0.1524155,0.0005463,0.0002554
2428,0.1523252,0.0005460,0.0002553
2429,0.1522349,0.0005456,0.0002553
2430,0.1521446,0.0005452,0.0002553
2431,0.1520545,0.0005448,0.0002553
2432,0.1519644,0.0005445,0.0002553
2433,0.1518743,0.0005441,0.0002553
2434,0.1517843,0.0005437,0.0002553
2435,0.1516943,0.0005434,0.0002552
2436,0.1516044,0.0005430,0.0002552
2437,0.1515146,0.0005426,0.0002552
2438,0.1514248,0.0005422,0.0002552
2439,0.1513351,0.0005419,0.0002552
2440,0.1512454,0.0005415,0.0002552
2441,0.1511558,0.0005411,0.0002551
2442,0.1510662,0.0005408,0.0002551
2443,0.1509767,0.0005404,0.0002551
2444,0.1508873,0.0005400,0.0002551
2445,0.1507979,0.0005397,0.0002551
2446,0.1507085,0.0005393,0.0002551
2447,0.1506192,0.0005389,0.0002550
2448,0.1505300,0.0005386,0.0002550
2449,0.1504408,0.0005382,0.0002550
2450,0.1503517,0.0005378,0.0002550
2451,0.1502626,0.0005375,0.0002550
2452,0.1501736,0.0005371,0.0002549
2453,0.1500846,0.0005367,0.0002549
2454,0.1499957,0.0005364,0.0002549
2455,0.1499069,0.0005360,0.0002549
2456,0.1498181,0.0005356,0.0002549
2457,0.1497293,0.0005353,0.0002549
2458,0.1496406,0.0005349,0.0002548
2459,0.1495520,0.0005345,0.0002548
2460,0.1494634,0.0005342,0.0002548
2461,0.1493749,0.0005338,0.0002548
2462,0.1492864,0.0005334,0.0002548
2463,0.1491980,0.0005331,0.0002547
2464,0.1491096,0.0005327,0.0002547
2465,0.1490213,0.0005324,0.0002547
2466,0.1489330,0.0005320,0.0002547
2467,0.1488448,0.0005316,0.0002547
2468,0.1487567,0.0005313,0.0002546
2469,0.1486686,0.0005309,0.0002546
2470,0.1485805,0.0005306,0.0002546
2471,0.1484925,0.0005302,0.0002546
2472,0.1484046,0.0005298,0.0002546
2473,0.1483167,0.0005295,0.0002545
2474,0.1482289,0.0005291,0.0002545
2475,0.1481411,0.0005288,0.0002545
2476,0.1480534,0.0005284,0.0002545
2477,0.1479657,0.0005280,0.0002545
2478,0.1478781,0.0005277,0.0002544
2479,0.1477905,0.0005273,0.0002544
2480,0.1477030,0.0005270,0.0002544
2481,0.1476155,0.0005266,0.0002544
2482,0.1475281,0.0005263,0.0002543
2483,0.1474408,0.0005259,0.0002543
2484,0.1473535,0.0005255,0.0002543
2485,0.1472662,0.0005252,0.0002543
2486,0.1471790,0.0005248,0.0002543
2487,0.1470919,0.0005245,0.0002542
2488,0.1470048,0.0005241,0.0002542
2489,0.1469177,0.0005238,0.0002542
2490,0.1468307,0.0005234,0.0002542
2491,0.1467438,0.0005231,0.0002541
2492,0.1466569,0.0005227,0.0002541
2493,0.1465701,0.0005223,0.0002541
2494,0.1464833,0.0005220,0.0002541
2495,0.1463966,0.0005216,0.0002540
2496,0.1463099,0.0005213,0.0002540
2497,0.1462233,0.0005209,0.0002540
2498,0.1461367,0.0005206,0.0002540
2499,0.1460502,0.0005202,0.0002540
2500,0.1459637,0.0005199,0.0002539
2501,0.1458773,0.0005195,0.0002539
2502,0.1457909,0.0005192,0.0002539
2503,0.1457046,0.0005188,0.0002539
2504,0.1456184,0.0005185,0.0002538
2505,0.1455322,0.0005181,0.0002538
2506,0.1454460,0.0005178,0.0002538
2507,0.1453599,0.0005174,0.0002538
2508,0.1452738,0.0005171,0.0002537
2509,0.1451878,0.0005167,0.0002537
2510,0.1451019,0.0005164,0.0002537
2511,0.1450160,0.0005160,0.0002537
2512,0.1449301,0.0005157,0.0002536
2513,0.1448443,0.0005153,0.0002536
2514,0.1447586,0.0005150,0.0002536
2515,0.1446729,0.0005146,0.0002536
2516,0.1445872,0.0005143,0.0002535
2517,0.1445016,0.0005139,0.0002535
2518,0.1444161,0.0005136,0.0002535
2519,0.1443306,0.0005132,0.0002535
2520,0.1442452,0.0005129,0.0002534
2521,0.1441598,0.0005126,0.0002534
2522,0.1440744,0.0005122,0.0002534
2523,0.1439891,0.0005119,0.0002534
2524,0.1439039,0.0005115,0.0002533
2525,0.1438187,0.0005112,0.0002533
2526,0.1437336,0.0005108,0.0002533
2527,0.1436485,0.0005105,0.0002532
2528,0.1435635,0.0005101,0.0002532
2529,0.1434785,0.0005098,0.0002532
2530,0.1433935,0.0005095,0.0002532
2531,0.1433086,0.0005091,0.0002531
2532,0.1432238,0.0005088,0.0002531
2533,0.1431390,0.0005084,0.0002531
2534,0.1430543,0.0005081,0.0002531
2535,0.1429696,0.0005077,0.0002530
2536,0.1428850,0.0005074,0.0002530
2537,0.1428004,0.0005071,0.0002530
2538,0.1427158,0.0005067,0.0002529
2539,0.1426313,0.0005064,0.0002529
2540,0.1425469,0.0005060,0.0002529
2541,0.1424625,0.0005057,0.0002529
2542,0.1423782,0.0005054,0.0002528
2543,0.1422939,0.0005050,0.0002528
2544,0.1422097,0.0005047,0.0002528
2545,0.1421255,0.0005043,0.0002527
2546,0.1420413,0.0005040,0.0002527
2547,0.1419572,0.0005037,0.0002527
2548,0.1418732,0.0005033,0.0002527
2549,0.1417892,0.0005030,0.0002526
2550,0.1417053,0.0005026,0.0002526
2551,0.1416214,0.0005023,0.0002526
2552,0.1415375,0.0005020,0.0002525
2553,0.1414537,0.0005016,0.0002525
2554,0.1413700,0.0005013,0.0002525
2555,0.1412863,0.0005010,0.0002524
2556,0.1412026,0.0005006,0.0002524
2557,0.1411190,0.0005003,0.0002524
2558,0.1410355,0.0005000,0.0002524
2559,0.1409520,0.0004996,0.0002523
2560,0.1408685,0.0004993,0.0002523
2561,0.1407851,0.0004989,0.0002523
2562,0.1407018,0.0004986,0.0002522
2563,0.1406185,0.0004983,0.0002522
2564,0.1405352,0.0004979,0.0002522
2565,0.1404520,0.0004976,0.0002521
2566,0.1403689,0.0004973,0.0002521
2567,0.1402858,0.0004969,0.0002521
2568,0.1402027,0.0004966,0.0002520
2569,0.1401197,0.0004963,0.0002520
2570,0.1400367,0.0004959,0.0002520
2571,0.1399538,0.0004956,0.0002519
2572,0.1398709,0.0004953,0.0002519
2573,0.1397881,0.0004949,0.0002519
2574,0.1397053,0.0004946,0.0002518
2575,0.1396226,0.0004943,0.0002518
2576,0.1395399,0.0004940,0.0002518
2577,0.1394573,0.0004936,0.0002518
2578,0.1393747,0.0004933,0.0002517
2579,0.1392922,0.0004930,0.0002517
2580,0.1392097,0.0004926,0.0002517
2581,0.1391273,0.0004923,0.0002516
2582,0.1390449,0.0004920,0.0002516
2583,0.1389625,0.0004916,0.0002516
2584,0.1388803,0.0004913,0.0002515
2585,0.1387980,0.0004910,0.0002515
2586,0.1387158,0.0004907,0.0002515
2587,0.1386337,0.0004903,0.0002514
2588,0.1385516,0.0004900,0.0002514
2589,0.1384695,0.0004897,0.0002514
2590,0.1383875,0.0004893,0.0002513
2591,0.1383055,0.0004890,0.0002513
2592,0.1382236,0.0004887,0.0002512
2593,0.1381418,0.0004884,0.0002512
2594,0.1380599,0.0004880,0.0002512
2595,0.1379782,0.0004877,0.0002511
2596,0.1378964,0.0004874,0.0002511
2597,0.1378148,0.0004871,0.0002511
2598,0.1377331,0.0004867,0.0002510
2599,0.1376516,0.0004864,0.0002510
2600,0.1375700,0.0004861,0.0002510
2601,0.1374885,0.0004858,0.0002509
2602,0.1374071,0.0004854,0.0002509
2603,0.1373257,0.0004851,0.0002509
2604,0.1372444,0.0004848,0.0002508
2605,0.1371631,0.0004845,0.0002508
2606,0.1370818,0.0004841,0.0002508
2607,0.1370006,0.0004838,0.0002507
2608,0.1369194,0.0004835,0.0002507
2609,0.1368383,0.0004832,0.0002506
2610,0.1367573,0.0004829,0.0002506
2611,0.1366762,0.0004825,0.0002506
2612,0.1365953,0.0004822,0.0002505
2613,0.1365143,0.0004819,0.0002505
2614,0.1364335,0.0004816,0.0002505
2615,0.1363526,0.0004812,0.0002504
2616,0.1362718,0.0004809,0.0002504
2617,0.1361911,0.0004806,0.0002504
2618,0.1361104,0.0004803,0.0002503
2619,0.1360298,0.0004800,0.0002503
2620,0.1359492,0.0004796,0.0002502
2621,0.1358686,0.0004793,0.0002502
2622,0.1357881,0.0004790,0.0002502
2623,0.1357076,0.0004787,0.0002501
2624,0.1356272,0.0004784,0.0002501
2625,0.1355468,0.0004780,0.0002501
2626,0.1354665,0.0004777,0.0002500
2627,0.1353862,0.0004774,0.0002500
2628,0.1353060,0.0004771,0.0002499
2629,0.1352258,0.0004768,0.0002499
2630,0.1351457,0.0004765,0.0002499
2631,0.1350656,0.0004761,0.0002498
2632,0.1349855,0.0004758,0.0002498
2633,0.1349055,0.0004755,0.0002498
2634,0.1348256,0.0004752,0.0002497
2635,0.1347457,0.0004749,0.0002497
2636,0.1346658,0.0004746,0.0002496
2637,0.1345860,0.0004742,0.0002496
2638,0.1345062,0.0004739,0.0002496
2639,0.1344265,0.0004736,0.0002495
2640,0.1343468,0.0004733,0.0002495
2641,0.1342671,0.0004730,0.0002494
2642,0.1341875,0.0004727,0.0002494
2643,0.1341080,0.0004724,0.0002494
2644,0.1340285,0.0004720,0.0002493
2645,0.1339490,0.0004717,0.0002493
2646,0.1338696,0.0004714,0.0002492
2647,0.1337902,0.0004711,0.0002492
2648,0.1337109,0.0004708,0.0002492
2649,0.1336316,0.0004705,0.0002491
2650,0.1335524,0.0004702,0.0002491
2651,0.1334732,0.0004699,0.0002490
2652,0.1333941,0.0004695,0.0002490
2653,0.1333150,0.0004692,0.0002490
2654,0.1332359,0.0004689,0.0002489
2655,0.1331569,0.0004686,0.0002489
2656,0.1330779,0.0004683,0.0002488
2657,0.1329990,0.0004680,0.0002488
2658,0.1329202,0.0004677,0.0002488
2659,0.1328413,0.0004674,0.0002487
2660,0.1327625,0.0004671,0.0002487
2661,0.1326838,0.0004667,0.0002486
2662,0.1326051,0.0004664,0.0002486
2663,0.1325265,0.0004661,0.0002485
2664,0.1324478,0.0004658,0.0002485
2665,0.1323693,0.0004655,0.0002485
2666,0.1322908,0.0004652,0.0002484
2667,0.1322123,0.0004649,0.0002484
2668,0.1321339,0.0004646,0.0002483
2669,0.1320555,0.0004643,0.0002483
2670,0.1319771,0.0004640,0.0002483
2671,0.1318988,0.0004637,0.0002482
2672,0.1318206,0.0004634,0.0002482
2673,0.1317424,0.0004630,0.0002481
2674,0.1316642,0.0004627,0.0002481
2675,0.1315861,0.0004624,0.0002480
2676,0.1315080,0.0004621,0.0002480
2677,0.1314300,0.0004618,0.0002480
2678,0.1313520,0.0004615,0.0002479
2679,0.1312741,0.0004612,0.0002479
2680,0.1311962,0.0004609,0.0002478
2681,0.1311183,0.0004606,0.0002478
2682,0.1310405,0.0004603,0.0002477
2683,0.1309627,0.0004600,0.0002477
2684,0.1308850,0.0004597,0.0002477
2685,0.1308073,0.0004594,0.0002476
2686,0.1307297,0.0004591,0.0002476
2687,0.1306521,0.0004588,0.0002475
2688,0.1305746,0.0004585,0.0002475
2689,0.1304970,0.0004582,0.0002474
2690,0.1304196,0.0004579,0.0002474
2691,0.1303422,0.0004576,0.0002473
2692,0.1302648,0.0004573,0.0002473
2693,0.1301875,0.0004570,0.0002473
2694,0.1301102,0.0004567,0.0002472
2695,0.1300329,0.0004564,0.0002472
2696,0.1299557,0.0004560,0.0002471
2697,0.1298786,0.0004557,0.0002471
2698,0.1298015,0.0004554,0.0002470
2699,0.1297244,0.0004551,0.0002470
2700,0.1296474,0.0004548,0.0002469
2701,0.1295704,0.0004545,0.0002469
2702,0.1294934,0.0004542,0.0002468
2703,0.1294165,0.0004539,0.0002468
2704,0.1293397,0.0004536,0.0002468
2705,0.1292629,0.0004533,0.0002467
2706,0.1291861,0.0004530,0.0002467
2707,0.1291094,0.0004527,0.0002466
2708,0.1290327,0.0004524,0.0002466
2709,0.1289561,0.0004521,0.0002465
2710,0.1288795,0.0004519,0.0002465
2711,0.1288029,0.0004516,0.0002464
2712,0.1287264,0.0004513,0.0002464
2713,0.1286499,0.0004510,0.0002463
2714,0.1285735,0.0004507,0.0002463
2715,0.1284971,0.0004504,0.0002462
2716,0.1284208,0.0004501,0.0002462
2717,0.1283445,0.0004498,0.0002462
2718,0.1282682,0.0004495,0.0002461
2719,0.1281920,0.0004492,0.0002461
2720,0.1281159,0.0004489,0.0002460
2721,0.1280397,0.0004486,0.0002460
2722,0.1279636,0.0004483,0.0002459
2723,0.1278876,0.0004480,0.0002459
2724,0.1278116,0.0004477,0.0002458
2725,0.1277356,0.0004474,0.0002458
2726,0.1276597,0.0004471,0.0002457
2727,0.1275839,0.0004468,0.0002457
2728,0.1275080,0.0004465,0.0002456
2729,0.1274322,0.0004462,0.0002456
2730,0.1273565,0.0004459,0.0002455
2731,0.1272808,0.0004456,0.0002455
2732,0.1272051,0.0004453,0.0002454
2733,0.1271295,0.0004451,0.0002454
2734,0.1270539,0.0004448,0.0002453
2735,0.1269784,0.0004445,0.0002453
2736,0.1269029,0.0004442,0.0002452
2737,0.1268275,0.0004439,0.0002452
2738,0.1267521,0.0004436,0.0002451
2739,0.1266767,0.0004433,0.0002451
2740,0.1266014,0.0004430,0.0002450
2741,0.1265261,0.0004427,0.0002450
2742,0.1264508,0.0004424,0.0002449
2743,0.1263756,0.0004421,0.0002449
2744,0.1263005,0.0004418,0.0002449
2745,0.1262254,0.0004416,0.0002448
2746,0.1261503,0.0004413,0.0002448
2747,0.1260753,0.0004410,0.0002447
2748,0.1260003,0.0004407,0.0002447
2749,0.1259253,0.0004404,0.0002446
2750,0.1258504,0.0004401,0.0002446
2751,0.1257756,0.0004398,0.0002445
2752,0.1257007,0.0004395,0.0002445
2753,0.1256260,0.0004392,0.0002444
2754,0.1255512,0.0004389,0.0002444
2755,0.1254765,0.0004387,0.0002443
2756,0.1254019,0.0004384,0.0002443
2757,0.1253273,0.0004381,0.0002442
2758,0.1252527,0.0004378,0.0002441
2759,0.1251782,0.0004375,0.0002441
2760,0.1251037,0.0004372,0.0002440
2761,0.1250292,0.0004369,0.0002440
2762,0.1249548,0.0004366,0.0002439
2763,0.1248804,0.0004364,0.0002439
2764,0.1248061,0.0004361,0.0002438
2765,0.1247318,0.0004358,0.0002438
2766,0.1246576,0.0004355,0.0002437
2767,0.1245834,0.0004352,0.0002437
2768,0.1245092,0.0004349,0.0002436
2769,0.1244351,0.0004346,0.0002436
2770,0.1243610,0.0004344,0.0002435
2771,0.1242870,0.0004341,0.0002435
2772,0.1242130,0.0004338,0.0002434
2773,0.1241390,0.0004335,0.0002434
2774,0.1240651,0.0004332,0.0002433
2775,0.1239912,0.0004329,0.0002433
2776,0.1239174,0.0004327,0.0002432
2777,0.1238436,0.0004324,0.0002432
2778,0.1237699,0.0004321,0.0002431
2779,0.1236962,0.0004318,0.0002431
2780,0.1236225,0.0004315,0.0002430
2781,0.1235489,0.0004312,0.0002430
2782,0.1234753,0.0004310,0.0002429
2783,0.1234017,0.0004307,0.0002429
2784,0.1233282,0.0004304,0.0002428
2785,0.1232547,0.0004301,0.0002427
2786,0.1231813,0.0004298,0.0002427
2787,0.1231079,0.0004295,0.0002426
2788,0.1230346,0.0004293,0.0002426
2789,0.1229613,0.0004290,0.0002425
2790,0.1228880,0.0004287,0.0002425
2791,0.1228148,0.0004284,0.0002424
2792,0.1227416,0.0004281,0.0002424
2793,0.1226685,0.0004279,0.0002423
2794,0.1225954,0.0004276,0.0002423
2795,0.1225223,0.0004273,0.0002422
2796,0.1224493,0.0004270,0.0002422
2797,0.1223763,0.0004267,0.0002421
2798,0.1223034,0.0004265,0.0002420
2799,0.1222305,0.0004262,0.0002420
2800,0.1221576,0.0004259,0.0002419
2801,0.1220848,0.0004256,0.0002419
2802,0.1220120,0.0004253,0.0002418
2803,0.1219393,0.0004251,0.0002418
2804,0.1218666,0.0004248,0.0002417
2805,0.1217939,0.0004245,0.0002417
2806,0.1217213,0.0004242,0.0002416
2807,0.1216487,0.0004240,0.0002416
2808,0.1215762,0.0004237,0.0002415
2809,0.1215037,0.0004234,0.0002414
2810,0.1214312,0.0004231,0.0002414
2811,0.1213588,0.0004228,0.0002413
2812,0.1212864,0.0004226,0.0002413
2813,0.1212141,0.0004223,0.0002412
2814,0.1211418,0.0004220,0.0002412
2815,0.1210695,0.0004217,0.0002411
2816,0.1209973,0.0004215,0.0002411
2817,0.1209251,0.0004212,0.0002410
2818,0.1208530,0.0004209,0.0002409
2819,0.1207809,0.0004206,0.0002409
2820,0.1207088,0.0004204,0.0002408
2821,0.1206368,0.0004201,0.0002408
2822,0.1205648,0.0004198,0.0002407
2823,0.1204929,0.0004195,0.0002407
2824,0.1204210,0.0004193,0.0002406
2825,0.1203491,0.0004190,0.0002406
2826,0.1202773,0.0004187,0.0002405
2827,0.1202055,0.0004185,0.0002404
2828,0.1201338,0.0004182,0.0002404
2829,0.1200621,0.0004179,0.0002403
2830,0.1199904,0.0004176,0.0002403
2831,0.1199188,0.0004174,0.0002402
2832,0.1198472,0.0004171,0.0002402
2833,0.1197756,0.0004168,0.0002401
2834,0.1197041,0.0004165,0.0002400
2835,0.1196327,0.0004163,0.0002400
2836,0.1195612,0.0004160,0.0002399
2837,0.1194898,0.0004157,0.0002399
2838,0.1194185,0.0004155,0.0002398
2839,0.1193472,0.0004152,0.0002397
2840,0.1192759,0.0004149,0.0002397
2841,0.1192047,0.0004146,0.0002396
2842,0.1191335,0.0004144,0.0002396
2843,0.1190623,0.0004141,0.0002395
2844,0.1189912,0.0004138,0.0002395
2845,0.1189201,0.0004136,0.0002394
2846,0.1188491,0.0004133,0.0002393
2847,0.1187781,0.0004130,0.0002393
2848,0.1187071,0.0004128,0.0002392
2849,0.1186362,0.0004125,0.0002392
2850,0.1185653,0.0004122,0.0002391
2851,0.1184945,0.0004120,0.0002391
2852,0.1184237,0.0004117,0.0002390
2853,0.1183529,0.0004114,0.0002389
2854,0.1182822,0.0004112,0.0002389
2855,0.1182115,0.0004109,0.0002388
2856,0.1181409,0.0004106,0.0002388
2857,0.1180703,0.0004103,0.0002387
2858,0.1179997,0.0004101,0.0002386
2859,0.1179291,0.0004098,0.0002386
2860,0.1178587,0.0004095,0.0002385
2861,0.1177882,0.0004093,0.0002385
2862,0.1177178,0.0004090,0.0002384
2863,0.1176474,0.0004088,0.0002383
2864,0.1175771,0.0004085,0.0002383
2865,0.1175068,0.0004082,0.0002382
2866,0.1174365,0.0004080,0.0002382
2867,0.1173663,0.0004077,0.0002381
2868,0.1172961,0.0004074,0.0002380
2869,0.1172260,0.0004072,0.0002380
2870,0.1171559,0.0004069,0.0002379
2871,0.1170858,0.0004066,0.0002379
2872,0.1170158,0.0004064,0.0002378
2873,0.1169458,0.0004061,0.0002377
2874,0.1168758,0.0004058,0.0002377
2875,0.1168059,0.0004056,0.0002376
2876,0.1167360,0.0004053,0.0002376
2877,0.1166662,0.0004050,0.0002375
2878,0.1165964,0.0004048,0.0002374
2879,0.1165266,0.0004045,0.0002374
2880,0.1164569,0.0004043,0.0002373
2881,0.1163872,0.0004040,0.0002373
2882,0.1163176,0.0004037,0.0002372
2883,0.1162479,0.0004035,0.0002371
2884,0.1161784,0.0004032,0.0002371
2885,0.1161088,0.0004029,0.0002370
2886,0.1160394,0.0004027,0.0002369
2887,0.1159699,0.0004024,0.0002369
2888,0.1159005,0.0004022,0.0002368
2889,0.1158311,0.0004019,0.0002368
2890,0.1157618,0.0004016,0.0002367
2891,0.1156925,0.0004014,0.0002366
2892,0.1156232,0.0004011,0.0002366
2893,0.1155540,0.0004009,0.0002365
2894,0.1154848,0.0004006,0.0002365
2895,0.1154156,0.0004003,0.0002364
2896,0.1153465,0.0004001,0.0002363
2897,0.1152774,0.0003998,0.0002363
2898,0.1152084,0.0003996,0.0002362
2899,0.1151394,0.0003993,0.0002361
2900,0.1150704,0.0003990,0.0002361
2901,0.1150015,0.0003988,0.0002360
2902,0.1149326,0.0003985,0.0002360
2903,0.1148638,0.0003983,0.0002359
2904,0.1147949,0.0003980,0.0002358
2905,0.1147262,0.0003978,0.0002358
2906,0.1146574,0.0003975,0.0002357
2907,0.1145887,0.0003972,0.0002356
2908,0.1145201,0.0003970,0.0002356
2909,0.1144515,0.0003967,0.0002355
2910,0.1143829,0.0003965,0.0002355
2911,0.1143143,0.0003962,0.0002354
2912,0.1142458,0.0003960,0.0002353
2913,0.1141773,0.0003957,0.0002353
2914,0.1141089,0.0003954,0.0002352
2915,0.1140405,0.0003952,0.0002351
2916,0.1139721,0.0003949,0.0002351
2917,0.1139038,0.0003947,0.0002350
2918,0.1138355,0.0003944,0.0002349
2919,0.1137673,0.0003942,0.0002349
2920,0.1136991,0.0003939,0.0002348
2921,0.1136309,0.0003937,0.0002348
2922,0.1135628,0.0003934,0.0002347
2923,0.1134947,0.0003931,0.0002346
2924,0.1134266,0.0003929,0.0002346
2925,0.1133586,0.0003926,0.0002345
2926,0.1132906,0.0003924,0.0002344
2927,0.1132226,0.0003921,0.0002344
2928,0.1131547,0.0003919,0.0002343
2929,0.1130869,0.0003916,0.0002342
2930,0.1130190,0.0003914,0.0002342
2931,0.1129512,0.0003911,0.0002341
2932,0.1128835,0.0003909,0.0002340
2933,0.1128157,0.0003906,0.0002340
2934,0.1127480,0.0003904,0.0002339
2935,0.1126804,0.0003901,0.0002338
2936,0.1126128,0.0003898,0.0002338
2937,0.1125452,0.0003896,0.0002337
2938,0.1124777,0.0003893,0.0002337
2939,0.1124101,0.0003891,0.0002336
2940,0.1123427,0.0003888,0.0002335
2941,0.1122753,0.0003886,0.0002335
2942,0.1122079,0.0003883,0.0002334
2943,0.1121405,0.0003881,0.0002333
2944,0.1120732,0.0003878,0.0002333
2945,0.1120059,0.0003876,0.0002332
2946,0.1119387,0.0003873,0.0002331
2947,0.1118714,0.0003871,0.0002331
2948,0.1118043,0.0003868,0.0002330
2949,0.1117371,0.0003866,0.0002329
2950,0.1116700,0.0003863,0.0002329
2951,0.1116030,0.0003861,0.0002328
2952,0.1115360,0.0003858,0.0002327
2953,0.1114690,0.0003856,0.0002327
2954,0.1114020,0.0003853,0.0002326
2955,0.1113351,0.0003851,0.0002325
2956,0.1112682,0.0003848,0.0002325
2957,0.1112014,0.0003846,0.0002324
2958,0.1111346,0.0003843,0.0002323
2959,0.1110678,0.0003841,0.0002323
2960,0.1110011,0.0003839,0.0002322
2961,0.1109344,0.0003836,0.0002321
2962,0.1108677,0.0003834,0.0002321
2963,0.1108011,0.0003831,0.0002320
2964,0.1107345,0.0003829,0.0002319
2965,0.1106680,0.0003826,0.0002319
2966,0.1106015,0.0003824,0.0002318
2967,0.1105350,0.0003821,0.0002317
2968,0.1104686,0.0003819,0.0002317
2969,0.1104022,0.0003816,0.0002316
2970,0.1103358,0.0003814,0.0002315
2971,0.1102695,0.0003811,0.0002315
2972,0.1102032,0.0003809,0.0002314
2973,0.1101369,0.0003806,0.0002313
2974,0.1100707,0.0003804,0.0002313
2975,0.1100045,0.0003802,0.0002312
2976,0.1099384,0.0003799,0.0002311
2977,0.1098722,0.0003797,0.0002311
2978,0.1098062,0.0003794,0.0002310
2979,0.1097401,0.0003792,0.0002309
2980,0.1096741,0.0003789,0.0002309
2981,0.1096082,0.0003787,0.0002308
2982,0.1095422,0.0003784,0.0002307
2983,0.1094763,0.0003782,0.0002306
2984,0.1094105,0.0003780,0.0002306
2985,0.1093447,0.0003777,0.0002305
2986,0.1092789,0.0003775,0.0002304
2987,0.1092131,0.0003772,0.0002304
2988,0.1091474,0.0003770,0.0002303
2989,0.1090817,0.0003767,0.0002302
2990,0.1090161,0.0003765,0.0002302
2991,0.1089505,0.0003763,0.0002301
2992,0.1088849,0.0003760,0.0002300
2993,0.1088194,0.0003758,0.0002300
2994,0.1087539,0.0003755,0.0002299
2995,0.1086884,0.0003753,0.0002298
2996,0.1086230,0.0003751,0.0002298
2997,0.1085576,0.0003748,0.0002297
2998,0.1084923,0.0003746,0.0002296
2999,0.1084270,0.0003743,0.0002295
3000,0.1083617,0.0003741,0.0002295
3001,0.1082964,0.0003738,0.0002294
3002,0.1082312,0.0003736,0.0002293
3003,0.1081661,0.0003734,0.0002293
3004,0.1081009,0.0003731,0.0002292
3005,0.1080358,0.0003729,0.0002291
3006,0.1079707,0.0003726,0.0002291
3007,0.1079057,0.0003724,0.0002290
3008,0.1078407,0.0003722,0.0002289
3009,0.1077758,0.0003719,0.0002288
3010,0.1077108,0.0003717,0.0002288
3011,0.1076460,0.0003715,0.0002287
3012,0.1075811,0.0003712,0.0002286
3013,0.1075163,0.0003710,0.0002286
3014,0.1074515,0.0003707,0.0002285
3015,0.1073868,0.0003705,0.0002284
3016,0.1073221,0.0003703,0.0002284
3017,0.1072574,0.0003700,0.0002283
3018,0.1071927,0.0003698,0.0002282
3019,0.1071281,0.0003695,0.0002281
3020,0.1070636,0.0003693,0.0002281
3021,0.1069991,0.0003691,0.0002280
3022,0.1069346,0.0003688,0.0002279
3023,0.1068701,0.0003686,0.0002279
3024,0.1068057,0.0003684,0.0002278
3025,0.1067413,0.0003681,0.0002277
3026,0.1066769,0.0003679,0.0002277
3027,0.1066126,0.0003677,0.0002276
3028,0.1065483,0.0003674,0.0002275
3029,0.1064841,0.0003672,0.0002274
3030,0.1064199,0.0003670,0.0002274
3031,0.1063557,0.0003667,0.0002273
3032,0.1062916,0.0003665,0.0002272
3033,0.1062275,0.0003662,0.0002272
3034,0.1061634,0.0003660,0.0002271
3035,0.1060994,0.0003658,0.0002270
3036,0.1060354,0.0003655,0.0002269
3037,0.1059714,0.0003653,0.0002269
3038,0.1059075,0.0003651,0.0002268
3039,0.1058436,0.0003648,0.0002267
3040,0.1057797,0.0003646,0.0002267
3041,0.1057159,0.0003644,0.0002266
3042,0.1056521,0.0003641,0.0002265
3043,0.1055883,0.0003639,0.0002264
3044,0.1055246,0.0003637,0.0002264
3045,0.1054609,0.0003634,0.0002263
3046,0.1053973,0.0003632,0.0002262
3047,0.1053337,0.0003630,0.0002261
3048,0.1052701,0.0003627,0.0002261
3049,0.1052066,0.0003625,0.0002260
3050,0.1051431,0.0003623,0.0002259
3051,0.1050796,0.0003620,0.0002259
3052,0.1050162,0.0003618,0.0002258
3053,0.1049528,0.0003616,0.0002257
3054,0.1048894,0.0003613,0.0002256
3055,0.1048261,0.0003611,0.0002256
3056,0.1047628,0.0003609,0.0002255
3057,0.1046995,0.0003607,0.0002254
3058,0.1046363,0.0003604,0.0002253
3059,0.1045731,0.0003602,0.0002253
3060,0.1045099,0.0003600,0.0002252
3061,0.1044468,0.0003597,0.0002251
3062,0.1043837,0.0003595,0.0002251
3063,0.1043207,0.0003593,0.0002250
3064,0.1042577,0.0003590,0.0002249
3065,0.1041947,0.0003588,0.0002248
3066,0.1041317,0.0003586,0.0002248
3067,0.1040688,0.0003584,0.0002247
3068,0.1040059,0.0003581,0.0002246
3069,0.1039431,0.0003579,0.0002245
3070,0.1038803,0.0003577,0.0002245
3071,0.1038175,0.0003574,0.0002244
3072,0.1037548,0.0003572,0.0002243
3073,0.1036921,0.0003570,0.0002242
3074,0.1036294,0.0003568,0.0002242
3075,0.1035668,0.0003565,0.0002241
3076,0.1035042,0.0003563,0.0002240
3077,0.1034416,0.0003561,0.0002240
3078,0.1033791,0.0003558,0.0002239
3079,0.1033166,0.0003556,0.0002238
3080,0.1032541,0.0003554,0.0002237
3081,0.1031917,0.0003552,0.0002237
3082,0.1031293,0.0003549,0.0002236
3083,0.1030670,0.0003547,0.0002235
3084,0.1030046,0.0003545,0.0002234
3085,0.1029423,0.0003543,0.0002234
3086,0.1028801,0.0003540,0.0002233
3087,0.1028179,0.0003538,0.0002232
3088,0.1027557,0.0003536,0.0002231
3089,0.1026935,0.0003534,0.0002231
3090,0.1026314,0.0003531,0.0002230
3091,0.1025694,0.0003529,0.0002229
3092,0.1025073,0.0003527,0.0002228
3093,0.1024453,0.0003525,0.0002228
3094,0.1023833,0.0003522,0.0002227
3095,0.1023214,0.0003520,0.0002226
3096,0.1022595,0.0003518,0.0002225
3097,0.1021976,0.0003516,0.0002225
3098,0.1021358,0.0003513,0.0002224
3099,0.1020740,0.0003511,0.0002223
3100,0.1020122,0.0003509,0.0002222
3101,0.1019504,0.0003507,0.0002222
3102,0.1018887,0.0003504,0.0002221
3103,0.1018271,0.0003502,0.0002220
3104,0.1017654,0.0003500,0.0002219
3105,0.1017038,0.0003498,0.0002219
3106,0.1016423,0.0003495,0.0002218
3107,0.1015808,0.0003493,0.0002217
3108,0.1015193,0.0003491,0.0002216
3109,0.1014578,0.0003489,0.0002216
3110,0.1013964,0.0003487,0.0002215
3111,0.1013350,0.0003484,0.0002214
3112,0.1012736,0.0003482,0.0002213
3113,0.1012123,0.0003480,0.0002213
3114,0.1011510,0.0003478,0.0002212
3115,0.1010897,0.0003475,0.0002211
3116,0.1010285,0.0003473,0.0002210
3117,0.1009673,0.0003471,0.0002210
3118,0.1009062,0.0003469,0.0002209
3119,0.1008451,0.0003467,0.0002208
3120,0.1007840,0.0003464,0.0002207
3121,0.1007229,0.0003462,0.0002207
3122,0.1006619,0.0003460,0.0002206
3123,0.1006009,0.0003458,0.0002205
3124,0.1005400,0.0003456,0.0002204
3125,0.1004791,0.0003453,0.0002203
3126,0.1004182,0.0003451,0.0002203
3127,0.1003573,0.0003449,0.0002202
3128,0.1002965,0.0003447,0.0002201
3129,0.1002357,0.0003445,0.0002200
3130,0.1001750,0.0003442,0.0002200
3131,0.1001143,0.0003440,0.0002199
3132,0.1000536,0.0003438,0.0002198
3133,0.0999930,0.0003436,0.0002197
3134,0.0999324,0.0003434,0.0002197
3135,0.0998718,0.0003431,0.0002196
3136,0.0998112,0.0003429,0.0002195
3137,0.0997507,0.0003427,0.0002194
3138,0.0996903,0.0003425,0.0002193
3139,0.0996298,0.0003423,0.0002193
3140,0.0995694,0.0003421,0.0002192
3141,0.0995090,0.0003418,0.0002191
3142,0.0994487,0.0003416,0.0002190
3143,0.0993884,0.0003414,0.0002190
3144,0.0993281,0.0003412,0.0002189
3145,0.0992679,0.0003410,0.0002188
3146,0.0992077,0.0003408,0.0002187
3147,0.0991475,0.0003405,0.0002187
3148,0.0990874,0.0003403,0.0002186
3149,0.0990273,0.0003401,0.0002185
3150,0.0989672,0.0003399,0.0002184
3151,0.0989072,0.0003397,0.0002183
3152,0.0988472,0.0003395,0.0002183
3153,0.0987872,0.0003392,0.0002182
3154,0.0987273,0.0003390,0.0002181
3155,0.0986674,0.0003388,0.0002180
3156,0.0986075,0.0003386,0.0002180
3157,0.0985477,0.0003384,0.0002179
3158,0.0984879,0.0003382,0.0002178
3159,0.0984281,0.0003380,0.0002177
3160,0.0983684,0.0003377,0.0002176
3161,0.0983087,0.0003375,0.0002176
3162,0.0982490,0.0003373,0.0002175
3163,0.0981894,0.0003371,0.0002174
3164,0.0981298,0.0003369,0.0002173
3165,0.0980702,0.0003367,0.0002173
3166,0.0980107,0.0003365,0.0002172
3167,0.0979512,0.0003362,0.0002171
3168,0.0978917,0.0003360,0.0002170
3169,0.0978323,0.0003358,0.0002169
3170,0.0977729,0.0003356,0.0002169
3171,0.0977135,0.0003354,0.0002168
3172,0.0976542,0.0003352,0.0002167
3173,0.0975949,0.0003350,0.0002166
3174,0.0975356,0.0003348,0.0002165
3175,0.0974764,0.0003345,0.0002165
3176,0.0974172,0.0003343,0.0002164
3177,0.0973581,0.0003341,0.0002163
3178,0.0972989,0.0003339,0.0002162
3179,0.0972398,0.0003337,0.0002162
3180,0.0971808,0.0003335,0.0002161
3181,0.0971217,0.0003333,0.0002160
3182,0.0970627,0.0003331,0.0002159
3183,0.0970038,0.0003329,0.0002158
3184,0.0969449,0.0003326,0.0002158
3185,0.0968860,0.0003324,0.0002157
3186,0.0968271,0.0003322,0.0002156
3187,0.0967683,0.0003320,0.0002155
3188,0.0967095,0.0003318,0.0002154
3189,0.0966507,0.0003316,0.0002154
3190,0.0965920,0.0003314,0.0002153
3191,0.0965333,0.0003312,0.0002152
3192,0.0964746,0.0003310,0.0002151
3193,0.0964160,0.0003308,0.0002150
3194,0.0963574,0.0003305,0.0002150
3195,0.0962988,0.0003303,0.0002149
3196,0.0962403,0.0003301,0.0002148
3197,0.0961818,0.0003299,0.0002147
3198,0.0961233,0.0003297,0.0002147
3199,0.0960649,0.0003295,0.0002146
3200,0.0960065,0.0003293,0.0002145
3201,0.0959481,0.0003291,0.0002144
3202,0.0958898,0.0003289,0.0002143
3203,0.0958315,0.0003287,0.0002143
3204,0.0957732,0.0003285,0.0002142
3205,0.0957150,0.0003283,0.0002141
3206,0.0956568,0.0003280,0.0002140
3207,0.0955986,0.0003278,0.0002139
3208,0.0955405,0.0003276,0.0002139
3209,0.0954824,0.0003274,0.0002138
3210,0.0954243,0.0003272,0.0002137
3211,0.0953663,0.0003270,0.0002136
3212,0.0953083,0.0003268,0.0002135
3213,0.0952503,0.0003266,0.0002135
3214,0.0951924,0.0003264,0.0002134
3215,0.0951345,0.0003262,0.0002133
3216,0.0950766,0.0003260,0.0002132
3217,0.0950188,0.0003258,0.0002131
3218,0.0949610,0.0003256,0.0002131
3219,0.0949032,0.0003254,0.0002130
3220,0.0948455,0.0003252,0.0002129
3221,0.0947878,0.0003250,0.0002128
3222,0.0947301,0.0003247,0.0002127
3223,0.0946724,0.0003245,0.0002126
3224,0.0946148,0.0003243,0.0002126
3225,0.0945573,0.0003241,0.0002125
3226,0.0944997,0.0003239,0.0002124
3227,0.0944422,0.0003237,0.0002123
3228,0.0943847,0.0003235,0.0002122
3229,0.0943273,0.0003233,0.0002122
3230,0.0942699,0.0003231,0.0002121
3231,0.0942125,0.0003229,0.0002120
3232,0.0941552,0.0003227,0.0002119
3233,0.0940979,0.0003225,0.0002118
3234,0.0940406,0.0003223,0.0002118
3235,0.0939833,0.0003221,0.0002117
3236,0.0939261,0.0003219,0.0002116
3237,0.0938689,0.0003217,0.0002115
3238,0.0938118,0.0003215,0.0002114
3239,0.0937547,0.0003213,0.0002114
3240,0.0936976,0.0003211,0.0002113
3241,0.0936405,0.0003209,0.0002112
3242,0.0935835,0.0003207,0.0002111
3243,0.0935265,0.0003205,0.0002110
3244,0.0934696,0.0003203,0.0002109
3245,0.0934127,0.0003201,0.0002109
3246,0.0933558,0.0003199,0.0002108
3247,0.0932989,0.0003197,0.0002107
3248,0.0932421,0.0003195,0.0002106
3249,0.0931853,0.0003193,0.0002105
3250,0.0931285,0.0003191,0.0002105
3251,0.0930718,0.0003189,0.0002104
3252,0.0930151,0.0003187,0.0002103
3253,0.0929585,0.0003185,0.0002102
3254,0.0929018,0.0003183,0.0002101
3255,0.0928452,0.0003181,0.0002101
3256,0.0927887,0.0003179,0.0002100
3257,0.0927322,0.0003177,0.0002099
3258,0.0926757,0.0003175,0.0002098
3259,0.0926192,0.0003173,0.0002097
3260,0.0925628,0.0003171,0.0002096
3261,0.0925064,0.0003169,0.0002096
3262,0.0924500,0.0003167,0.0002095
3263,0.0923937,0.0003165,0.0002094
3264,0.0923374,0.0003163,0.0002093
3265,0.0922811,0.0003161,0.0002092
3266,0.0922249,0.0003159,0.0002092
3267,0.0921686,0.0003157,0.0002091
3268,0.0921125,0.0003155,0.0002090
3269,0.0920563,0.0003153,0.0002089
3270,0.0920002,0.0003151,0.0002088
3271,0.0919442,0.0003149,0.0002087
3272,0.0918881,0.0003147,0.0002087
3273,0.0918321,0.0003145,0.0002086
3274,0.0917761,0.0003143,0.0002085
3275,0.0917202,0.0003141,0.0002084
3276,0.0916643,0.0003139,0.0002083
3277,0.0916084,0.0003137,0.0002082
3278,0.0915525,0.0003135,0.0002082
3279,0.0914967,0.0003133,0.0002081
3280,0.0914409,0.0003131,0.0002080
3281,0.0913852,0.0003129,0.0002079
3282,0.0913294,0.0003127,0.0002078
3283,0.0912738,0.0003125,0.0002078
3284,0.0912181,0.0003123,0.0002077
3285,0.0911625,0.0003121,0.0002076
3286,0.0911069,0.0003119,0.0002075
3287,0.0910513,0.0003117,0.0002074
3288,0.0909958,0.0003115,0.0002073
3289,0.0909403,0.0003113,0.0002073
3290,0.0908848,0.0003111,0.0002072
3291,0.0908294,0.0003110,0.0002071
3292,0.0907740,0.0003108,0.0002070
3293,0.0907186,0.0003106,0.0002069
3294,0.0906633,0.0003104,0.0002068
3295,0.0906080,0.0003102,0.0002068
3296,0.0905527,0.0003100,0.0002067
3297,0.0904975,0.0003098,0.0002066
3298,0.0904423,0.0003096,0.0002065
3299,0.0903871,0.0003094,0.0002064
3300,0.0903320,0.0003092,0.0002063
3301,0.0902769,0.0003090,0.0002063
3302,0.0902218,0.0003088,0.0002062
3303,0.0901667,0.0003086,0.0002061
3304,0.0901117,0.0003084,0.0002060
3305,0.0900567,0.0003082,0.0002059
3306,0.0900018,0.0003080,0.0002058
3307,0.0899469,0.0003079,0.0002058
3308,0.0898920,0.0003077,0.0002057
3309,0.0898371,0.0003075,0.0002056
3310,0.0897823,0.0003073,0.0002055
3311,0.0897275,0.0003071,0.0002054
3312,0.0896728,0.0003069,0.0002053
3313,0.0896180,0.0003067,0.0002053
3314,0.0895633,0.0003065,0.0002052
3315,0.0895087,0.0003063,0.0002051
3316,0.0894540,0.0003061,0.0002050
3317,0.0893994,0.0003059,0.0002049
3318,0.0893449,0.0003057,0.0002048
3319,0.0892903,0.0003055,0.0002048
3320,0.0892358,0.0003054,0.0002047
3321,0.0891814,0.0003052,0.0002046
3322,0.0891269,0.0003050,0.0002045
3323,0.0890725,0.0003048,0.0002044
3324,0.0890181,0.0003046,0.0002043
3325,0.0889638,0.0003044,0.0002043
3326,0.0889095,0.0003042,0.0002042
3327,0.0888552,0.0003040,0.0002041
3328,0.0888010,0.0003038,0.0002040
3329,0.0887467,0.0003036,0.0002039
3330,0.0886926,0.0003035,0.0002038
3331,0.0886384,0.0003033,0.0002038
3332,0.0885843,0.0003031,0.0002037
3333,0.0885302,0.0003029,0.0002036
3334,0.0884761,0.0003027,0.0002035
3335,0.0884221,0.0003025,0.0002034
3336,0.0883681,0.0003023,0.0002033
3337,0.0883141,0.0003021,0.0002033
3338,0.0882602,0.0003019,0.0002032
3339,0.0882063,0.0003018,0.0002031
3340,0.0881524,0.0003016,0.0002030
3341,0.0880986,0.0003014,0.0002029
3342,0.0880448,0.0003012,0.0002028
3343,0.0879910,0.0003010,0.0002027
3344,0.0879373,0.0003008,0.0002027
3345,0.0878836,0.0003006,0.0002026
3346,0.0878299,0.0003004,0.0002025
3347,0.0877762,0.0003002,0.0002024
3348,0.0877226,0.0003001,0.0002023
3349,0.0876690,0.0002999,0.0002022
3350,0.0876155,0.0002997,0.0002022
3351,0.0875620,0.0002995,0.0002021
3352,0.0875085,0.0002993,0.0002020
3353,0.0874550,0.0002991,0.0002019
3354,0.0874016,0.0002989,0.0002018
3355,0.0873482,0.0002988,0.0002017
3356,0.0872948,0.0002986,0.0002017
3357,0.0872415,0.0002984,0.0002016
3358,0.0871882,0.0002982,0.0002015
3359,0.0871349,0.0002980,0.0002014
3360,0.0870817,0.0002978,0.0002013
3361,0.0870285,0.0002976,0.0002012
3362,0.0869753,0.0002975,0.0002011
3363,0.0869222,0.0002973,0.0002011
3364,0.0868691,0.0002971,0.0002010
3365,0.0868160,0.0002969,0.0002009
3366,0.0867629,0.0002967,0.0002008
3367,0.0867099,0.0002965,0.0002007
3368,0.0866569,0.0002963,0.0002006
3369,0.0866040,0.0002962,0.0002006
3370,0.0865511,0.0002960,0.0002005
3371,0.0864982,0.0002958,0.0002004
3372,0.0864453,0.0002956,0.0002003
3373,0.0863925,0.0002954,0.0002002
3374,0.0863397,0.0002952,0.0002001
3375,0.0862869,0.0002951,0.0002000
3376,0.0862342,0.0002949,0.0002000
3377,0.0861815,0.0002947,0.0001999
3378,0.0861288,0.0002945,0.0001998
3379,0.0860762,0.0002943,0.0001997
3380,0.0860236,0.0002941,0.0001996
3381,0.0859710,0.0002940,0.0001995
3382,0.0859184,0.0002938,0.0001994
3383,0.0858659,0.0002936,0.0001994
3384,0.0858134,0.0002934,0.0001993
3385,0.0857610,0.0002932,0.0001992
3386,0.0857085,0.0002930,0.0001991
3387,0.0856562,0.0002929,0.0001990
3388,0.0856038,0.0002927,0.0001989
3389,0.0855515,0.0002925,0.0001989
3390,0.0854992,0.0002923,0.0001988
3391,0.0854469,0.0002921,0.0001987
3392,0.0853947,0.0002920,0.0001986
3393,0.0853425,0.0002918,0.0001985
3394,0.0852903,0.0002916,0.0001984
3395,0.0852382,0.0002914,0.0001983
3396,0.0851860,0.0002912,0.0001983
3397,0.0851340,0.0002911,0.0001982
3398,0.0850819,0.0002909,0.0001981
3399,0.0850299,0.0002907,0.0001980
3400,0.0849779,0.0002905,0.0001979
3401,0.0849260,0.0002903,0.0001978
3402,0.0848740,0.0002902,0.0001977
3403,0.0848221,0.0002900,0.0001977
3404,0.0847703,0.0002898,0.0001976
3405,0.0847184,0.0002896,0.0001975
3406,0.0846666,0.0002894,0.0001974
3407,0.0846149,0.0002893,0.0001973
3408,0.0845631,0.0002891,0.0001972
3409,0.0845114,0.0002889,0.0001971
3410,0.0844598,0.0002887,0.0001971
3411,0.0844081,0.0002885,0.0001970
3412,0.0843565,0.0002884,0.0001969
3413,0.0843049,0.0002882,0.0001968
3414,0.0842534,0.0002880,0.0001967
3415,0.0842018,0.0002878,0.0001966
3416,0.0841504,0.0002876,0.0001965
3417,0.0840989,0.0002875,0.0001965
3418,0.0840475,0.0002873,0.0001964
3419,0.0839961,0.0002871,0.0001963
3420,0.0839447,0.0002869,0.0001962
3421,0.0838934,0.0002868,0.0001961
3422,0.0838421,0.0002866,0.0001960
3423,0.0837908,0.0002864,0.0001959
3424,0.0837396,0.0002862,0.0001959
3425,0.0836883,0.0002860,0.0001958
3426,0.0836372,0.0002859,0.0001957
3427,0.0835860,0.0002857,0.0001956
3428,0.0835349,0.0002855,0.0001955
3429,0.0834838,0.0002853,0.0001954
3430,0.0834327,0.0002852,0.0001953
3431,0.0833817,0.0002850,0.0001953
3432,0.0833307,0.0002848,0.0001952
3433,0.0832798,0.0002846,0.0001951
3434,0.0832288,0.0002845,0.0001950
3435,0.0831779,0.0002843,0.0001949
3436,0.0831271,0.0002841,0.0001948
3437,0.0830762,0.0002839,0.0001947
3438,0.0830254,0.0002838,0.0001947
3439,0.0829746,0.0002836,0.0001946
3440,0.0829239,0.0002834,0.0001945
3441,0.0828732,0.0002832,0.0001944
3442,0.0828225,0.0002831,0.0001943
3443,0.0827718,0.0002829,0.0001942
3444,0.0827212,0.0002827,0.0001941
3445,0.0826706,0.0002825,0.0001941
3446,0.0826200,0.0002824,0.0001940
3447,0.0825695,0.0002822,0.0001939
3448,0.0825190,0.0002820,0.0001938
3449,0.0824685,0.0002818,0.0001937
3450,0.0824181,0.0002817,0.0001936
3451,0.0823677,0.0002815,0.0001935
3452,0.0823173,0.0002813,0.0001935
3453,0.0822669,0.0002811,0.0001934
3454,0.0822166,0.0002810,0.0001933
3455,0.0821663,0.0002808,0.0001932
3456,0.0821161,0.0002806,0.0001931
3457,0.0820658,0.0002804,0.0001930
3458,0.0820156,0.0002803,0.0001929
3459,0.0819655,0.0002801,0.0001929
3460,0.0819153,0.0002799,0.0001928
3461,0.0818652,0.0002798,0.0001927
3462,0.0818151,0.0002796,0.0001926
3463,0.0817651,0.0002794,0.0001925
3464,0.0817151,0.0002792,0.0001924
3465,0.0816651,0.0002791,0.0001923
3466,0.0816152,0.0002789,0.0001923
3467,0.0815652,0.0002787,0.0001922
3468,0.0815153,0.0002786,0.0001921
3469,0.0814655,0.0002784,0.0001920
3470,0.0814156,0.0002782,0.0001919
3471,0.0813658,0.0002780,0.0001918
3472,0.0813161,0.0002779,0.0001917
3473,0.0812663,0.0002777,0.0001916
3474,0.0812166,0.0002775,0.0001916
3475,0.0811670,0.0002774,0.0001915
3476,0.0811173,0.0002772,0.0001914
3477,0.0810677,0.0002770,0.0001913
3478,0.0810181,0.0002768,0.0001912
3479,0.0809685,0.0002767,0.0001911
3480,0.0809190,0.0002765,0.0001910
3481,0.0808695,0.0002763,0.0001910
3482,0.0808201,0.0002762,0.0001909
3483,0.0807706,0.0002760,0.0001908
3484,0.0807212,0.0002758,0.0001907
3485,0.0806718,0.0002757,0.0001906
3486,0.0806225,0.0002755,0.0001905
3487,0.0805732,0.0002753,0.0001904
3488,0.0805239,0.0002751,0.0001904
3489,0.0804746,0.0002750,0.0001903
3490,0.0804254,0.0002748,0.0001902
3491,0.0803762,0.0002746,0.0001901
3492,0.0803271,0.0002745,0.0001900
3493,0.0802779,0.0002743,0.0001899
3494,0.0802288,0.0002741,0.0001898
3495,0.0801798,0.0002740,0.0001897
3496,0.0801307,0.0002738,0.0001897
3497,0.0800817,0.0002736,0.0001896
3498,0.0800327,0.0002735,0.0001895
3499,0.0799838,0.0002733,0.0001894
3500,0.0799349,0.0002731,0.0001893
3501,0.0798860,0.0002730,0.0001892
3502,0.0798371,0.0002728,0.0001891
3503,0.0797883,0.0002726,0.0001891
3504,0.0797395,0.0002725,0.0001890
3505,0.0796907,0.0002723,0.0001889
3506,0.0796420,0.0002721,0.0001888
3507,0.0795933,0.0002720,0.0001887
3508,0.0795446,0.0002718,0.0001886
3509,0.0794959,0.0002716,0.0001885
3510,0.0794473,0.0002715,0.0001885
3511,0.0793987,0.0002713,0.0001884
3512,0.0793502,0.0002711,0.0001883
3513,0.0793016,0.0002710,0.0001882
3514,0.0792531,0.0002708,0.0001881
3515,0.0792047,0.0002706,0.0001880
3516,0.0791562,0.0002705,0.0001879
3517,0.0791078,0.0002703,0.0001878
3518,0.0790595,0.0002701,0.0001878
3519,0.0790111,0.0002700,0.0001877
3520,0.0789628,0.0002698,0.0001876
3521,0.0789145,0.0002696,0.0001875
3522,0.0788662,0.0002695,0.0001874
3523,0.0788180,0.0002693,0.0001873
3524,0.0787698,0.0002691,0.0001872
3525,0.0787217,0.0002690,0.0001872
3526,0.0786735,0.0002688,0.0001871
3527,0.0786254,0.0002686,0.0001870
3528,0.0785773,0.0002685,0.0001869
3529,0.0785293,0.0002683,0.0001868
3530,0.0784813,0.0002682,0.0001867
3531,0.0784333,0.0002680,0.0001866
3532,0.0783853,0.0002678,0.0001865
3533,0.0783374,0.0002677,0.0001865
3534,0.0782895,0.0002675,0.0001864
3535,0.0782416,0.0002673,0.0001863
3536,0.0781938,0.0002672,0.0001862
3537,0.0781460,0.0002670,0.0001861
3538,0.0780982,0.0002669,0.0001860
3539,0.0780505,0.0002667,0.0001859
3540,0.0780027,0.0002665,0.0001859
3541,0.0779551,0.0002664,0.0001858
3542,0.0779074,0.0002662,0.0001857
3543,0.0778598,0.0002660,0.0001856
3544,0.0778122,0.0002659,0.0001855
3545,0.0777646,0.0002657,0.0001854
3546,0.0777171,0.0002656,0.0001853
3547,0.0776696,0.0002654,0.0001852
3548,0.0776221,0.0002652,0.0001852
3549,0.0775746,0.0002651,0.0001851
3550,0.0775272,0.0002649,0.0001850
3551,0.0774798,0.0002647,0.0001849
3552,0.0774325,0.0002646,0.0001848
3553,0.0773851,0.0002644,0.0001847
3554,0.0773378,0.0002643,0.0001846
3555,0.0772906,0.0002641,0.0001846
3556,0.0772433,0.0002639,0.0001845
3557,0.0771961,0.0002638,0.0001844
3558,0.0771489,0.0002636,0.0001843
3559,0.0771018,0.0002635,0.0001842
3560,0.0770546,0.0002633,0.0001841
3561,0.0770076,0.0002631,0.0001840
3562,0.0769605,0.0002630,0.0001839
3563,0.0769135,0.0002628,0.0001839
3564,0.0768665,0.0002627,0.0001838
3565,0.0768195,0.0002625,0.0001837
3566,0.0767725,0.0002623,0.0001836
3567,0.0767256,0.0002622,0.0001835
3568,0.0766787,0.0002620,0.0001834
3569,0.0766319,0.0002619,0.0001833
3570,0.0765851,0.0002617,0.0001833
3571,0.0765383,0.0002615,0.0001832
3572,0.0764915,0.0002614,0.0001831
3573,0.0764448,0.0002612,0.0001830
3574,0.0763981,0.0002611,0.0001829
3575,0.0763514,0.0002609,0.0001828
3576,0.0763047,0.0002607,0.0001827
3577,0.0762581,0.0002606,0.0001826
3578,0.0762115,0.0002604,0.0001826
3579,0.0761650,0.0002603,0.0001825
3580,0.0761184,0.0002601,0.0001824
3581,0.0760719,0.0002600,0.0001823
3582,0.0760255,0.0002598,0.0001822
3583,0.0759790,0.0002596,0.0001821
3584,0.0759326,0.0002595,0.0001820
3585,0.0758862,0.0002593,0.0001820
3586,0.0758399,0.0002592,0.0001819
3587,0.0757936,0.0002590,0.0001818
3588,0.0757473,0.0002589,0.0001817
3589,0.0757010,0.0002587,0.0001816
3590,0.0756548,0.0002585,0.0001815
3591,0.0756086,0.0002584,0.0001814
3592,0.0755624,0.0002582,0.0001813
3593,0.0755162,0.0002581,0.0001813
3594,0.0754701,0.0002579,0.0001812
3595,0.0754240,0.0002578,0.0001811
3596,0.0753780,0.0002576,0.0001810
3597,0.0753320,0.0002574,0.0001809
3598,0.0752860,0.0002573,0.0001808
3599,0.0752400,0.0002571,0.0001807
3600,0.0751940,0.0002570,0.0001807
3601,0.0751481,0.0002568,0.0001806
3602,0.0751023,0.0002567,0.0001805
3603,0.0750564,0.0002565,0.0001804
3604,0.0750106,0.0002564,0.0001803
3605,0.0749648,0.0002562,0.0001802
3606,0.0749190,0.0002560,0.0001801
3607,0.0748733,0.0002559,0.0001800
3608,0.0748276,0.0002557,0.0001800
3609,0.0747819,0.0002556,0.0001799
3610,0.0747363,0.0002554,0.0001798
3611,0.0746906,0.0002553,0.0001797
3612,0.0746451,0.0002551,0.0001796
3613,0.0745995,0.0002550,0.0001795
3614,0.0745540,0.0002548,0.0001794
3615,0.0745085,0.0002547,0.0001794
3616,0.0744630,0.0002545,0.0001793
3617,0.0744175,0.0002543,0.0001792
3618,0.0743721,0.0002542,0.0001791
3619,0.0743268,0.0002540,0.0001790
3620,0.0742814,0.0002539,0.0001789
3621,0.0742361,0.0002537,0.0001788
3622,0.0741908,0.0002536,0.0001787
3623,0.0741455,0.0002534,0.0001787
3624,0.0741003,0.0002533,0.0001786
3625,0.0740551,0.0002531,0.0001785
3626,0.0740099,0.0002530,0.0001784
3627,0.0739647,0.0002528,0.0001783
3628,0.0739196,0.0002527,0.0001782
3629,0.0738745,0.0002525,0.0001781
3630,0.0738295,0.0002524,0.0001781
3631,0.0737844,0.0002522,0.0001780
3632,0.0737394,0.0002521,0.0001779
3633,0.0736944,0.0002519,0.0001778
3634,0.0736495,0.0002517,0.0001777
3635,0.0736046,0.0002516,0.0001776
3636,0.0735597,0.0002514,0.0001775
3637,0.0735148,0.0002513,0.0001775
3638,0.0734700,0.0002511,0.0001774
3639,0.0734252,0.0002510,0.0001773
3640,0.0733804,0.0002508,0.0001772
3641,0.0733357,0.0002507,0.0001771
3642,0.0732910,0.0002505,0.0001770
3643,0.0732463,0.0002504,0.0001769
3644,0.0732016,0.0002502,0.0001768
3645,0.0731570,0.0002501,0.0001768
3646,0.0731124,0.0002499,0.0001767
3647,0.0730678,0.0002498,0.0001766
3648,0.0730233,0.0002496,0.0001765
3649,0.0729788,0.0002495,0.0001764
3650,0.0729343,0.0002493,0.0001763
3651,0.0728899,0.0002492,0.0001762
3652,0.0728454,0.0002490,0.0001762
3653,0.0728010,0.0002489,0.0001761
3654,0.0727567,0.0002487,0.0001760
3655,0.0727123,0.0002486,0.0001759
3656,0.0726680,0.0002484,0.0001758
3657,0.0726237,0.0002483,0.0001757
3658,0.0725795,0.0002481,0.0001756
3659,0.0725353,0.0002480,0.0001756
3660,0.0724911,0.0002478,0.0001755
3661,0.0724469,0.0002477,0.0001754
3662,0.0724028,0.0002475,0.0001753
3663,0.0723587,0.0002474,0.0001752
3664,0.0723146,0.0002472,0.0001751
3665,0.0722705,0.0002471,0.0001750
3666,0.0722265,0.0002469,0.0001749
3667,0.0721825,0.0002468,0.0001749
3668,0.0721386,0.0002467,0.0001748
3669,0.0720946,0.0002465,0.0001747
3670,0.0720507,0.0002464,0.0001746
3671,0.0720069,0.0002462,0.0001745
3672,0.0719630,0.0002461,0.0001744
3673,0.0719192,0.0002459,0.0001743
3674,0.0718754,0.0002458,0.0001743
3675,0.0718316,0.0002456,0.0001742
3676,0.0717879,0.0002455,0.0001741
3677,0.0717442,0.0002453,0.0001740
3678,0.0717005,0.0002452,0.0001739
3679,0.0716569,0.0002450,0.0001738
3680,0.0716133,0.0002449,0.0001737
3681,0.0715697,0.0002447,0.0001737
3682,0.0715261,0.0002446,0.0001736
3683,0.0714826,0.0002444,0.0001735
3684,0.0714391,0.0002443,0.0001734
3685,0.0713956,0.0002442,0.0001733
3686,0.0713522,0.0002440,0.0001732
3687,0.0713087,0.0002439,0.0001731
3688,0.0712653,0.0002437,0.0001731
3689,0.0712220,0.0002436,0.0001730
3690,0.0711787,0.0002434,0.0001729
3691,0.0711354,0.0002433,0.0001728
3692,0.0710921,0.0002431,0.0001727
3693,0.0710488,0.0002430,0.0001726
3694,0.0710056,0.0002428,0.0001725
3695,0.0709624,0.0002427,0.0001725
3696,0.0709193,0.0002426,0.0001724
3697,0.0708761,0.0002424,0.0001723
3698,0.0708330,0.0002423,0.0001722
3699,0.0707900,0.0002421,0.0001721
3700,0.0707469,0.0002420,0.0001720
3701,0.0707039,0.0002418,0.0001719
3702,0.0706609,0.0002417,0.0001719
3703,0.0706179,0.0002415,0.0001718
3704,0.0705750,0.0002414,0.0001717
3705,0.0705321,0.0002413,0.0001716
3706,0.0704892,0.0002411,0.0001715
3707,0.0704464,0.0002410,0.0001714
3708,0.0704036,0.0002408,0.0001713
3709,0.0703608,0.0002407,0.0001713
3710,0.0703180,0.0002405,0.0001712
3711,0.0702753,0.0002404,0.0001711
3712,0.0702326,0.0002402,0.0001710
3713,0.0701899,0.0002401,0.0001709
3714,0.0701473,0.0002400,0.0001708
3715,0.0701046,0.0002398,0.0001707
3716,0.0700621,0.0002397,0.0001707
3717,0.0700195,0.0002395,0.0001706
3718,0.0699770,0.0002394,0.0001705
3719,0.0699345,0.0002392,0.0001704
3720,0.0698920,0.0002391,0.0001703
3721,0.0698495,0.0002390,0.0001702
3722,0.0698071,0.0002388,0.0001701
3723,0.0697647,0.0002387,0.0001701
3724,0.0697223,0.0002385,0.0001700
3725,0.0696800,0.0002384,0.0001699
3726,0.0696377,0.0002383,0.0001698
3727,0.0695954,0.0002381,0.0001697
3728,0.0695532,0.0002380,0.0001696
3729,0.0695109,0.0002378,0.0001695
3730,0.0694688,0.0002377,0.0001695
3731,0.0694266,0.0002375,0.0001694
3732,0.0693844,0.0002374,0.0001693
3733,0.0693423,0.0002373,0.0001692
3734,0.0693003,0.0002371,0.0001691
3735,0.0692582,0.0002370,0.0001690
3736,0.0692162,0.0002368,0.0001689
3737,0.0691742,0.0002367,0.0001689
3738,0.0691322,0.0002366,0.0001688
3739,0.0690903,0.0002364,0.0001687
3740,0.0690484,0.0002363,0.0001686
3741,0.0690065,0.0002361,0.0001685
3742,0.0689646,0.0002360,0.0001684
3743,0.0689228,0.0002359,0.0001683
3744,0.0688810,0.0002357,0.0001683
3745,0.0688392,0.0002356,0.0001682
3746,0.0687975,0.0002354,0.0001681
3747,0.0687558,0.0002353,0.0001680
3748,0.0687141,0.0002352,0.0001679
3749,0.0686724,0.0002350,0.0001678
3750,0.0686308,0.0002349,0.0001678
3751,0.0685892,0.0002347,0.0001677
3752,0.0685476,0.0002346,0.0001676
3753,0.0685061,0.0002345,0.0001675
3754,0.0684645,0.0002343,0.0001674
3755,0.0684230,0.0002342,0.0001673
3756,0.0683816,0.0002340,0.0001672
3757,0.0683401,0.0002339,0.0001672
3758,0.0682987,0.0002338,0.0001671
3759,0.0682574,0.0002336,0.0001670
3760,0.0682160,0.0002335,0.0001669
3761,0.0681747,0.0002334,0.0001668
3762,0.0681334,0.0002332,0.0001667
3763,0.0680921,0.0002331,0.0001666
3764,0.0680509,0.0002329,0.0001666
3765,0.0680097,0.0002328,0.0001665
3766,0.0679685,0.0002327,0.0001664
3767,0.0679273,0.0002325,0.0001663
3768,0.0678862,0.0002324,0.0001662
3769,0.0678451,0.0002323,0.0001661
3770,0.0678040,0.0002321,0.0001661
3771,0.0677630,0.0002320,0.0001660
3772,0.0677220,0.0002318,0.0001659
3773,0.0676810,0.0002317,0.0001658
3774,0.0676400,0.0002316,0.0001657
3775,0.0675991,0.0002314,0.0001656
3776,0.0675582,0.0002313,0.0001655
3777,0.0675173,0.0002312,0.0001655
3778,0.0674764,0.0002310,0.0001654
3779,0.0674356,0.0002309,0.0001653
3780,0.0673948,0.0002308,0.0001652
3781,0.0673541,0.0002306,0.0001651
3782,0.0673133,0.0002305,0.0001650
3783,0.0672726,0.0002303,0.0001650
3784,0.0672319,0.0002302,0.0001649
3785,0.0671913,0.0002301,0.0001648
3786,0.0671507,0.0002299,0.0001647
3787,0.0671101,0.0002298,0.0001646
3788,0.0670695,0.0002297,0.0001645
3789,0.0670289,0.0002295,0.0001644
3790,0.0669884,0.0002294,0.0001644
3791,0.0669479,0.0002293,0.0001643
3792,0.0669075,0.0002291,0.0001642
3793,0.0668670,0.0002290,0.0001641
3794,0.0668266,0.0002289,0.0001640
3795,0.0667863,0.0002287,0.0001639
3796,0.0667459,0.0002286,0.0001639
3797,0.0667056,0.0002285,0.0001638
3798,0.0666653,0.0002283,0.0001637
3799,0.0666250,0.0002282,0.0001636
3800,0.0665848,0.0002281,0.0001635
3801,0.0665446,0.0002279,0.0001634
3802,0.0665044,0.0002278,0.0001633
3803,0.0664642,0.0002277,0.0001633
3804,0.0664241,0.0002275,0.0001632
3805,0.0663840,0.0002274,0.0001631
3806,0.0663439,0.0002273,0.0001630
3807,0.0663039,0.0002271,0.0001629
3808,0.0662638,0.0002270,0.0001628
3809,0.0662239,0.0002269,0.0001628
3810,0.0661839,0.0002267,0.0001627
3811,0.0661440,0.0002266,0.0001626
3812,0.0661040,0.0002265,0.0001625
3813,0.0660642,0.0002263,0.0001624
3814,0.0660243,0.0002262,0.0001623
3815,0.0659845,0.0002261,0.0001623
3816,0.0659447,0.0002259,0.0001622
3817,0.0659049,0.0002258,0.0001621
3818,0.0658652,0.0002257,0.0001620
3819,0.0658254,0.0002255,0.0001619
3820,0.0657858,0.0002254,0.0001618
3821,0.0657461,0.0002253,0.0001618
3822,0.0657065,0.0002251,0.0001617
3823,0.0656668,0.0002250,0.0001616
3824,0.0656273,0.0002249,0.0001615
3825,0.0655877,0.0002247,0.0001614
3826,0.0655482,0.0002246,0.0001613
3827,0.0655087,0.0002245,0.0001613
3828,0.0654692,0.0002243,0.0001612
3829,0.0654298,0.0002242,0.0001611
3830,0.0653904,0.0002241,0.0001610
3831,0.0653510,0.0002240,0.0001609
3832,0.0653116,0.0002238,0.0001608
3833,0.0652723,0.0002237,0.0001608
3834,0.0652330,0.0002236,0.0001607
3835,0.0651937,0.0002234,0.0001606
3836,0.0651544,0.0002233,0.0001605
3837,0.0651152,0.0002232,0.0001604
3838,0.0650760,0.0002230,0.0001603
3839,0.0650368,0.0002229,0.0001603
3840,0.0649977,0.0002228,0.0001602
3841,0.0649586,0.0002226,0.0001601
3842,0.0649195,0.0002225,0.0001600
3843,0.0648804,0.0002224,0.0001599
3844,0.0648414,0.0002223,0.0001598
3845,0.0648024,0.0002221,0.0001598
3846,0.0647634,0.0002220,0.0001597
3847,0.0647244,0.0002219,0.0001596
3848,0.0646855,0.0002217,0.0001595
3849,0.0646466,0.0002216,0.0001594
3850,0.0646077,0.0002215,0.0001593
3851,0.0645689,0.0002214,0.0001593
3852,0.0645301,0.0002212,0.0001592
3853,0.0644913,0.0002211,0.0001591
3854,0.0644525,0.0002210,0.0001590
3855,0.0644138,0.0002208,0.0001589
3856,0.0643751,0.0002207,0.0001588
3857,0.0643364,0.0002206,0.0001588
3858,0.0642977,0.0002205,0.0001587
3859,0.0642591,0.0002203,0.0001586
3860,0.0642205,0.0002202,0.0001585
3861,0.0641819,0.0002201,0.0001584
3862,0.0641434,0.0002199,0.0001583
3863,0.0641049,0.0002198,0.0001583
3864,0.0640664,0.0002197,0.0001582
3865,0.0640279,0.0002196,0.0001581
3866,0.0639895,0.0002194,0.0001580
3867,0.0639511,0.0002193,0.0001579
3868,0.0639127,0.0002192,0.0001578
3869,0.0638743,0.0002191,0.0001578
3870,0.0638360,0.0002189,0.0001577
3871,0.0637977,0.0002188,0.0001576
3872,0.0637594,0.0002187,0.0001575
3873,0.0637212,0.0002185,0.0001574
3874,0.0636829,0.0002184,0.0001573
3875,0.0636447,0.0002183,0.0001573
3876,0.0636066,0.0002182,0.0001572
3877,0.0635684,0.0002180,0.0001571
3878,0.0635303,0.0002179,0.0001570
3879,0.0634922,0.0002178,0.0001569
3880,0.0634541,0.0002177,0.0001569
3881,0.0634161,0.0002175,0.0001568
3882,0.0633781,0.0002174,0.0001567
3883,0.0633401,0.0002173,0.0001566
3884,0.0633022,0.0002172,0.0001565
3885,0.0632642,0.0002170,0.0001564
3886,0.0632263,0.0002169,0.0001564
3887,0.0631885,0.0002168,0.0001563
3888,0.0631506,0.0002167,0.0001562
3889,0.0631128,0.0002165,0.0001561
3890,0.0630750,0.0002164,0.0001560
3891,0.0630372,0.0002163,0.0001559
3892,0.0629995,0.0002162,0.0001559
3893,0.0629618,0.0002160,0.0001558
3894,0.0629241,0.0002159,0.0001557
3895,0.0628864,0.0002158,0.0001556
3896,0.0628488,0.0002157,0.0001555
3897,0.0628112,0.0002155,0.0001555
3898,0.0627736,0.0002154,0.0001554
3899,0.0627360,0.0002153,0.0001553
3900,0.0626985,0.0002152,0.0001552
3901,0.0626610,0.0002150,0.0001551
3902,0.0626235,0.0002149,0.0001550
3903,0.0625861,0.0002148,0.0001550
3904,0.0625487,0.0002147,0.0001549
3905,0.0625113,0.0002145,0.0001548
3906,0.0624739,0.0002144,0.0001547
3907,0.0624366,0.0002143,0.0001546
3908,0.0623992,0.0002142,0.0001546
3909,0.0623620,0.0002140,0.0001545
3910,0.0623247,0.0002139,0.0001544
3911,0.0622875,0.0002138,0.0001543
3912,0.0622502,0.0002137,0.0001542
3913,0.0622131,0.0002136,0.0001541
3914,0.0621759,0.0002134,0.0001541
3915,0.0621388,0.0002133,0.0001540
3916,0.0621017,0.0002132,0.0001539
3917,0.0620646,0.0002131,0.0001538
3918,0.0620275,0.0002129,0.0001537
3919,0.0619905,0.0002128,0.0001537
3920,0.0619535,0.0002127,0.0001536
3921,0.0619166,0.0002126,0.0001535
3922,0.0618796,0.0002125,0.0001534
3923,0.0618427,0.0002123,0.0001533
3924,0.0618058,0.0002122,0.0001533
3925,0.0617689,0.0002121,0.0001532
3926,0.0617321,0.0002120,0.0001531
3927,0.0616953,0.0002118,0.0001530
3928,0.0616585,0.0002117,0.0001529
3929,0.0616217,0.0002116,0.0001528
3930,0.0615850,0.0002115,0.0001528
3931,0.0615483,0.0002114,0.0001527
3932,0.0615116,0.0002112,0.0001526
3933,0.0614750,0.0002111,0.0001525
3934,0.0614383,0.0002110,0.0001524
3935,0.0614017,0.0002109,0.0001524
3936,0.0613651,0.0002108,0.0001523
3937,0.0613286,0.0002106,0.0001522
3938,0.0612921,0.0002105,0.0001521
3939,0.0612556,0.0002104,0.0001520
3940,0.0612191,0.0002103,0.0001520
3941,0.0611827,0.0002101,0.0001519
3942,0.0611462,0.0002100,0.0001518
3943,0.0611098,0.0002099,0.0001517
3944,0.0610735,0.0002098,0.0001516
3945,0.0610371,0.0002097,0.0001516
3946,0.0610008,0.0002096,0.0001515
3947,0.0609645,0.0002094,0.0001514
3948,0.0609283,0.0002093,0.0001513
3949,0.0608920,0.0002092,0.0001512
3950,0.0608558,0.0002091,0.0001512
3951,0.0608196,0.0002090,0.0001511
3952,0.0607835,0.0002088,0.0001510
3953,0.0607474,0.0002087,0.0001509
3954,0.0607113,0.0002086,0.0001508
3955,0.0606752,0.0002085,0.0001508
3956,0.0606391,0.0002084,0.0001507
3957,0.0606031,0.0002082,0.0001506
3958,0.0605671,0.0002081,0.0001505
3959,0.0605311,0.0002080,0.0001504
3960,0.0604952,0.0002079,0.0001503
3961,0.0604592,0.0002078,0.0001503
3962,0.0604233,0.0002076,0.0001502
3963,0.0603875,0.0002075,0.0001501
3964,0.0603516,0.0002074,0.0001500
3965,0.0603158,0.0002073,0.0001499
3966,0.0602800,0.0002072,0.0001499
3967,0.0602443,0.0002071,0.0001498
3968,0.0602085,0.0002069,0.0001497
3969,0.0601728,0.0002068,0.0001496
3970,0.0601371,0.0002067,0.0001495
3971,0.0601014,0.0002066,0.0001495
3972,0.0600658,0.0002065,0.0001494
3973,0.0600302,0.0002064,0.0001493
3974,0.0599946,0.0002062,0.0001492
3975,0.0599590,0.0002061,0.0001492
3976,0.0599235,0.0002060,0.0001491
3977,0.0598880,0.0002059,0.0001490
3978,0.0598525,0.0002058,0.0001489
3979,0.0598171,0.0002056,0.0001488
3980,0.0597816,0.0002055,0.0001488
3981,0.0597462,0.0002054,0.0001487
3982,0.0597109,0.0002053,0.0001486
3983,0.0596755,0.0002052,0.0001485
3984,0.0596402,0.0002051,0.0001484
3985,0.0596049,0.0002049,0.0001484
3986,0.0595696,0.0002048,0.0001483
3987,0.0595343,0.0002047,0.0001482
3988,0.0594991,0.0002046,0.0001481
3989,0.0594639,0.0002045,0.0001480
3990,0.0594287,0.0002044,0.0001480
3991,0.0593936,0.0002043,0.0001479
3992,0.0593585,0.0002041,0.0001478
3993,0.0593234,0.0002040,0.0001477
3994,0.0592883,0.0002039,0.0001476
3995,0.0592533,0.0002038,0.0001476
3996,0.0592182,0.0002037,0.0001475
3997,0.0591833,0.0002036,0.0001474
3998,0.0591483,0.0002034,0.0001473
3999,0.0591133,0.0002033,0.0001472
4000,0.0590784,0.0002032,0.0001472
4001,0.0590435,0.0002031,0.0001471
4002,0.0590087,0.0002030,0.0001470
4003,0.0589738,0.0002029,0.0001469
4004,0.0589390,0.0002028,0.0001469
4005,0.0589042,0.0002026,0.0001468
4006,0.0588695,0.0002025,0.0001467
4007,0.0588347,0.0002024,0.0001466
4008,0.0588000,0.0002023,0.0001465
4009,0.0587653,0.0002022,0.0001465
4010,0.0587307,0.0002021,0.0001464
4011,0.0586960,0.0002020,0.0001463
4012,0.0586614,0.0002018,0.0001462
4013,0.0586268,0.0002017,0.0001461
4014,0.0585923,0.0002016,0.0001461
4015,0.0585577,0.0002015,0.0001460
4016,0.0585232,0.0002014,0.0001459
4017,0.0584887,0.0002013,0.0001458
4018,0.0584543,0.0002012,0.0001458
4019,0.0584199,0.0002011,0.0001457
4020,0.0583854,0.0002009,0.0001456
4021,0.0583511,0.0002008,0.0001455
4022,0.0583167,0.0002007,0.0001454
4023,0.0582824,0.0002006,0.0001454
4024,0.0582481,0.0002005,0.0001453
4025,0.0582138,0.0002004,0.0001452
4026,0.0581795,0.0002003,0.0001451
4027,0.0581453,0.0002002,0.0001450
4028,0.0581111,0.0002000,0.0001450
4029,0.0580769,0.0001999,0.0001449
4030,0.0580428,0.0001998,0.0001448
4031,0.0580086,0.0001997,0.0001447
4032,0.0579745,0.0001996,0.0001447
4033,0.0579405,0.0001995,0.0001446
4034,0.0579064,0.0001994,0.0001445
4035,0.0578724,0.0001993,0.0001444
4036,0.0578384,0.0001991,0.0001443
4037,0.0578044,0.0001990,0.0001443
4038,0.0577704,0.0001989,0.0001442
4039,0.0577365,0.0001988,0.0001441
4040,0.0577026,0.0001987,0.0001440
4041,0.0576687,0.0001986,0.0001440
4042,0.0576349,0.0001985,0.0001439
4043,0.0576011,0.0001984,0.0001438
4044,0.0575673,0.0001983,0.0001437
4045,0.0575335,0.0001981,0.0001436
4046,0.0574997,0.0001980,0.0001436
4047,0.0574660,0.0001979,0.0001435
4048,0.0574323,0.0001978,0.0001434
4049,0.0573986,0.0001977,0.0001433
4050,0.0573650,0.0001976,0.0001433
4051,0.0573314,0.0001975,0.0001432
4052,0.0572978,0.0001974,0.0001431
4053,0.0572642,0.0001973,0.0001430
4054,0.0572306,0.0001971,0.0001430
4055,0.0571971,0.0001970,0.0001429
4056,0.0571636,0.0001969,0.0001428
4057,0.0571301,0.0001968,0.0001427
4058,0.0570967,0.0001967,0.0001426
4059,0.0570632,0.0001966,0.0001426
4060,0.0570298,0.0001965,0.0001425
4061,0.0569965,0.0001964,0.0001424
4062,0.0569631,0.0001963,0.0001423
4063,0.0569298,0.0001962,0.0001423
4064,0.0568965,0.0001961,0.0001422
4065,0.0568632,0.0001959,0.0001421
4066,0.0568300,0.0001958,0.0001420
4067,0.0567967,0.0001957,0.0001420
4068,0.0567635,0.0001956,0.0001419
4069,0.0567304,0.0001955,0.0001418
4070,0.0566972,0.0001954,0.0001417
4071,0.0566641,0.0001953,0.0001416
4072,0.0566310,0.0001952,0.0001416
4073,0.0565979,0.0001951,0.0001415
4074,0.0565648,0.0001950,0.0001414
4075,0.0565318,0.0001949,0.0001413
4076,0.0564988,0.0001947,0.0001413
4077,0.0564658,0.0001946,0.0001412
4078,0.0564329,0.0001945,0.0001411
4079,0.0563999,0.0001944,0.0001410
4080,0.0563670,0.0001943,0.0001410
4081,0.0563342,0.0001942,0.0001409
4082,0.0563013,0.0001941,0.0001408
4083,0.0562685,0.0001940,0.0001407
4084,0.0562357,0.0001939,0.0001407
4085,0.0562029,0.0001938,0.0001406
4086,0.0561701,0.0001937,0.0001405
4087,0.0561374,0.0001936,0.0001404
4088,0.0561047,0.0001935,0.0001404
4089,0.0560720,0.0001933,0.0001403
4090,0.0560393,0.0001932,0.0001402
4091,0.0560067,0.0001931,0.0001401
4092,0.0559741,0.0001930,0.0001400
4093,0.0559415,0.0001929,0.0001400
4094,0.0559090,0.0001928,0.0001399
4095,0.0558764,0.0001927,0.0001398
4096,0.0558439,0.0001926,0.0001397
4097,0.0558114,0.0001925,0.0001397
4098,0.0557790,0.0001924,0.0001396
4099,0.0557465,0.0001923,0.0001395
4100,0.0557141,0.0001922,0.0001394
4101,0.0556817,0.0001921,0.0001394
4102,0.0556494,0.0001920,0.0001393
4103,0.0556170,0.0001919,0.0001392
4104,0.0555847,0.0001918,0.0001391
4105,0.0555524,0.0001916,0.0001391
4106,0.0555201,0.0001915,0.0001390
4107,0.0554879,0.0001914,0.0001389
4108,0.0554557,0.0001913,0.0001388
4109,0.0554235,0.0001912,0.0001388
4110,0.0553913,0.0001911,0.0001387
4111,0.0553592,0.0001910,0.0001386
4112,0.0553271,0.0001909,0.0001385
4113,0.0552950,0.0001908,0.0001385
4114,0.0552629,0.0001907,0.0001384
4115,0.0552308,0.0001906,0.0001383
4116,0.0551988,0.0001905,0.0001382
4117,0.0551668,0.0001904,0.0001382
4118,0.0551349,0.0001903,0.0001381
4119,0.0551029,0.0001902,0.0001380
4120,0.0550710,0.0001901,0.0001379
4121,0.0550391,0.0001900,0.0001379
4122,0.0550072,0.0001899,0.0001378
4123,0.0549753,0.0001898,0.0001377
4124,0.0549435,0.0001897,0.0001376
4125,0.0549117,0.0001895,0.0001376
4126,0.0548799,0.0001894,0.0001375
4127,0.0548482,0.0001893,0.0001374
4128,0.0548164,0.0001892,0.0001373
4129,0.0547847,0.0001891,0.0001373
4130,0.0547530,0.0001890,0.0001372
4131,0.0547214,0.0001889,0.0001371
4132,0.0546898,0.0001888,0.0001370
4133,0.0546581,0.0001887,0.0001370
4134,0.0546266,0.0001886,0.0001369
4135,0.0545950,0.0001885,0.0001368
4136,0.0545634,0.0001884,0.0001367
4137,0.0545319,0.0001883,0.0001367
4138,0.0545004,0.0001882,0.0001366
4139,0.0544690,0.0001881,0.0001365
4140,0.0544375,0.0001880,0.0001364
4141,0.0544061,0.0001879,0.0001364
4142,0.0543747,0.0001878,0.0001363
4143,0.0543433,0.0001877,0.0001362
4144,0.0543120,0.0001876,0.0001362
4145,0.0542807,0.0001875,0.0001361
4146,0.0542494,0.0001874,0.0001360
4147,0.0542181,0.0001873,0.0001359
4148,0.0541868,0.0001872,0.0001359
4149,0.0541556,0.0001871,0.0001358
4150,0.0541244,0.0001870,0.0001357
4151,0.0540932,0.0001869,0.0001356
4152,0.0540621,0.0001868,0.0001356
4153,0.0540309,0.0001867,0.0001355
4154,0.0539998,0.0001866,0.0001354
4155,0.0539688,0.0001865,0.0001353
4156,0.0539377,0.0001864,0.0001353
4157,0.0539067,0.0001863,0.0001352
4158,0.0538756,0.0001862,0.0001351
4159,0.0538447,0.0001861,0.0001350
4160,0.0538137,0.0001860,0.0001350
4161,0.0537827,0.0001859,0.0001349
4162,0.0537518,0.0001858,0.0001348
4163,0.0537209,0.0001857,0.0001348
4164,0.0536901,0.0001856,0.0001347
4165,0.0536592,0.0001855,0.0001346
4166,0.0536284,0.0001854,0.0001345
4167,0.0535976,0.0001853,0.0001345
4168,0.0535668,0.0001851,0.0001344
4169,0.0535361,0.0001850,0.0001343
4170,0.0535053,0.0001849,0.0001342
4171,0.0534746,0.0001848,0.0001342
4172,0.0534439,0.0001847,0.0001341
4173,0.0534133,0.0001846,0.0001340
4174,0.0533827,0.0001845,0.0001339
4175,0.0533520,0.0001844,0.0001339
4176,0.0533215,0.0001843,0.0001338
4177,0.0532909,0.0001842,0.0001337
4178,0.0532604,0.0001841,0.0001337
4179,0.0532298,0.0001840,0.0001336
4180,0.0531993,0.0001839,0.0001335
4181,0.0531689,0.0001838,0.0001334
4182,0.0531384,0.0001837,0.0001334
4183,0.0531080,0.0001837,0.0001333
4184,0.0530776,0.0001836,0.0001332
4185,0.0530472,0.0001835,0.0001331
4186,0.0530169,0.0001834,0.0001331
4187,0.0529866,0.0001833,0.0001330
4188,0.0529563,0.0001832,0.0001329
4189,0.0529260,0.0001831,0.0001329
4190,0.0528957,0.0001830,0.0001328
4191,0.0528655,0.0001829,0.0001327
4192,0.0528353,0.0001828,0.0001326
4193,0.0528051,0.0001827,0.0001326
4194,0.0527749,0.0001826,0.0001325
4195,0.0527448,0.0001825,0.0001324
4196,0.0527147,0.0001824,0.0001324
4197,0.0526846,0.0001823,0.0001323
4198,0.0526545,0.0001822,0.0001322
4199,0.0526244,0.0001821,0.0001321
4200,0.0525944,0.0001820,0.0001321
4201,0.0525644,0.0001819,0.0001320
4202,0.0525344,0.0001818,0.0001319
4203,0.0525045,0.0001817,0.0001319
4204,0.0524746,0.0001816,0.0001318
4205,0.0524446,0.0001815,0.0001317
4206,0.0524148,0.0001814,0.0001316
4207,0.0523849,0.0001813,0.0001316
4208,0.0523551,0.0001812,0.0001315
4209,0.0523252,0.0001811,0.0001314
4210,0.0522955,0.0001810,0.0001313
4211,0.0522657,0.0001809,0.0001313
4212,0.0522359,0.0001808,0.0001312
4213,0.0522062,0.0001807,0.0001311
4214,0.0521765,0.0001806,0.0001311
4215,0.0521468,0.0001805,0.0001310
4216,0.0521172,0.0001804,0.0001309
4217,0.0520876,0.0001803,0.0001308
4218,0.0520579,0.0001802,0.0001308
4219,0.0520284,0.0001801,0.0001307
4220,0.0519988,0.0001800,0.0001306
4221,0.0519693,0.0001799,0.0001306
4222,0.0519397,0.0001798,0.0001305
4223,0.0519103,0.0001797,0.0001304
4224,0.0518808,0.0001796,0.0001304
4225,0.0518513,0.0001795,0.0001303
4226,0.0518219,0.0001795,0.0001302
4227,0.0517925,0.0001794,0.0001301
4228,0.0517631,0.0001793,0.0001301
4229,0.0517338,0.0001792,0.0001300
4230,0.0517045,0.0001791,0.0001299
4231,0.0516751,0.0001790,0.0001299
4232,0.0516459,0.0001789,0.0001298
4233,0.0516166,0.0001788,0.0001297
4234,0.0515874,0.0001787,0.0001296
4235,0.0515581,0.0001786,0.0001296
4236,0.0515289,0.0001785,0.0001295
4237,0.0514998,0.0001784,0.0001294
4238,0.0514706,0.0001783,0.0001294
4239,0.0514415,0.0001782,0.0001293
4240,0.0514124,0.0001781,0.0001292
4241,0.0513833,0.0001780,0.0001292
4242,0.0513543,0.0001779,0.0001291
4243,0.0513252,0.0001778,0.0001290
4244,0.0512962,0.0001777,0.0001289
4245,0.0512672,0.0001776,0.0001289
4246,0.0512383,0.0001775,0.0001288
4247,0.0512093,0.0001775,0.0001287
4248,0.0511804,0.0001774,0.0001287
4249,0.0511515,0.0001773,0.0001286
4250,0.0511226,0.0001772,0.0001285
4251,0.0510938,0.0001771,0.0001284
4252,0.0510649,0.0001770,0.0001284
4253,0.0510361,0.0001769,0.0001283
4254,0.0510073,0.0001768,0.0001282
4255,0.0509786,0.0001767,0.0001282
4256,0.0509498,0.0001766,0.0001281
4257,0.0509211,0.0001765,0.0001280
4258,0.0508924,0.0001764,0.0001280
4259,0.0508638,0.0001763,0.0001279
4260,0.0508351,0.0001762,0.0001278
4261,0.0508065,0.0001761,0.0001278
4262,0.0507779,0.0001760,0.0001277
4263,0.0507493,0.0001760,0.0001276
4264,0.0507207,0.0001759,0.0001275
4265,0.0506922,0.0001758,0.0001275
4266,0.0506637,0.0001757,0.0001274
4267,0.0506352,0.0001756,0.0001273
4268,0.0506067,0.0001755,0.0001273
4269,0.0505783,0.0001754,0.0001272
4270,0.0505498,0.0001753,0.0001271
4271,0.0505214,0.0001752,0.0001271
4272,0.0504931,0.0001751,0.0001270
4273,0.0504647,0.0001750,0.0001269
4274,0.0504364,0.0001749,0.0001268
4275,0.0504081,0.0001748,0.0001268
4276,0.0503798,0.0001747,0.0001267
4277,0.0503515,0.0001747,0.0001266
4278,0.0503232,0.0001746,0.0001266
4279,0.0502950,0.0001745,0.0001265
4280,0.0502668,0.0001744,0.0001264
4281,0.0502386,0.0001743,0.0001264
4282,0.0502105,0.0001742,0.0001263
4283,0.0501823,0.0001741,0.0001262
4284,0.0501542,0.0001740,0.0001262
4285,0.0501261,0.0001739,0.0001261
4286,0.0500981,0.0001738,0.0001260
4287,0.0500700,0.0001737,0.0001260
4288,0.0500420,0.0001736,0.0001259
4289,0.0500140,0.0001736,0.0001258
4290,0.0499860,0.0001735,0.0001257
4291,0.0499581,0.0001734,0.0001257
4292,0.0499301,0.0001733,0.0001256
4293,0.0499022,0.0001732,0.0001255
4294,0.0498743,0.0001731,0.0001255
4295,0.0498465,0.0001730,0.0001254
4296,0.0498186,0.0001729,0.0001253
4297,0.0497908,0.0001728,0.0001253
4298,0.0497630,0.0001727,0.0001252
4299,0.0497352,0.0001726,0.0001251
4300,0.0497075,0.0001726,0.0001251
4301,0.0496797,0.0001725,0.0001250
4302,0.0496520,0.0001724,0.0001249
4303,0.0496243,0.0001723,0.0001249
4304,0.0495966,0.0001722,0.0001248
4305,0.0495690,0.0001721,0.0001247
4306,0.0495414,0.0001720,0.0001247
4307,0.0495138,0.0001719,0.0001246
4308,0.0494862,0.0001718,0.0001245
4309,0.0494586,0.0001717,0.0001245
4310,0.0494311,0.0001717,0.0001244
4311,0.0494036,0.0001716,0.0001243
4312,0.0493761,0.0001715,0.0001243
4313,0.0493486,0.0001714,0.0001242
4314,0.0493211,0.0001713,0.0001241
4315,0.0492937,0.0001712,0.0001241
4316,0.0492663,0.0001711,0.0001240
4317,0.0492389,0.0001710,0.0001239
4318,0.0492116,0.0001709,0.0001238
4319,0.0491842,0.0001708,0.0001238
4320,0.0491569,0.0001708,0.0001237
4321,0.0491296,0.0001707,0.0001236
4322,0.0491023,0.0001706,0.0001236
4323,0.0490751,0.0001705,0.0001235
4324,0.0490478,0.0001704,0.0001234
4325,0.0490206,0.0001703,0.0001234
4326,0.0489934,0.0001702,0.0001233
4327,0.0489663,0.0001701,0.0001232
4328,0.0489391,0.0001700,0.0001232
4329,0.0489120,0.0001700,0.0001231
4330,0.0488849,0.0001699,0.0001230
4331,0.0488578,0.0001698,0.0001230
4332,0.0488307,0.0001697,0.0001229
4333,0.0488037,0.0001696,0.0001228
4334,0.0487767,0.0001695,0.0001228
4335,0.0487497,0.0001694,0.0001227
4336,0.0487227,0.0001693,0.0001226
4337,0.0486958,0.0001693,0.0001226
4338,0.0486688,0.0001692,0.0001225
4339,0.0486419,0.0001691,0.0001224
4340,0.0486150,0.0001690,0.0001224
4341,0.0485882,0.0001689,0.0001223
4342,0.0485613,0.0001688,0.0001222
4343,0.0485345,0.0001687,0.0001222
4344,0.0485077,0.0001686,0.0001221
4345,0.0484809,0.0001686,0.0001220
4346,0.0484542,0.0001685,0.0001220
4347,0.0484274,0.0001684,0.0001219
4348,0.0484007,0.0001683,0.0001218
4349,0.0483740,0.0001682,0.0001218
4350,0.0483473,0.0001681,0.0001217
4351,0.0483207,0.0001680,0.0001216
4352,0.0482941,0.0001679,0.0001216
4353,0.0482675,0.0001679,0.0001215
4354,0.0482409,0.0001678,0.0001214
4355,0.0482143,0.0001677,0.0001214
4356,0.0481878,0.0001676,0.0001213
4357,0.0481612,0.0001675,0.0001213
4358,0.0481347,0.0001674,0.0001212
4359,0.0481082,0.0001673,0.0001211
4360,0.0480818,0.0001673,0.0001211
4361,0.0480553,0.0001672,0.0001210
4362,0.0480289,0.0001671,0.0001209
4363,0.0480025,0.0001670,0.0001209
4364,0.0479762,0.0001669,0.0001208
4365,0.0479498,0.0001668,0.0001207
4366,0.0479235,0.0001667,0.0001207
4367,0.0478972,0.0001667,0.0001206
4368,0.0478709,0.0001666,0.0001205
4369,0.0478446,0.0001665,0.0001205
4370,0.0478184,0.0001664,0.0001204
4371,0.0477921,0.0001663,0.0001203
4372,0.0477659,0.0001662,0.0001203
4373,0.0477397,0.0001661,0.0001202
4374,0.0477136,0.0001661,0.0001201
4375,0.0476874,0.0001660,0.0001201
4376,0.0476613,0.0001659,0.0001200
4377,0.0476352,0.0001658,0.0001199
4378,0.0476091,0.0001657,0.0001199
4379,0.0475831,0.0001656,0.0001198
4380,0.0475570,0.0001655,0.0001197
4381,0.0475310,0.0001655,0.0001197
4382,0.0475050,0.0001654,0.0001196
4383,0.0474790,0.0001653,0.0001196
4384,0.0474531,0.0001652,0.0001195
4385,0.0474272,0.0001651,0.0001194
4386,0.0474012,0.0001650,0.0001194
4387,0.0473754,0.0001650,0.0001193
4388,0.0473495,0.0001649,0.0001192
4389,0.0473236,0.0001648,0.0001192
4390,0.0472978,0.0001647,0.0001191
4391,0.0472720,0.0001646,0.0001190
4392,0.0472462,0.0001645,0.0001190
4393,0.0472204,0.0001644,0.0001189
4394,0.0471947,0.0001644,0.0001188
4395,0.0471690,0.0001643,0.0001188
4396,0.0471433,0.0001642,0.0001187
4397,0.0471176,0.0001641,0.0001186
4398,0.0470919,0.0001640,0.0001186
4399,0.0470663,0.0001639,0.0001185
4400,0.0470407,0.0001639,0.0001185
4401,0.0470151,0.0001638,0.0001184
4402,0.0469895,0.0001637,0.0001183
4403,0.0469639,0.0001636,0.0001183
4404,0.0469384,0.0001635,0.0001182
4405,0.0469129,0.0001634,0.0001181
4406,0.0468874,0.0001634,0.0001181
4407,0.0468619,0.0001633,0.0001180
4408,0.0468364,0.0001632,0.0001179
4409,0.0468110,0.0001631,0.0001179
4410,0.0467856,0.0001630,0.0001178
4411,0.0467602,0.0001629,0.0001178
4412,0.0467348,0.0001629,0.0001177
4413,0.0467095,0.0001628,0.0001176
4414,0.0466841,0.0001627,0.0001176
4415,0.0466588,0.0001626,0.0001175
4416,0.0466335,0.0001625,0.0001174
4417,0.0466083,0.0001625,0.0001174
4418,0.0465830,0.0001624,0.0001173
4419,0.0465578,0.0001623,0.0001172
4420,0.0465326,0.0001622,0.0001172
4421,0.0465074,0.0001621,0.0001171
4422,0.0464822,0.0001620,0.0001171
4423,0.0464571,0.0001620,0.0001170
4424,0.0464320,0.0001619,0.0001169
4425,0.0464068,0.0001618,0.0001169
4426,0.0463818,0.0001617,0.0001168
4427,0.0463567,0.0001616,0.0001167
4428,0.0463316,0.0001616,0.0001167
4429,0.0463066,0.0001615,0.0001166
4430,0.0462816,0.0001614,0.0001165
4431,0.0462566,0.0001613,0.0001165
4432,0.0462317,0.0001612,0.0001164
4433,0.0462067,0.0001611,0.0001164
4434,0.0461818,0.0001611,0.0001163
4435,0.0461569,0.0001610,0.0001162
4436,0.0461320,0.0001609,0.0001162
4437,0.0461071,0.0001608,0.0001161
4438,0.0460823,0.0001607,0.0001160
4439,0.0460575,0.0001607,0.0001160
4440,0.0460327,0.0001606,0.0001159
4441,0.0460079,0.0001605,0.0001159
4442,0.0459831,0.0001604,0.0001158
4443,0.0459584,0.0001603,0.0001157
4444,0.0459337,0.0001603,0.0001157
4445,0.0459090,0.0001602,0.0001156
4446,0.0458843,0.0001601,0.0001155
4447,0.0458596,0.0001600,0.0001155
4448,0.0458350,0.0001599,0.0001154
4449,0.0458104,0.0001599,0.0001154
4450,0.0457858,0.0001598,0.0001153
4451,0.0457612,0.0001597,0.0001152
4452,0.0457366,0.0001596,0.0001152
4453,0.0457121,0.0001595,0.0001151
4454,0.0456876,0.0001595,0.0001150
4455,0.0456631,0.0001594,0.0001150
4456,0.0456386,0.0001593,0.0001149
4457,0.0456141,0.0001592,0.0001149
4458,0.0455897,0.0001591,0.0001148
4459,0.0455652,0.0001591,0.0001147
4460,0.0455408,0.0001590,0.0001147
4461,0.0455165,0.0001589,0.0001146
4462,0.0454921,0.0001588,0.0001145
4463,0.0454678,0.0001587,0.0001145
4464,0.0454434,0.0001587,0.0001144
4465,0.0454191,0.0001586,0.0001144
4466,0.0453949,0.0001585,0.0001143
4467,0.0453706,0.0001584,0.0001142
4468,0.0453463,0.0001583,0.0001142
4469,0.0453221,0.0001583,0.0001141
4470,0.0452979,0.0001582,0.0001141
4471,0.0452737,0.0001581,0.0001140
4472,0.0452496,0.0001580,0.0001139
4473,0.0452254,0.0001579,0.0001139
4474,0.0452013,0.0001579,0.0001138
4475,0.0451772,0.0001578,0.0001137
4476,0.0451531,0.0001577,0.0001137
4477,0.0451290,0.0001576,0.0001136
4478,0.0451050,0.0001576,0.0001136
4479,0.0450810,0.0001575,0.0001135
4480,0.0450570,0.0001574,0.0001134
4481,0.0450330,0.0001573,0.0001134
4482,0.0450090,0.0001572,0.0001133
4483,0.0449851,0.0001572,0.0001133
4484,0.0449611,0.0001571,0.0001132
4485,0.0449372,0.0001570,0.0001131
4486,0.0449133,0.0001569,0.0001131
4487,0.0448895,0.0001569,0.0001130
4488,0.0448656,0.0001568,0.0001130
4489,0.0448418,0.0001567,0.0001129
4490,0.0448180,0.0001566,0.0001128
4491,0.0447942,0.0001565,0.0001128
4492,0.0447704,0.0001565,0.0001127
4493,0.0447467,0.0001564,0.0001127
4494,0.0447229,0.0001563,0.0001126
4495,0.0446992,0.0001562,0.0001125
4496,0.0446755,0.0001562,0.0001125
4497,0.0446519,0.0001561,0.0001124
4498,0.0446282,0.0001560,0.0001123
4499,0.0446046,0.0001559,0.0001123
4500,0.0445810,0.0001558,0.0001122
4501,0.0445574,0.0001558,0.0001122
4502,0.0445338,0.0001557,0.0001121
4503,0.0445102,0.0001556,0.0001120
4504,0.0444867,0.0001555,0.0001120
4505,0.0444632,0.0001555,0.0001119
4506,0.0444397,0.0001554,0.0001119
4507,0.0444162,0.0001553,0.0001118
4508,0.0443927,0.0001552,0.0001117
4509,0.0443693,0.0001552,0.0001117
4510,0.0443459,0.0001551,0.0001116
4511,0.0443224,0.0001550,0.0001116
4512,0.0442991,0.0001549,0.0001115
4513,0.0442757,0.0001549,0.0001114
4514,0.0442524,0.0001548,0.0001114
4515,0.0442290,0.0001547,0.0001113
4516,0.0442057,0.0001546,0.0001113
4517,0.0441824,0.0001545,0.0001112
4518,0.0441592,0.0001545,0.0001111
4519,0.0441359,0.0001544,0.0001111
4520,0.0441127,0.0001543,0.0001110
4521,0.0440895,0.0001542,0.0001110
4522,0.0440663,0.0001542,0.0001109
4523,0.0440431,0.0001541,0.0001108
4524,0.0440199,0.0001540,0.0001108
4525,0.0439968,0.0001539,0.0001107
4526,0.0439737,0.0001539,0.0001107
4527,0.0439506,0.0001538,0.0001106
4528,0.0439275,0.0001537,0.0001106
4529,0.0439044,0.0001536,0.0001105
4530,0.0438814,0.0001536,0.0001104
4531,0.0438584,0.0001535,0.0001104
4532,0.0438354,0.0001534,0.0001103
4533,0.0438124,0.0001533,0.0001103
4534,0.0437894,0.0001533,0.0001102
4535,0.0437665,0.0001532,0.0001101
4536,0.0437436,0.0001531,0.0001101
4537,0.0437206,0.0001530,0.0001100
4538,0.0436978,0.0001530,0.0001100
4539,0.0436749,0.0001529,0.0001099
4540,0.0436520,0.0001528,0.0001098
4541,0.0436292,0.0001527,0.0001098
4542,0.0436064,0.0001527,0.0001097
4543,0.0435836,0.0001526,0.0001097
4544,0.0435608,0.0001525,0.0001096
4545,0.0435380,0.0001524,0.0001095
4546,0.0435153,0.0001524,0.0001095
4547,0.0434926,0.0001523,0.0001094
4548,0.0434699,0.0001522,0.0001094
4549,0.0434472,0.0001521,0.0001093
4550,0.0434245,0.0001521,0.0001093
4551,0.0434019,0.0001520,0.0001092
4552,0.0433793,0.0001519,0.0001091
4553,0.0433567,0.0001519,0.0001091
4554,0.0433341,0.0001518,0.0001090
4555,0.0433115,0.0001517,0.0001090
4556,0.0432889,0.0001516,0.0001089
4557,0.0432664,0.0001516,0.0001088
4558,0.0432439,0.0001515,0.0001088
4559,0.0432214,0.0001514,0.0001087
4560,0.0431989,0.0001513,0.0001087
4561,0.0431765,0.0001513,0.0001086
4562,0.0431540,0.0001512,0.0001086
4563,0.0431316,0.0001511,0.0001085
4564,0.0431092,0.0001510,0.0001084
4565,0.0430868,0.0001510,0.0001084
4566,0.0430644,0.0001509,0.0001083
4567,0.0430421,0.0001508,0.0001083
4568,0.0430197,0.0001508,0.0001082
4569,0.0429974,0.0001507,0.0001082
4570,0.0429751,0.0001506,0.0001081
4571,0.0429529,0.0001505,0.0001080
4572,0.0429306,0.0001505,0.0001080
4573,0.0429084,0.0001504,0.0001079
4574,0.0428861,0.0001503,0.0001079
4575,0.0428639,0.0001502,0.0001078
4576,0.0428418,0.0001502,0.0001077
4577,0.0428196,0.0001501,0.0001077
4578,0.0427974,0.0001500,0.0001076
4579,0.0427753,0.0001500,0.0001076
4580,0.0427532,0.0001499,0.0001075
4581,0.0427311,0.0001498,0.0001075
4582,0.0427090,0.0001497,0.0001074
4583,0.0426870,0.0001497,0.0001073
4584,0.0426649,0.0001496,0.0001073
4585,0.0426429,0.0001495,0.0001072
4586,0.0426209,0.0001495,0.0001072
4587,0.0425989,0.0001494,0.0001071
4588,0.0425770,0.0001493,0.0001071
4589,0.0425550,0.0001492,0.0001070
4590,0.0425331,0.0001492,0.0001069
4591,0.0425112,0.0001491,0.0001069
4592,0.0424893,0.0001490,0.0001068
4593,0.0424674,0.0001490,0.0001068
4594,0.0424456,0.0001489,0.0001067
4595,0.0424237,0.0001488,0.0001067
4596,0.0424019,0.0001487,0.0001066
4597,0.0423801,0.0001487,0.0001065
4598,0.0423583,0.0001486,0.0001065
4599,0.0423366,0.0001485,0.0001064
4600,0.0423148,0.0001485,0.0001064
4601,0.0422931,0.0001484,0.0001063
4602,0.0422714,0.0001483,0.0001063
4603,0.0422497,0.0001482,0.0001062
4604,0.0422280,0.0001482,0.0001062
4605,0.0422063,0.0001481,0.0001061
4606,0.0421847,0.0001480,0.0001060
4607,0.0421631,0.0001480,0.0001060
4608,0.0421415,0.0001479,0.0001059
4609,0.0421199,0.0001478,0.0001059
4610,0.0420983,0.0001477,0.0001058
4611,0.0420768,0.0001477,0.0001058
4612,0.0420552,0.0001476,0.0001057
4613,0.0420337,0.0001475,0.0001056
4614,0.0420122,0.0001475,0.0001056
4615,0.0419907,0.0001474,0.0001055
4616,0.0419693,0.0001473,0.0001055
4617,0.0419478,0.0001473,0.0001054
4618,0.0419264,0.0001472,0.0001054
4619,0.0419050,0.0001471,0.0001053
4620,0.0418836,0.0001470,0.0001053
4621,0.0418622,0.0001470,0.0001052
4622,0.0418409,0.0001469,0.0001051
4623,0.0418195,0.0001468,0.0001051
4624,0.0417982,0.0001468,0.0001050
4625,0.0417769,0.0001467,0.0001050
4626,0.0417556,0.0001466,0.0001049
4627,0.0417344,0.0001466,0.0001049
4628,0.0417131,0.0001465,0.0001048
4629,0.0416919,0.0001464,0.0001047
4630,0.0416707,0.0001463,0.0001047
4631,0.0416495,0.0001463,0.0001046
4632,0.0416283,0.0001462,0.0001046
4633,0.0416071,0.0001461,0.0001045
4634,0.0415860,0.0001461,0.0001045
4635,0.0415648,0.0001460,0.0001044
4636,0.0415437,0.0001459,0.0001044
4637,0.0415226,0.0001459,0.0001043
4638,0.0415016,0.0001458,0.0001043
4639,0.0414805,0.0001457,0.0001042
4640,0.0414595,0.0001457,0.0001041
4641,0.0414385,0.0001456,0.0001041
4642,0.0414174,0.0001455,0.0001040
4643,0.0413965,0.0001455,0.0001040
4644,0.0413755,0.0001454,0.0001039
4645,0.0413545,0.0001453,0.0001039
4646,0.0413336,0.0001452,0.0001038
4647,0.0413127,0.0001452,0.0001038
4648,0.0412918,0.0001451,0.0001037
4649,0.0412709,0.0001450,0.0001036
4650,0.0412500,0.0001450,0.0001036
4651,0.0412292,0.0001449,0.0001035
4652,0.0412084,0.0001448,0.0001035
4653,0.0411875,0.0001448,0.0001034
4654,0.0411667,0.0001447,0.0001034
4655,0.0411460,0.0001446,0.0001033
4656,0.0411252,0.0001446,0.0001033
4657,0.0411045,0.0001445,0.0001032
4658,0.0410837,0.0001444,0.0001032
4659,0.0410630,0.0001444,0.0001031
4660,0.0410423,0.0001443,0.0001030
4661,0.0410216,0.0001442,0.0001030
4662,0.0410010,0.0001442,0.0001029
4663,0.0409803,0.0001441,0.0001029
4664,0.0409597,0.0001440,0.0001028
4665,0.0409391,0.0001440,0.0001028
4666,0.0409185,0.0001439,0.0001027
4667,0.0408979,0.0001438,0.0001027
4668,0.0408774,0.0001438,0.0001026
4669,0.0408569,0.0001437,0.0001026
4670,0.0408363,0.0001436,0.0001025
4671,0.0408158,0.0001436,0.0001024
4672,0.0407953,0.0001435,0.0001024
4673,0.0407749,0.0001434,0.0001023
4674,0.0407544,0.0001434,0.0001023
4675,0.0407340,0.0001433,0.0001022
4676,0.0407135,0.0001432,0.0001022
4677,0.0406931,0.0001431,0.0001021
4678,0.0406728,0.0001431,0.0001021
4679,0.0406524,0.0001430,0.0001020
4680,0.0406320,0.0001429,0.0001020
4681,0.0406117,0.0001429,0.0001019
4682,0.0405914,0.0001428,0.0001018
4683,0.0405711,0.0001428,0.0001018
4684,0.0405508,0.0001427,0.0001017
4685,0.0405305,0.0001426,0.0001017
4686,0.0405103,0.0001426,0.0001016
4687,0.0404900,0.0001425,0.0001016
4688,0.0404698,0.0001424,0.0001015
4689,0.0404496,0.0001424,0.0001015
4690,0.0404294,0.0001423,0.0001014
4691,0.0404093,0.0001422,0.0001014
4692,0.0403891,0.0001422,0.0001013
4693,0.0403690,0.0001421,0.0001013
4694,0.0403489,0.0001420,0.0001012
4695,0.0403288,0.0001420,0.0001012
4696,0.0403087,0.0001419,0.0001011
4697,0.0402886,0.0001418,0.0001010
4698,0.0402686,0.0001418,0.0001010
4699,0.0402485,0.0001417,0.0001009
4700,0.0402285,0.0001416,0.0001009
4701,0.0402085,0.0001416,0.0001008
4702,0.0401885,0.0001415,0.0001008
4703,0.0401685,0.0001414,0.0001007
4704,0.0401486,0.0001414,0.0001007
4705,0.0401287,0.0001413,0.0001006
4706,0.0401087,0.0001412,0.0001006
4707,0.0400888,0.0001412,0.0001005
4708,0.0400689,0.0001411,0.0001005
4709,0.0400491,0.0001410,0.0001004
4710,0.0400292,0.0001410,0.0001004
4711,0.0400094,0.0001409,0.0001003
4712,0.0399896,0.0001408,0.0001003
4713,0.0399698,0.0001408,0.0001002
4714,0.0399500,0.0001407,0.0001001
4715,0.0399302,0.0001407,0.0001001
4716,0.0399105,0.0001406,0.0001000
4717,0.0398907,0.0001405,0.0001000
4718,0.0398710,0.0001405,0.0000999
4719,0.0398513,0.0001404,0.0000999
4720,0.0398316,0.0001403,0.0000998
4721,0.0398119,0.0001403,0.0000998
4722,0.0397923,0.0001402,0.0000997
4723,0.0397726,0.0001401,0.0000997
4724,0.0397530,0.0001401,0.0000996
4725,0.0397334,0.0001400,0.0000996
4726,0.0397138,0.0001399,0.0000995
4727,0.0396942,0.0001399,0.0000995
4728,0.0396747,0.0001398,0.0000994
4729,0.0396551,0.0001397,0.0000994
4730,0.0396356,0.0001397,0.0000993
4731,0.0396161,0.0001396,0.0000993
4732,0.0395966,0.0001396,0.0000992
4733,0.0395771,0.0001395,0.0000992
4734,0.0395577,0.0001394,0.0000991
4735,0.0395382,0.0001394,0.0000990
4736,0.0395188,0.0001393,0.0000990
4737,0.0394994,0.0001392,0.0000989
4738,0.0394800,0.0001392,0.0000989
4739,0.0394606,0.0001391,0.0000988
4740,0.0394412,0.0001390,0.0000988
4741,0.0394219,0.0001390,0.0000987
4742,0.0394026,0.0001389,0.0000987
4743,0.0393832,0.0001389,0.0000986
4744,0.0393639,0.0001388,0.0000986
4745,0.0393447,0.0001387,0.0000985
4746,0.0393254,0.0001387,0.0000985
4747,0.0393061,0.0001386,0.0000984
4748,0.0392869,0.0001385,0.0000984
4749,0.0392677,0.0001385,0.0000983
4750,0.0392485,0.0001384,0.0000983
4751,0.0392293,0.0001384,0.0000982
4752,0.0392101,0.0001383,0.0000982
4753,0.0391910,0.0001382,0.0000981
4754,0.0391718,0.0001382,0.0000981
4755,0.0391527,0.0001381,0.0000980
4756,0.0391336,0.0001380,0.0000980
4757,0.0391145,0.0001380,0.0000979
4758,0.0390954,0.0001379,0.0000979
4759,0.0390764,0.0001378,0.0000978
4760,0.0390573,0.0001378,0.0000978
4761,0.0390383,0.0001377,0.0000977
4762,0.0390193,0.0001377,0.0000977
4763,0.0390003,0.0001376,0.0000976
4764,0.0389813,0.0001375,0.0000976
4765,0.0389623,0.0001375,0.0000975
4766,0.0389434,0.0001374,0.0000975
4767,0.0389244,0.0001374,0.0000974
4768,0.0389055,0.0001373,0.0000973
4769,0.0388866,0.0001372,0.0000973
4770,0.0388677,0.0001372,0.0000972
4771,0.0388488,0.0001371,0.0000972
4772,0.0388300,0.0001370,0.0000971
4773,0.0388111,0.0001370,0.0000971
4774,0.0387923,0.0001369,0.0000970
4775,0.0387735,0.0001369,0.0000970
4776,0.0387547,0.0001368,0.0000969
4777,0.0387359,0.0001367,0.0000969
4778,0.0387172,0.0001367,0.0000968
4779,0.0386984,0.0001366,0.0000968
4780,0.0386797,0.0001365,0.0000967
4781,0.0386610,0.0001365,0.0000967
4782,0.0386423,0.0001364,0.0000966
4783,0.0386236,0.0001364,0.0000966
4784,0.0386049,0.0001363,0.0000965
4785,0.0385862,0.0001362,0.0000965
4786,0.0385676,0.0001362,0.0000964
4787,0.0385490,0.0001361,0.0000964
4788,0.0385304,0.0001361,0.0000963
4789,0.0385118,0.0001360,0.0000963
4790,0.0384932,0.0001359,0.0000962
4791,0.0384746,0.0001359,0.0000962
4792,0.0384561,0.0001358,0.0000961
4793,0.0384376,0.0001358,0.0000961
4794,0.0384190,0.0001357,0.0000960
4795,0.0384005,0.0001356,0.0000960
4796,0.0383821,0.0001356,0.0000959
4797,0.0383636,0.0001355,0.0000959
4798,0.0383451,0.0001354,0.0000958
4799,0.0383267,0.0001354,0.0000958
4800,0.0383083,0.0001353,0.0000957
4801,0.0382899,0.0001353,0.0000957
4802,0.0382715,0.0001352,0.0000956
4803,0.0382531,0.0001351,0.0000956
4804,0.0382347,0.0001351,0.0000955
4805,0.0382164,0.0001350,0.0000955
4806,0.0381980,0.0001350,0.0000954
4807,0.0381797,0.0001349,0.0000954
4808,0.0381614,0.0001348,0.0000953
4809,0.0381431,0.0001348,0.0000953
4810,0.0381248,0.0001347,0.0000952
4811,0.0381066,0.0001347,0.0000952
4812,0.0380883,0.0001346,0.0000951
4813,0.0380701,0.0001345,0.0000951
4814,0.0380519,0.0001345,0.0000950
4815,0.0380337,0.0001344,0.0000950
4816,0.0380155,0.0001344,0.0000949
4817,0.0379974,0.0001343,0.0000949
4818,0.0379792,0.0001342,0.0000948
4819,0.0379611,0.0001342,0.0000948
4820,0.0379429,0.0001341,0.0000947
4821,0.0379248,0.0001341,0.0000947
4822,0.0379067,0.0001340,0.0000946
4823,0.0378887,0.0001339,0.0000946
4824,0.0378706,0.0001339,0.0000945
4825,0.0378526,0.0001338,0.0000945
4826,0.0378345,0.0001338,0.0000944
4827,0.0378165,0.0001337,0.0000944
4828,0.0377985,0.0001336,0.0000943
4829,0.0377805,0.0001336,0.0000943
4830,0.0377625,0.0001335,0.0000943
4831,0.0377446,0.0001335,0.0000942
4832,0.0377266,0.0001334,0.0000942
4833,0.0377087,0.0001334,0.0000941
4834,0.0376908,0.0001333,0.0000941
4835,0.0376729,0.0001332,0.0000940
4836,0.0376550,0.0001332,0.0000940
4837,0.0376371,0.0001331,0.0000939
4838,0.0376193,0.0001331,0.0000939
4839,0.0376014,0.0001330,0.0000938
4840,0.0375836,0.0001329,0.0000938
4841,0.0375658,0.0001329,0.0000937
4842,0.0375480,0.0001328,0.0000937
4843,0.0375302,0.0001328,0.0000936
4844,0.0375125,0.0001327,0.0000936
4845,0.0374947,0.0001326,0.0000935
4846,0.0374770,0.0001326,0.0000935
4847,0.0374592,0.0001325,0.0000934
4848,0.0374415,0.0001325,0.0000934
4849,0.0374238,0.0001324,0.0000933
4850,0.0374062,0.0001324,0.0000933
4851,0.0373885,0.0001323,0.0000932
4852,0.0373708,0.0001322,0.0000932
4853,0.0373532,0.0001322,0.0000931
4854,0.0373356,0.0001321,0.0000931
4855,0.0373180,0.0001321,0.0000930
4856,0.0373004,0.0001320,0.0000930
4857,0.0372828,0.0001319,0.0000929
4858,0.0372652,0.0001319,0.0000929
4859,0.0372477,0.0001318,0.0000928
4860,0.0372302,0.0001318,0.0000928
4861,0.0372126,0.0001317,0.0000927
4862,0.0371951,0.0001317,0.0000927
4863,0.0371776,0.0001316,0.0000927
4864,0.0371602,0.0001315,0.0000926
4865,0.0371427,0.0001315,0.0000926
4866,0.0371253,0.0001314,0.0000925
4867,0.0371078,0.0001314,0.0000925
4868,0.0370904,0.0001313,0.0000924
4869,0.0370730,0.0001313,0.0000924
4870,0.0370556,0.0001312,0.0000923
4871,0.0370382,0.0001311,0.0000923
4872,0.0370209,0.0001311,0.0000922
4873,0.0370035,0.0001310,0.0000922
4874,0.0369862,0.0001310,0.0000921
4875,0.0369689,0.0001309,0.0000921
4876,0.0369516,0.0001309,0.0000920
4877,0.0369343,0.0001308,0.0000920
4878,0.0369170,0.0001307,0.0000919
4879,0.0368997,0.0001307,0.0000919
4880,0.0368825,0.0001306,0.0000918
4881,0.0368653,0.0001306,0.0000918
4882,0.0368480,0.0001305,0.0000917
4883,0.0368308,0.0001305,0.0000917
4884,0.0368136,0.0001304,0.0000916
4885,0.0367965,0.0001303,0.0000916
4886,0.0367793,0.0001303,0.0000916
4887,0.0367622,0.0001302,0.0000915
4888,0.0367450,0.0001302,0.0000915
4889,0.0367279,0.0001301,0.0000914
4890,0.0367108,0.0001301,0.0000914
4891,0.0366937,0.0001300,0.0000913
4892,0.0366766,0.0001299,0.0000913
4893,0.0366596,0.0001299,0.0000912
4894,0.0366425,0.0001298,0.0000912
4895,0.0366255,0.0001298,0.0000911
4896,0.0366084,0.0001297,0.0000911
4897,0.0365914,0.0001297,0.0000910
4898,0.0365744,0.0001296,0.0000910
4899,0.0365575,0.0001296,0.0000909
4900,0.0365405,0.0001295,0.0000909
4901,0.0365235,0.0001294,0.0000908
4902,0.0365066,0.0001294,0.0000908
4903,0.0364897,0.0001293,0.0000908
4904,0.0364728,0.0001293,0.0000907
4905,0.0364559,0.0001292,0.0000907
4906,0.0364390,0.0001292,0.0000906
4907,0.0364221,0.0001291,0.0000906
4908,0.0364053,0.0001291,0.0000905
4909,0.0363884,0.0001290,0.0000905
4910,0.0363716,0.0001289,0.0000904
4911,0.0363548,0.0001289,0.0000904
4912,0.0363380,0.0001288,0.0000903
4913,0.0363212,0.0001288,0.0000903
4914,0.0363044,0.0001287,0.0000902
4915,0.0362877,0.0001287,0.0000902
4916,0.0362709,0.0001286,0.0000901
4917,0.0362542,0.0001286,0.0000901
4918,0.0362375,0.0001285,0.0000901
4919,0.0362208,0.0001284,0.0000900
4920,0.0362041,0.0001284,0.0000900
4921,0.0361874,0.0001283,0.0000899
4922,0.0361707,0.0001283,0.0000899
4923,0.0361541,0.0001282,0.0000898
4924,0.0361374,0.0001282,0.0000898
4925,0.0361208,0.0001281,0.0000897
4926,0.0361042,0.0001281,0.0000897
4927,0.0360876,0.0001280,0.0000896
4928,0.0360710,0.0001279,0.0000896
4929,0.0360545,0.0001279,0.0000895
4930,0.0360379,0.0001278,0.0000895
4931,0.0360214,0.0001278,0.0000895
4932,0.0360048,0.0001277,0.0000894
4933,0.0359883,0.0001277,0.0000894
4934,0.0359718,0.0001276,0.0000893
4935,0.0359553,0.0001276,0.0000893
4936,0.0359389,0.0001275,0.0000892
4937,0.0359224,0.0001275,0.0000892
4938,0.0359059,0.0001274,0.0000891
4939,0.0358895,0.0001273,0.0000891
4940,0.0358731,0.0001273,0.0000890
4941,0.0358567,0.0001272,0.0000890
4942,0.0358403,0.0001272,0.0000890
4943,0.0358239,0.0001271,0.0000889
4944,0.0358075,0.0001271,0.0000889
4945,0.0357912,0.0001270,0.0000888
4946,0.0357749,0.0001270,0.0000888
4947,0.0357585,0.0001269,0.0000887
4948,0.0357422,0.0001269,0.0000887
4949,0.0357259,0.0001268,0.0000886
4950,0.0357096,0.0001267,0.0000886
4951,0.0356934,0.0001267,0.0000885
4952,0.0356771,0.0001266,0.0000885
4953,0.0356608,0.0001266,0.0000884
4954,0.0356446,0.0001265,0.0000884
4955,0.0356284,0.0001265,0.0000884
4956,0.0356122,0.0001264,0.0000883
4957,0.0355960,0.0001264,0.0000883
4958,0.0355798,0.0001263,0.0000882
4959,0.0355636,0.0001263,0.0000882
4960,0.0355475,0.0001262,0.0000881
4961,0.0355313,0.0001262,0.0000881
4962,0.0355152,0.0001261,0.0000880
4963,0.0354991,0.0001261,0.0000880
4964,0.0354830,0.0001260,0.0000880
4965,0.0354669,0.0001259,0.0000879
4966,0.0354508,0.0001259,0.0000879
4967,0.0354348,0.0001258,0.0000878
4968,0.0354187,0.0001258,0.0000878
4969,0.0354027,0.0001257,0.0000877
4970,0.0353867,0.0001257,0.0000877
4971,0.0353706,0.0001256,0.0000876
4972,0.0353546,0.0001256,0.0000876
4973,0.0353387,0.0001255,0.0000875
4974,0.0353227,0.0001255,0.0000875
4975,0.0353067,0.0001254,0.0000875
4976,0.0352908,0.0001254,0.0000874
4977,0.0352749,0.0001253,0.0000874
4978,0.0352589,0.0001253,0.0000873
4979,0.0352430,0.0001252,0.0000873
4980,0.0352271,0.0001251,0.0000872
4981,0.0352113,0.0001251,0.0000872
4982,0.0351954,0.0001250,0.0000871
4983,0.0351795,0.0001250,0.0000871
4984,0.0351637,0.0001249,0.0000871
4985,0.0351479,0.0001249,0.0000870
4986,0.0351320,0.0001248,0.0000870
4987,0.0351162,0.0001248,0.0000869
4988,0.0351004,0.0001247,0.0000869
4989,0.0350847,0.0001247,0.0000868
4990,0.0350689,0.0001246,0.0000868
4991,0.0350531,0.0001246,0.0000867
4992,0.0350374,0.0001245,0.0000867
4993,0.0350217,0.0001245,0.0000867
4994,0.0350060,0.0001244,0.0000866
4995,0.0349903,0.0001244,0.0000866
4996,0.0349746,0.0001243,0.0000865
4997,0.0349589,0.0001243,0.0000865
4998,0.0349432,0.0001242,0.0000864
4999,0.0349276,0.0001242,0.0000864
5000,0.0349119,0.0001241,0.0000863
5001,0.0348963,0.0001241,0.0000863
5002,0.0348807,0.0001240,0.0000863
5003,0.0348651,0.0001239,0.0000862
5004,0.0348495,0.0001239,0.0000862
5005,0.0348339,0.0001238,0.0000861
5006,0.0348184,0.0001238,0.0000861
5007,0.0348028,0.0001237,0.0000860
5008,0.0347873,0.0001237,0.0000860
5009,0.0347718,0.0001236,0.0000859
5010,0.0347562,0.0001236,0.0000859
5011,0.0347407,0.0001235,0.0000859
5012,0.0347253,0.0001235,0.0000858
5013,0.0347098,0.0001234,0.0000858
5014,0.0346943,0.0001234,0.0000857
5015,0.0346789,0.0001233,0.0000857
5016,0.0346634,0.0001233,0.0000856
5017,0.0346480,0.0001232,0.0000856
5018,0.0346326,0.0001232,0.0000856
5019,0.0346172,0.0001231,0.0000855
5020,0.0346018,0.0001231,0.0000855
5021,0.0345864,0.0001230,0.0000854
5022,0.0345711,0.0001230,0.0000854
5023,0.0345557,0.0001229,0.0000853
5024,0.0345404,0.0001229,0.0000853
5025,0.0345250,0.0001228,0.0000852
5026,0.0345097,0.0001228,0.0000852
5027,0.0344944,0.0001227,0.0000852
5028,0.0344791,0.0001227,0.0000851
5029,0.0344639,0.0001226,0.0000851
5030,0.0344486,0.0001226,0.0000850
5031,0.0344333,0.0001225,0.0000850
5032,0.0344181,0.0001225,0.0000849
5033,0.0344029,0.0001224,0.0000849
5034,0.0343877,0.0001224,0.0000849
5035,0.0343725,0.0001223,0.0000848
5036,0.0343573,0.0001223,0.0000848
5037,0.0343421,0.0001222,0.0000847
5038,0.0343269,0.0001222,0.0000847
5039,0.0343118,0.0001221,0.0000846
5040,0.0342966,0.0001221,0.0000846
5041,0.0342815,0.0001220,0.0000846
5042,0.0342664,0.0001220,0.0000845
5043,0.0342513,0.0001219,0.0000845
5044,0.0342362,0.0001219,0.0000844
5045,0.0342211,0.0001218,0.0000844
5046,0.0342060,0.0001218,0.0000843
5047,0.0341910,0.0001217,0.0000843
5048,0.0341759,0.0001217,0.0000843
5049,0.0341609,0.0001216,0.0000842
5050,0.0341459,0.0001216,0.0000842
5051,0.0341308,0.0001215,0.0000841
5052,0.0341159,0.0001215,0.0000841
5053,0.0341009,0.0001214,0.0000840
5054,0.0340859,0.0001214,0.0000840
5055,0.0340709,0.0001213,0.0000840
5056,0.0340560,0.0001213,0.0000839
5057,0.0340410,0.0001212,0.0000839
5058,0.0340261,0.0001212,0.0000838
5059,0.0340112,0.0001211,0.0000838
5060,0.0339963,0.0001211,0.0000837
5061,0.0339814,0.0001210,0.0000837
5062,0.0339665,0.0001210,0.0000837
5063,0.0339517,0.0001209,0.0000836
5064,0.0339368,0.0001209,0.0000836
5065,0.0339220,0.0001208,0.0000835
5066,0.0339071,0.0001208,0.0000835
5067,0.0338923,0.0001207,0.0000834
5068,0.0338775,0.0001207,0.0000834
5069,0.0338627,0.0001206,0.0000834
5070,0.0338479,0.0001206,0.0000833
5071,0.0338332,0.0001205,0.0000833
5072,0.0338184,0.0001205,0.0000832
5073,0.0338037,0.0001204,0.0000832
5074,0.0337889,0.0001204,0.0000831
5075,0.0337742,0.0001203,0.0000831
5076,0.0337595,0.0001203,0.0000831
5077,0.0337448,0.0001202,0.0000830
5078,0.0337301,0.0001202,0.0000830
5079,0.0337154,0.0001201,0.0000829
5080,0.0337007,0.0001201,0.0000829
5081,0.0336861,0.0001200,0.0000829
5082,0.0336714,0.0001200,0.0000828
5083,0.0336568,0.0001199,0.0000828
5084,0.0336422,0.0001199,0.0000827
5085,0.0336276,0.0001198,0.0000827
5086,0.0336130,0.0001198,0.0000826
5087,0.0335984,0.0001197,0.0000826
5088,0.0335838,0.0001197,0.0000826
5089,0.0335693,0.0001196,0.0000825
5090,0.0335547,0.0001196,0.0000825
5091,0.0335402,0.0001195,0.0000824
5092,0.0335257,0.0001195,0.0000824
5093,0.0335111,0.0001194,0.0000823
5094,0.0334966,0.0001194,0.0000823
5095,0.0334821,0.0001193,0.0000823
5096,0.0334677,0.0001193,0.0000822
5097,0.0334532,0.0001192,0.0000822
5098,0.0334387,0.0001192,0.0000821
5099,0.0334243,0.0001191,0.0000821
5100,0.0334099,0.0001191,0.0000821
5101,0.0333954,0.0001190,0.0000820
5102,0.0333810,0.0001190,0.0000820
5103,0.0333666,0.0001190,0.0000819
5104,0.0333522,0.0001189,0.0000819
5105,0.0333379,0.0001189,0.0000818
5106,0.0333235,0.0001188,0.0000818
5107,0.0333091,0.0001188,0.0000818
5108,0.0332948,0.0001187,0.0000817
5109,0.0332805,0.0001187,0.0000817
5110,0.0332661,0.0001186,0.0000816
5111,0.0332518,0.0001186,0.0000816
5112,0.0332375,0.0001185,0.0000816
5113,0.0332232,0.0001185,0.0000815
5114,0.0332090,0.0001184,0.0000815
5115,0.0331947,0.0001184,0.0000814
5116,0.0331804,0.0001183,0.0000814
5117,0.0331662,0.0001183,0.0000813
5118,0.0331520,0.0001182,0.0000813
5119,0.0331377,0.0001182,0.0000813
5120,0.0331235,0.0001181,0.0000812
5121,0.0331093,0.0001181,0.0000812
5122,0.0330952,0.0001180,0.0000811
5123,0.0330810,0.0001180,0.0000811
5124,0.0330668,0.0001179,0.0000811
5125,0.0330527,0.0001179,0.0000810
5126,0.0330385,0.0001179,0.0000810
5127,0.0330244,0.0001178,0.0000809
5128,0.0330103,0.0001178,0.0000809
5129,0.0329962,0.0001177,0.0000809
5130,0.0329821,0.0001177,0.0000808
5131,0.0329680,0.0001176,0.0000808
5132,0.0329539,0.0001176,0.0000807
5133,0.0329398,0.0001175,0.0000807
5134,0.0329258,0.0001175,0.0000807
5135,0.0329117,0.0001174,0.0000806
5136,0.0328977,0.0001174,0.0000806
5137,0.0328837,0.0001173,0.0000805
5138,0.0328697,0.0001173,0.0000805
5139,0.0328557,0.0001172,0.0000804
5140,0.0328417,0.0001172,0.0000804
5141,0.0328277,0.0001171,0.0000804
5142,0.0328138,0.0001171,0.0000803
5143,0.0327998,0.0001171,0.0000803
5144,0.0327859,0.0001170,0.0000802
5145,0.0327719,0.0001170,0.0000802
5146,0.0327580,0.0001169,0.0000802
5147,0.0327441,0.0001169,0.0000801
5148,0.0327302,0.0001168,0.0000801
5149,0.0327163,0.0001168,0.0000800
5150,0.0327024,0.0001167,0.0000800
5151,0.0326886,0.0001167,0.0000800
5152,0.0326747,0.0001166,0.0000799
5153,0.0326609,0.0001166,0.0000799
5154,0.0326470,0.0001165,0.0000798
5155,0.0326332,0.0001165,0.0000798
5156,0.0326194,0.0001164,0.0000798
5157,0.0326056,0.0001164,0.0000797
5158,0.0325918,0.0001164,0.0000797
5159,0.0325780,0.0001163,0.0000796
5160,0.0325643,0.0001163,0.0000796
5161,0.0325505,0.0001162,0.0000796
5162,0.0325367,0.0001162,0.0000795
5163,0.0325230,0.0001161,0.0000795
5164,0.0325093,0.0001161,0.0000794
5165,0.0324956,0.0001160,0.0000794
5166,0.0324819,0.0001160,0.0000794
5167,0.0324682,0.0001159,0.0000793
5168,0.0324545,0.0001159,0.0000793
5169,0.0324408,0.0001158,0.0000792
5170,0.0324271,0.0001158,0.0000792
5171,0.0324135,0.0001158,0.0000792
5172,0.0323999,0.0001157,0.0000791
5173,0.0323862,0.0001157,0.0000791
5174,0.0323726,0.0001156,0.0000790
5175,0.0323590,0.0001156,0.0000790
5176,0.0323454,0.0001155,0.0000790
5177,0.0323318,0.0001155,0.0000789
5178,0.0323182,0.0001154,0.0000789
5179,0.0323047,0.0001154,0.0000788
5180,0.0322911,0.0001153,0.0000788
5181,0.0322776,0.0001153,0.0000788
5182,0.0322640,0.0001153,0.0000787
5183,0.0322505,0.0001152,0.0000787
5184,0.0322370,0.0001152,0.0000786
5185,0.0322235,0.0001151,0.0000786
5186,0.0322100,0.0001151,0.0000786
5187,0.0321965,0.0001150,0.0000785
5188,0.0321830,0.0001150,0.0000785
5189,0.0321696,0.0001149,0.0000784
5190,0.0321561,0.0001149,0.0000784
5191,0.0321427,0.0001148,0.0000784
5192,0.0321292,0.0001148,0.0000783
5193,0.0321158,0.0001148,0.0000783
5194,0.0321024,0.0001147,0.0000782
5195,0.0320890,0.0001147,0.0000782
5196,0.0320756,0.0001146,0.0000782
5197,0.0320622,0.0001146,0.0000781
5198,0.0320489,0.0001145,0.0000781
5199,0.0320355,0.0001145,0.0000780
5200,0.0320222,0.0001144,0.0000780
5201,0.0320088,0.0001144,0.0000780
5202,0.0319955,0.0001143,0.0000779
5203,0.0319822,0.0001143,0.0000779
5204,0.0319689,0.0001143,0.0000778
5205,0.0319556,0.0001142,0.0000778
5206,0.0319423,0.0001142,0.0000778
5207,0.0319290,0.0001141,0.0000777
5208,0.0319157,0.0001141,0.0000777
5209,0.0319025,0.0001140,0.0000776
5210,0.0318892,0.0001140,0.0000776
5211,0.0318760,0.0001139,0.0000776
5212,0.0318628,0.0001139,0.0000775
5213,0.0318496,0.0001139,0.0000775
5214,0.0318364,0.0001138,0.0000775
5215,0.0318232,0.0001138,0.0000774
5216,0.0318100,0.0001137,0.0000774
5217,0.0317968,0.0001137,0.0000773
5218,0.0317836,0.0001136,0.0000773
5219,0.0317705,0.0001136,0.0000773
5220,0.0317573,0.0001135,0.0000772
5221,0.0317442,0.0001135,0.0000772
5222,0.0317311,0.0001135,0.0000771
5223,0.0317180,0.0001134,0.0000771
5224,0.0317049,0.0001134,0.0000771
5225,0.0316918,0.0001133,0.0000770
5226,0.0316787,0.0001133,0.0000770
5227,0.0316656,0.0001132,0.0000769
5228,0.0316525,0.0001132,0.0000769
5229,0.0316395,0.0001131,0.0000769
5230,0.0316264,0.0001131,0.0000768
5231,0.0316134,0.0001131,0.0000768
5232,0.0316004,0.0001130,0.0000768
5233,0.0315874,0.0001130,0.0000767
5234,0.0315744,0.0001129,0.0000767
5235,0.0315614,0.0001129,0.0000766
5236,0.0315484,0.0001128,0.0000766
5237,0.0315354,0.0001128,0.0000766
5238,0.0315225,0.0001128,0.0000765
5239,0.0315095,0.0001127,0.0000765
5240,0.0314966,0.0001127,0.0000764
5241,0.0314836,0.0001126,0.0000764
5242,0.0314707,0.0001126,0.0000764
5243,0.0314578,0.0001125,0.0000763
5244,0.0314449,0.0001125,0.0000763
5245,0.0314320,0.0001124,0.0000763
5246,0.0314191,0.0001124,0.0000762
5247,0.0314062,0.0001124,0.0000762
5248,0.0313934,0.0001123,0.0000761
5249,0.0313805,0.0001123,0.0000761
5250,0.0313676,0.0001122,0.0000761
5251,0.0313548,0.0001122,0.0000760
5252,0.0313420,0.0001121,0.0000760
5253,0.0313292,0.0001121,0.0000759
5254,0.0313164,0.0001121,0.0000759
5255,0.0313036,0.0001120,0.0000759
5256,0.0312908,0.0001120,0.0000758
5257,0.0312780,0.0001119,0.0000758
5258,0.0312652,0.0001119,0.0000758
5259,0.0312525,0.0001118,0.0000757
5260,0.0312397,0.0001118,0.0000757
5261,0.0312270,0.0001118,0.0000756
5262,0.0312142,0.0001117,0.0000756
5263,0.0312015,0.0001117,0.0000756
5264,0.0311888,0.0001116,0.0000755
5265,0.0311761,0.0001116,0.0000755
5266,0.0311634,0.0001115,0.0000754
5267,0.0311507,0.0001115,0.0000754
5268,0.0311381,0.0001115,0.0000754
5269,0.0311254,0.0001114,0.0000753
5270,0.0311128,0.0001114,0.0000753
5271,0.0311001,0.0001113,0.0000753
5272,0.0310875,0.0001113,0.0000752
5273,0.0310749,0.0001112,0.0000752
5274,0.0310622,0.0001112,0.0000751
5275,0.0310496,0.0001112,0.0000751
5276,0.0310370,0.0001111,0.0000751
5277,0.0310244,0.0001111,0.0000750
5278,0.0310119,0.0001110,0.0000750
5279,0.0309993,0.0001110,0.0000750
5280,0.0309867,0.0001109,0.0000749
5281,0.0309742,0.0001109,0.0000749
5282,0.0309617,0.0001109,0.0000748
5283,0.0309491,0.0001108,0.0000748
5284,0.0309366,0.0001108,0.0000748
5285,0.0309241,0.0001107,0.0000747
5286,0.0309116,0.0001107,0.0000747
5287,0.0308991,0.0001106,0.0000747
5288,0.0308866,0.0001106,0.0000746
5289,0.0308741,0.0001106,0.0000746
5290,0.0308617,0.0001105,0.0000745
5291,0.0308492,0.0001105,0.0000745
5292,0.0308368,0.0001104,0.0000745
5293,0.0308243,0.0001104,0.0000744
5294,0.0308119,0.0001103,0.0000744
5295,0.0307995,0.0001103,0.0000744
5296,0.0307871,0.0001103,0.0000743
5297,0.0307747,0.0001102,0.0000743
5298,0.0307623,0.0001102,0.0000742
5299,0.0307499,0.0001101,0.0000742
5300,0.0307376,0.0001101,0.0000742
5301,0.0307252,0.0001101,0.0000741
5302,0.0307128,0.0001100,0.0000741
5303,0.0307005,0.0001100,0.0000741
5304,0.0306882,0.0001099,0.0000740
5305,0.0306758,0.0001099,0.0000740
5306,0.0306635,0.0001098,0.0000739
5307,0.0306512,0.0001098,0.0000739
5308,0.0306389,0.0001098,0.0000739
5309,0.0306266,0.0001097,0.0000738
5310,0.0306144,0.0001097,0.0000738
5311,0.0306021,0.0001096,0.0000738
5312,0.0305898,0.0001096,0.0000737
5313,0.0305776,0.0001096,0.0000737
5314,0.0305653,0.0001095,0.0000736
5315,0.0305531,0.0001095,0.0000736
5316,0.0305409,0.0001094,0.0000736
5317,0.0305287,0.0001094,0.0000735
5318,0.0305165,0.0001093,0.0000735
5319,0.0305043,0.0001093,0.0000735
5320,0.0304921,0.0001093,0.0000734
5321,0.0304799,0.0001092,0.0000734
5322,0.0304677,0.0001092,0.0000734
5323,0.0304556,0.0001091,0.0000733
5324,0.0304434,0.0001091,0.0000733
5325,0.0304313,0.0001091,0.0000732
5326,0.0304191,0.0001090,0.0000732
5327,0.0304070,0.0001090,0.0000732
5328,0.0303949,0.0001089,0.0000731
5329,0.0303828,0.0001089,0.0000731
5330,0.0303707,0.0001089,0.0000731
5331,0.0303586,0.0001088,0.0000730
5332,0.0303465,0.0001088,0.0000730
5333,0.0303344,0.0001087,0.0000729
5334,0.0303224,0.0001087,0.0000729
5335,0.0303103,0.0001086,0.0000729
5336,0.0302983,0.0001086,0.0000728
5337,0.0302863,0.0001086,0.0000728
5338,0.0302742,0.0001085,0.0000728
5339,0.0302622,0.0001085,0.0000727
5340,0.0302502,0.0001084,0.0000727
5341,0.0302382,0.0001084,0.0000727
5342,0.0302262,0.0001084,0.0000726
5343,0.0302142,0.0001083,0.0000726
5344,0.0302023,0.0001083,0.0000725
5345,0.0301903,0.0001082,0.0000725
5346,0.0301783,0.0001082,0.0000725
5347,0.0301664,0.0001082,0.0000724
5348,0.0301545,0.0001081,0.0000724
5349,0.0301425,0.0001081,0.0000724
5350,0.0301306,0.0001080,0.0000723
5351,0.0301187,0.0001080,0.0000723
5352,0.0301068,0.0001080,0.0000723
5353,0.0300949,0.0001079,0.0000722
5354,0.0300830,0.0001079,0.0000722
5355,0.0300711,0.0001078,0.0000721
5356,0.0300593,0.0001078,0.0000721
5357,0.0300474,0.0001078,0.0000721
5358,0.0300356,0.0001077,0.0000720
5359,0.0300237,0.0001077,0.0000720
5360,0.0300119,0.0001076,0.0000720
5361,0.0300001,0.0001076,0.0000719
5362,0.0299882,0.0001075,0.0000719
5363,0.0299764,0.0001075,0.0000719
5364,0.0299646,0.0001075,0.0000718
5365,0.0299528,0.0001074,0.0000718
5366,0.0299411,0.0001074,0.0000717
5367,0.0299293,0.0001073,0.0000717
5368,0.0299175,0.0001073,0.0000717
5369,0.0299058,0.0001073,0.0000716
5370,0.0298940,0.0001072,0.0000716
5371,0.0298823,0.0001072,0.0000716
5372,0.0298706,0.0001071,0.0000715
5373,0.0298588,0.0001071,0.0000715
5374,0.0298471,0.0001071,0.0000715
5375,0.0298354,0.0001070,0.0000714
5376,0.0298237,0.0001070,0.0000714
5377,0.0298120,0.0001069,0.0000714
5378,0.0298004,0.0001069,0.0000713
5379,0.0297887,0.0001069,0.0000713
5380,0.0297770,0.0001068,0.0000712
5381,0.0297654,0.0001068,0.0000712
5382,0.0297537,0.0001067,0.0000712
5383,0.0297421,0.0001067,0.0000711
5384,0.0297305,0.0001067,0.0000711
5385,0.0297188,0.0001066,0.0000711
5386,0.0297072,0.0001066,0.0000710
5387,0.0296956,0.0001066,0.0000710
5388,0.0296840,0.0001065,0.0000710
5389,0.0296725,0.0001065,0.0000709
5390,0.0296609,0.0001064,0.0000709
5391,0.0296493,0.0001064,0.0000709
5392,0.0296377,0.0001064,0.0000708
5393,0.0296262,0.0001063,0.0000708
5394,0.0296147,0.0001063,0.0000707
5395,0.0296031,0.0001062,0.0000707
5396,0.0295916,0.0001062,0.0000707
5397,0.0295801,0.0001062,0.0000706
5398,0.0295686,0.0001061,0.0000706
5399,0.0295571,0.0001061,0.0000706
5400,0.0295456,0.0001060,0.0000705
5401,0.0295341,0.0001060,0.0000705
5402,0.0295226,0.0001060,0.0000705
5403,0.0295111,0.0001059,0.0000704
5404,0.0294997,0.0001059,0.0000704
5405,0.0294882,0.0001058,0.0000704
5406,0.0294768,0.0001058,0.0000703
5407,0.0294653,0.0001058,0.0000703
5408,0.0294539,0.0001057,0.0000702
5409,0.0294425,0.0001057,0.0000702
5410,0.0294311,0.0001056,0.0000702
5411,0.0294197,0.0001056,0.0000701
5412,0.0294083,0.0001056,0.0000701
5413,0.0293969,0.0001055,0.0000701
5414,0.0293855,0.0001055,0.0000700
5415,0.0293742,0.0001055,0.0000700
5416,0.0293628,0.0001054,0.0000700
5417,0.0293514,0.0001054,0.0000699
5418,0.0293401,0.0001053,0.0000699
5419,0.0293288,0.0001053,0.0000699
5420,0.0293174,0.0001053,0.0000698
5421,0.0293061,0.0001052,0.0000698
5422,0.0292948,0.0001052,0.0000698
5423,0.0292835,0.0001051,0.0000697
5424,0.0292722,0.0001051,0.0000697
5425,0.0292609,0.0001051,0.0000697
5426,0.0292496,0.0001050,0.0000696
5427,0.0292383,0.0001050,0.0000696
5428,0.0292271,0.0001049,0.0000695
5429,0.0292158,0.0001049,0.0000695
5430,0.0292046,0.0001049,0.0000695
5431,0.0291933,0.0001048,0.0000694
5432,0.0291821,0.0001048,0.0000694
5433,0.0291709,0.0001048,0.0000694
5434,0.0291597,0.0001047,0.0000693
5435,0.0291485,0.0001047,0.0000693
5436,0.0291373,0.0001046,0.0000693
5437,0.0291261,0.0001046,0.0000692
5438,0.0291149,0.0001046,0.0000692
5439,0.0291037,0.0001045,0.0000692
5440,0.0290925,0.0001045,0.0000691
5441,0.0290814,0.0001044,0.0000691
5442,0.0290702,0.0001044,0.0000691
5443,0.0290591,0.0001044,0.0000690
5444,0.0290479,0.0001043,0.0000690
5445,0.0290368,0.0001043,0.0000690
5446,0.0290257,0.0001043,0.0000689
5447,0.0290146,0.0001042,0.0000689
5448,0.0290035,0.0001042,0.0000689
5449,0.0289924,0.0001041,0.0000688
5450,0.0289813,0.0001041,0.0000688
5451,0.0289702,0.0001041,0.0000687
5452,0.0289591,0.0001040,0.0000687
5453,0.0289481,0.0001040,0.0000687
5454,0.0289370,0.0001040,0.0000686
5455,0.0289259,0.0001039,0.0000686
5456,0.0289149,0.0001039,0.0000686
5457,0.0289039,0.0001038,0.0000685
5458,0.0288928,0.0001038,0.0000685
5459,0.0288818,0.0001038,0.0000685
5460,0.0288708,0.0001037,0.0000684
5461,0.0288598,0.0001037,0.0000684
5462,0.0288488,0.0001036,0.0000684
5463,0.0288378,0.0001036,0.0000683
5464,0.0288268,0.0001036,0.0000683
5465,0.0288159,0.0001035,0.0000683
5466,0.0288049,0.0001035,0.0000682
5467,0.0287939,0.0001035,0.0000682
5468,0.0287830,0.0001034,0.0000682
5469,0.0287721,0.0001034,0.0000681
5470,0.0287611,0.0001033,0.0000681
5471,0.0287502,0.0001033,0.0000681
5472,0.0287393,0.0001033,0.0000680
5473,0.0287284,0.0001032,0.0000680
5474,0.0287175,0.0001032,0.0000680
5475,0.0287066,0.0001032,0.0000679
5476,0.0286957,0.0001031,0.0000679
5477,0.0286848,0.0001031,0.0000679
5478,0.0286739,0.0001030,0.0000678
5479,0.0286631,0.0001030,0.0000678
5480,0.0286522,0.0001030,0.0000678
5481,0.0286413,0.0001029,0.0000677
5482,0.0286305,0.0001029,0.0000677
5483,0.0286197,0.0001029,0.0000677
5484,0.0286088,0.0001028,0.0000676
5485,0.0285980,0.0001028,0.0000676
5486,0.0285872,0.0001027,0.0000675
5487,0.0285764,0.0001027,0.0000675
5488,0.0285656,0.0001027,0.0000675
5489,0.0285548,0.0001026,0.0000674
5490,0.0285440,0.0001026,0.0000674
5491,0.0285333,0.0001026,0.0000674
5492,0.0285225,0.0001025,0.0000673
5493,0.0285117,0.0001025,0.0000673
5494,0.0285010,0.0001025,0.0000673
5495,0.0284902,0.0001024,0.0000672
5496,0.0284795,0.0001024,0.0000672
5497,0.0284688,0.0001023,0.0000672
5498,0.0284580,0.0001023,0.0000671
5499,0.0284473,0.0001023,0.0000671
5500,0.0284366,0.0001022,0.0000671
5501,0.0284259,0.0001022,0.0000670
5502,0.0284152,0.0001022,0.0000670
5503,0.0284045,0.0001021,0.0000670
5504,0.0283939,0.0001021,0.0000669
5505,0.0283832,0.0001020,0.0000669
5506,0.0283725,0.0001020,0.0000669
5507,0.0283619,0.0001020,0.0000668
5508,0.0283512,0.0001019,0.0000668
5509,0.0283406,0.0001019,0.0000668
5510,0.0283300,0.0001019,0.0000667
5511,0.0283193,0.0001018,0.0000667
5512,0.0283087,0.0001018,0.0000667
5513,0.0282981,0.0001018,0.0000666
5514,0.0282875,0.0001017,0.0000666
5515,0.0282769,0.0001017,0.0000666
5516,0.0282663,0.0001016,0.0000665
5517,0.0282557,0.0001016,0.0000665
5518,0.0282451,0.0001016,0.0000665
5519,0.0282346,0.0001015,0.0000664
5520,0.0282240,0.0001015,0.0000664
5521,0.0282135,0.0001015,0.0000664
5522,0.0282029,0.0001014,0.0000663
5523,0.0281924,0.0001014,0.0000663
5524,0.0281819,0.0001014,0.0000663
5525,0.0281713,0.0001013,0.0000662
5526,0.0281608,0.0001013,0.0000662
5527,0.0281503,0.0001012,0.0000662
5528,0.0281398,0.0001012,0.0000661
5529,0.0281293,0.0001012,0.0000661
5530,0.0281188,0.0001011,0.0000661
5531,0.0281083,0.0001011,0.0000660
5532,0.0280979,0.0001011,0.0000660
5533,0.0280874,0.0001010,0.0000660
5534,0.0280769,0.0001010,0.0000659
5535,0.0280665,0.0001010,0.0000659
5536,0.0280560,0.0001009,0.0000659
5537,0.0280456,0.0001009,0.0000658
5538,0.0280352,0.0001008,0.0000658
5539,0.0280247,0.0001008,0.0000658
5540,0.0280143,0.0001008,0.0000657
5541,0.0280039,0.0001007,0.0000657
5542,0.0279935,0.0001007,0.0000657
5543,0.0279831,0.0001007,0.0000656
5544,0.0279727,0.0001006,0.0000656
5545,0.0279623,0.0001006,0.0000656
5546,0.0279520,0.0001006,0.0000655
5547,0.0279416,0.0001005,0.0000655
5548,0.0279312,0.0001005,0.0000655
5549,0.0279209,0.0001005,0.0000654
5550,0.0279105,0.0001004,0.0000654
5551,0.0279002,0.0001004,0.0000654
5552,0.0278899,0.0001003,0.0000653
5553,0.0278796,0.0001003,0.0000653
5554,0.0278692,0.0001003,0.0000653
5555,0.0278589,0.0001002,0.0000652
5556,0.0278486,0.0001002,0.0000652
5557,0.0278383,0.0001002,0.0000652
5558,0.0278280,0.0001001,0.0000651
5559,0.0278177,0.0001001,0.0000651
5560,0.0278075,0.0001001,0.0000651
5561,0.0277972,0.0001000,0.0000651
5562,0.0277869,0.0001000,0.0000650
5563,0.0277767,0.0001000,0.0000650
5564,0.0277664,0.0000999,0.0000650
5565,0.0277562,0.0000999,0.0000649
5566,0.0277460,0.0000998,0.0000649
5567,0.0277357,0.0000998,0.0000649
5568,0.0277255,0.0000998,0.0000648
5569,0.0277153,0.0000997,0.0000648
5570,0.0277051,0.0000997,0.0000648
5571,0.0276949,0.0000997,0.0000647
5572,0.0276847,0.0000996,0.0000647
5573,0.0276745,0.0000996,0.0000647
5574,0.0276643,0.0000996,0.0000646
5575,0.0276542,0.0000995,0.0000646
5576,0.0276440,0.0000995,0.0000646
5577,0.0276338,0.0000995,0.0000645
5578,0.0276237,0.0000994,0.0000645
5579,0.0276135,0.0000994,0.0000645
5580,0.0276034,0.0000994,0.0000644
5581,0.0275933,0.0000993,0.0000644
5582,0.0275831,0.0000993,0.0000644
5583,0.0275730,0.0000992,0.0000643
5584,0.0275629,0.0000992,0.0000643
5585,0.0275528,0.0000992,0.0000643
5586,0.0275427,0.0000991,0.0000642
5587,0.0275326,0.0000991,0.0000642
5588,0.0275225,0.0000991,0.0000642
5589,0.0275125,0.0000990,0.0000641
5590,0.0275024,0.0000990,0.0000641
5591,0.0274923,0.0000990,0.0000641
5592,0.0274823,0.0000989,0.0000640
5593,0.0274722,0.0000989,0.0000640
5594,0.0274622,0.0000989,0.0000640
5595,0.0274521,0.0000988,0.0000639
5596,0.0274421,0.0000988,0.0000639
5597,0.0274321,0.0000988,0.0000639
5598,0.0274221,0.0000987,0.0000639
5599,0.0274121,0.0000987,0.0000638
5600,0.0274021,0.0000987,0.0000638
5601,0.0273921,0.0000986,0.0000638
5602,0.0273821,0.0000986,0.0000637
5603,0.0273721,0.0000985,0.0000637
5604,0.0273621,0.0000985,0.0000637
5605,0.0273521,0.0000985,0.0000636
5606,0.0273422,0.0000984,0.0000636
5607,0.0273322,0.0000984,0.0000636
5608,0.0273223,0.0000984,0.0000635
5609,0.0273123,0.0000983,0.0000635
5610,0.0273024,0.0000983,0.0000635
5611,0.0272924,0.0000983,0.0000634
5612,0.0272825,0.0000982,0.0000634
5613,0.0272726,0.0000982,0.0000634
5614,0.0272627,0.0000982,0.0000633
5615,0.0272528,0.0000981,0.0000633
5616,0.0272429,0.0000981,0.0000633
5617,0.0272330,0.0000981,0.0000632
5618,0.0272231,0.0000980,0.0000632
5619,0.0272132,0.0000980,0.0000632
5620,0.0272034,0.0000980,0.0000632
5621,0.0271935,0.0000979,0.0000631
5622,0.0271836,0.0000979,0.0000631
5623,0.0271738,0.0000979,0.0000631
5624,0.0271639,0.0000978,0.0000630
5625,0.0271541,0.0000978,0.0000630
5626,0.0271443,0.0000978,0.0000630
5627,0.0271344,0.0000977,0.0000629
5628,0.0271246,0.0000977,0.0000629
5629,0.0271148,0.0000977,0.0000629
5630,0.0271050,0.0000976,0.0000628
5631,0.0270952,0.0000976,0.0000628
5632,0.0270854,0.0000975,0.0000628
5633,0.0270756,0.0000975,0.0000627
5634,0.0270658,0.0000975,0.0000627
5635,0.0270561,0.0000974,0.0000627
5636,0.0270463,0.0000974,0.0000626
5637,0.0270365,0.0000974,0.0000626
5638,0.0270268,0.0000973,0.0000626
5639,0.0270170,0.0000973,0.0000626
5640,0.0270073,0.0000973,0.0000625
5641,0.0269975,0.0000972,0.0000625
5642,0.0269878,0.0000972,0.0000625
5643,0.0269781,0.0000972,0.0000624
5644,0.0269684,0.0000971,0.0000624
5645,0.0269587,0.0000971,0.0000624
5646,0.0269489,0.0000971,0.0000623
5647,0.0269392,0.0000970,0.0000623
5648,0.0269296,0.0000970,0.0000623
5649,0.0269199,0.0000970,0.0000622
5650,0.0269102,0.0000969,0.0000622
5651,0.0269005,0.0000969,0.0000622
5652,0.0268908,0.0000969,0.0000621
5653,0.0268812,0.0000968,0.0000621
5654,0.0268715,0.0000968,0.0000621
5655,0.0268619,0.0000968,0.0000620
5656,0.0268522,0.0000967,0.0000620
5657,0.0268426,0.0000967,0.0000620
5658,0.0268330,0.0000967,0.0000620
5659,0.0268234,0.0000966,0.0000619
5660,0.0268137,0.0000966,0.0000619
5661,0.0268041,0.0000966,0.0000619
5662,0.0267945,0.0000965,0.0000618
5663,0.0267849,0.0000965,0.0000618
5664,0.0267753,0.0000965,0.0000618
5665,0.0267657,0.0000964,0.0000617
5666,0.0267562,0.0000964,0.0000617
5667,0.0267466,0.0000964,0.0000617
5668,0.0267370,0.0000963,0.0000616
5669,0.0267275,0.0000963,0.0000616
5670,0.0267179,0.0000963,0.0000616
5671,0.0267083,0.0000962,0.0000616
5672,0.0266988,0.0000962,0.0000615
5673,0.0266893,0.0000962,0.0000615
5674,0.0266797,0.0000961,0.0000615
5675,0.0266702,0.0000961,0.0000614
5676,0.0266607,0.0000961,0.0000614
5677,0.0266512,0.0000960,0.0000614
5678,0.0266417,0.0000960,0.0000613
5679,0.0266322,0.0000960,0.0000613
5680,0.0266227,0.0000959,0.0000613
5681,0.0266132,0.0000959,0.0000612
5682,0.0266037,0.0000959,0.0000612
5683,0.0265942,0.0000958,0.0000612
5684,0.0265848,0.0000958,0.0000611
5685,0.0265753,0.0000958,0.0000611
5686,0.0265658,0.0000957,0.0000611
5687,0.0265564,0.0000957,0.0000611
5688,0.0265469,0.0000957,0.0000610
5689,0.0265375,0.0000956,0.0000610
5690,0.0265281,0.0000956,0.0000610
5691,0.0265186,0.0000956,0.0000609
5692,0.0265092,0.0000955,0.0000609
5693,0.0264998,0.0000955,0.0000609
5694,0.0264904,0.0000955,0.0000608
5695,0.0264810,0.0000954,0.0000608
5696,0.0264716,0.0000954,0.0000608
5697,0.0264622,0.0000954,0.0000608
5698,0.0264528,0.0000953,0.0000607
5699,0.0264434,0.0000953,0.0000607
5700,0.0264341,0.0000953,0.0000607
5701,0.0264247,0.0000952,0.0000606
5702,0.0264153,0.0000952,0.0000606
5703,0.0264060,0.0000952,0.0000606
5704,0.0263966,0.0000951,0.0000605
5705,0.0263873,0.0000951,0.0000605
5706,0.0263779,0.0000951,0.0000605
5707,0.0263686,0.0000950,0.0000604
5708,0.0263593,0.0000950,0.0000604
5709,0.0263500,0.0000950,0.0000604
5710,0.0263407,0.0000949,0.0000604
5711,0.0263313,0.0000949,0.0000603
5712,0.0263220,0.0000949,0.0000603
5713,0.0263127,0.0000948,0.0000603
5714,0.0263035,0.0000948,0.0000602
5715,0.0262942,0.0000948,0.0000602
5716,0.0262849,0.0000948,0.0000602
5717,0.0262756,0.0000947,0.0000601
5718,0.0262664,0.0000947,0.0000601
5719,0.0262571,0.0000947,0.0000601
5720,0.0262478,0.0000946,0.0000601
5721,0.0262386,0.0000946,0.0000600
5722,0.0262293,0.0000946,0.0000600
5723,0.0262201,0.0000945,0.0000600
5724,0.0262109,0.0000945,0.0000599
5725,0.0262016,0.0000945,0.0000599
5726,0.0261924,0.0000944,0.0000599
5727,0.0261832,0.0000944,0.0000598
5728,0.0261740,0.0000944,0.0000598
5729,0.0261648,0.0000943,0.0000598
5730,0.0261556,0.0000943,0.0000597
5731,0.0261464,0.0000943,0.0000597
5732,0.0261372,0.0000942,0.0000597
5733,0.0261280,0.0000942,0.0000597
5734,0.0261189,0.0000942,0.0000596
5735,0.0261097,0.0000941,0.0000596
5736,0.0261005,0.0000941,0.0000596
5737,0.0260914,0.0000941,0.0000595
5738,0.0260822,0.0000940,0.0000595
5739,0.0260731,0.0000940,0.0000595
5740,0.0260639,0.0000940,0.0000594
5741,0.0260548,0.0000939,0.0000594
5742,0.0260457,0.0000939,0.0000594
5743,0.0260365,0.0000939,0.0000594
5744,0.0260274,0.0000938,0.0000593
5745,0.0260183,0.0000938,0.0000593
5746,0.0260092,0.0000938,0.0000593
5747,0.0260001,0.0000938,0.0000592
5748,0.0259910,0.0000937,0.0000592
5749,0.0259819,0.0000937,0.0000592
5750,0.0259728,0.0000937,0.0000592
5751,0.0259638,0.0000936,0.0000591
5752,0.0259547,0.0000936,0.0000591
5753,0.0259456,0.0000936,0.0000591
5754,0.0259366,0.0000935,0.0000590
5755,0.0259275,0.0000935,0.0000590
5756,0.0259185,0.0000935,0.0000590
5757,0.0259094,0.0000934,0.0000589
5758,0.0259004,0.0000934,0.0000589
5759,0.0258913,0.0000934,0.0000589
5760,0.0258823,0.0000933,0.0000589
5761,0.0258733,0.0000933,0.0000588
5762,0.0258643,0.0000933,0.0000588
5763,0.0258553,0.0000932,0.0000588
5764,0.0258463,0.0000932,0.0000587
5765,0.0258373,0.0000932,0.0000587
5766,0.0258283,0.0000931,0.0000587
5767,0.0258193,0.0000931,0.0000586
5768,0.0258103,0.0000931,0.0000586
5769,0.0258013,0.0000931,0.0000586
5770,0.0257923,0.0000930,0.0000586
5771,0.0257834,0.0000930,0.0000585
5772,0.0257744,0.0000930,0.0000585
5773,0.0257655,0.0000929,0.0000585
5774,0.0257565,0.0000929,0.0000584
5775,0.0257476,0.0000929,0.0000584
5776,0.0257386,0.0000928,0.0000584
5777,0.0257297,0.0000928,0.0000584
5778,0.0257208,0.0000928,0.0000583
5779,0.0257118,0.0000927,0.0000583
5780,0.0257029,0.0000927,0.0000583
5781,0.0256940,0.0000927,0.0000582
5782,0.0256851,0.0000926,0.0000582
5783,0.0256762,0.0000926,0.0000582
5784,0.0256673,0.0000926,0.0000581
5785,0.0256584,0.0000925,0.0000581
5786,0.0256495,0.0000925,0.0000581
5787,0.0256407,0.0000925,0.0000581
5788,0.0256318,0.0000925,0.0000580
5789,0.0256229,0.0000924,0.0000580
5790,0.0256141,0.0000924,0.0000580
5791,0.0256052,0.0000924,0.0000579
5792,0.0255963,0.0000923,0.0000579
5793,0.0255875,0.0000923,0.0000579
5794,0.0255787,0.0000923,0.0000579
5795,0.0255698,0.0000922,0.0000578
5796,0.0255610,0.0000922,0.0000578
5797,0.0255522,0.0000922,0.0000578
5798,0.0255433,0.0000921,0.0000577
5799,0.0255345,0.0000921,0.0000577
5800,0.0255257,0.0000921,0.0000577
5801,0.0255169,0.0000920,0.0000576
5802,0.0255081,0.0000920,0.0000576
5803,0.0254993,0.0000920,0.0000576
5804,0.0254905,0.0000920,0.0000576
5805,0.0254818,0.0000919,0.0000575
5806,0.0254730,0.0000919,0.0000575
5807,0.0254642,0.0000919,0.0000575
5808,0.0254554,0.0000918,0.0000574
5809,0.0254467,0.0000918,0.0000574
5810,0.0254379,0.0000918,0.0000574
5811,0.0254292,0.0000917,0.0000574
5812,0.0254204,0.0000917,0.0000573
5813,0.0254117,0.0000917,0.0000573
5814,0.0254030,0.0000916,0.0000573
5815,0.0253942,0.0000916,0.0000572
5816,0.0253855,0.0000916,0.0000572
5817,0.0253768,0.0000916,0.0000572
5818,0.0253681,0.0000915,0.0000572
5819,0.0253594,0.0000915,0.0000571
5820,0.0253507,0.0000915,0.0000571
5821,0.0253420,0.0000914,0.0000571
5822,0.0253333,0.0000914,0.0000570
5823,0.0253246,0.0000914,0.0000570
5824,0.0253159,0.0000913,0.0000570
5825,0.0253072,0.0000913,0.0000570
5826,0.0252985,0.0000913,0.0000569
5827,0.0252899,0.0000912,0.0000569
5828,0.0252812,0.0000912,0.0000569
5829,0.0252726,0.0000912,0.0000568
5830,0.0252639,0.0000912,0.0000568
5831,0.0252553,0.0000911,0.0000568
5832,0.0252466,0.0000911,0.0000568
5833,0.0252380,0.0000911,0.0000567
5834,0.0252294,0.0000910,0.0000567
5835,0.0252207,0.0000910,0.0000567
5836,0.0252121,0.0000910,0.0000566
5837,0.0252035,0.0000909,0.0000566
5838,0.0251949,0.0000909,0.0000566
5839,0.0251863,0.0000909,0.0000566
5840,0.0251777,0.0000908,0.0000565
5841,0.0251691,0.0000908,0.0000565
5842,0.0251605,0.0000908,0.0000565
5843,0.0251519,0.0000908,0.0000564
5844,0.0251433,0.0000907,0.0000564
5845,0.0251348,0.0000907,0.0000564
5846,0.0251262,0.0000907,0.0000564
5847,0.0251176,0.0000906,0.0000563
5848,0.0251091,0.0000906,0.0000563
5849,0.0251005,0.0000906,0.0000563
5850,0.0250920,0.0000905,0.0000562
5851,0.0250834,0.0000905,0.0000562
5852,0.0250749,0.0000905,0.0000562
5853,0.0250663,0.0000905,0.0000562
5854,0.0250578,0.0000904,0.0000561
5855,0.0250493,0.0000904,0.0000561
5856,0.0250408,0.0000904,0.0000561
5857,0.0250323,0.0000903,0.0000560
5858,0.0250238,0.0000903,0.0000560
5859,0.0250153,0.0000903,0.0000560
5860,0.0250068,0.0000902,0.0000560
5861,0.0249983,0.0000902,0.0000559
5862,0.0249898,0.0000902,0.0000559
5863,0.0249813,0.0000902,0.0000559
5864,0.0249728,0.0000901,0.0000558
5865,0.0249643,0.0000901,0.0000558
5866,0.0249559,0.0000901,0.0000558
5867,0.0249474,0.0000900,0.0000558
5868,0.0249389,0.0000900,0.0000557
5869,0.0249305,0.0000900,0.0000557
5870,0.0249220,0.0000899,0.0000557
5871,0.0249136,0.0000899,0.0000556
5872,0.0249052,0.0000899,0.0000556
5873,0.0248967,0.0000899,0.0000556
5874,0.0248883,0.0000898,0.0000556
5875,0.0248799,0.0000898,0.0000555
5876,0.0248715,0.0000898,0.0000555
5877,0.0248630,0.0000897,0.0000555
5878,0.0248546,0.0000897,0.0000555
5879,0.0248462,0.0000897,0.0000554
5880,0.0248378,0.0000896,0.0000554
5881,0.0248294,0.0000896,0.0000554
5882,0.0248211,0.0000896,0.0000553
5883,0.0248127,0.0000896,0.0000553
5884,0.0248043,0.0000895,0.0000553
5885,0.0247959,0.0000895,0.0000553
5886,0.0247875,0.0000895,0.0000552
5887,0.0247792,0.0000894,0.0000552
5888,0.0247708,0.0000894,0.0000552
5889,0.0247625,0.0000894,0.0000551
5890,0.0247541,0.0000893,0.0000551
5891,0.0247458,0.0000893,0.0000551
5892,0.0247374,0.0000893,0.0000551
5893,0.0247291,0.0000893,0.0000550
5894,0.0247208,0.0000892,0.0000550
5895,0.0247124,0.0000892,0.0000550
5896,0.0247041,0.0000892,0.0000549
5897,0.0246958,0.0000891,0.0000549
5898,0.0246875,0.0000891,0.0000549
5899,0.0246792,0.0000891,0.0000549
5900,0.0246709,0.0000890,0.0000548
5901,0.0246626,0.0000890,0.0000548
5902,0.0246543,0.0000890,0.0000548
5903,0.0246460,0.0000890,0.0000548
5904,0.0246377,0.0000889,0.0000547
5905,0.0246294,0.0000889,0.0000547
5906,0.0246212,0.0000889,0.0000547
5907,0.0246129,0.0000888,0.0000546
5908,0.0246046,0.0000888,0.0000546
5909,0.0245964,0.0000888,0.0000546
5910,0.0245881,0.0000888,0.0000546
5911,0.0245799,0.0000887,0.0000545
5912,0.0245716,0.0000887,0.0000545
5913,0.0245634,0.0000887,0.0000545
5914,0.0245551,0.0000886,0.0000545
5915,0.0245469,0.0000886,0.0000544
5916,0.0245387,0.0000886,0.0000544
5917,0.0245305,0.0000885,0.0000544
5918,0.0245223,0.0000885,0.0000543
5919,0.0245140,0.0000885,0.0000543
5920,0.0245058,0.0000885,0.0000543
5921,0.0244976,0.0000884,0.0000543
5922,0.0244894,0.0000884,0.0000542
5923,0.0244812,0.0000884,0.0000542
5924,0.0244731,0.0000883,0.0000542
5925,0.0244649,0.0000883,0.0000541
5926,0.0244567,0.0000883,0.0000541
5927,0.0244485,0.0000883,0.0000541
5928,0.0244404,0.0000882,0.0000541
5929,0.0244322,0.0000882,0.0000540
5930,0.0244240,0.0000882,0.0000540
5931,0.0244159,0.0000881,0.0000540
5932,0.0244077,0.0000881,0.0000540
5933,0.0243996,0.0000881,0.0000539
5934,0.0243914,0.0000881,0.0000539
5935,0.0243833,0.0000880,0.0000539
5936,0.0243752,0.0000880,0.0000538
5937,0.0243670,0.0000880,0.0000538
5938,0.0243589,0.0000879,0.0000538
5939,0.0243508,0.0000879,0.0000538
5940,0.0243427,0.0000879,0.0000537
5941,0.0243346,0.0000878,0.0000537
5942,0.0243265,0.0000878,0.0000537
5943,0.0243184,0.0000878,0.0000537
5944,0.0243103,0.0000878,0.0000536
5945,0.0243022,0.0000877,0.0000536
5946,0.0242941,0.0000877,0.0000536
5947,0.0242860,0.0000877,0.0000536
5948,0.0242779,0.0000876,0.0000535
5949,0.0242699,0.0000876,0.0000535
5950,0.0242618,0.0000876,0.0000535
5951,0.0242537,0.0000876,0.0000534
5952,0.0242457,0.0000875,0.0000534
5953,0.0242376,0.0000875,0.0000534
5954,0.0242296,0.0000875,0.0000534
5955,0.0242215,0.0000874,0.0000533
5956,0.0242135,0.0000874,0.0000533
5957,0.0242054,0.0000874,0.0000533
5958,0.0241974,0.0000874,0.0000533
5959,0.0241894,0.0000873,0.0000532
5960,0.0241814,0.0000873,0.0000532
5961,0.0241733,0.0000873,0.0000532
5962,0.0241653,0.0000872,0.0000531
5963,0.0241573,0.0000872,0.0000531
5964,0.0241493,0.0000872,0.0000531
5965,0.0241413,0.0000872,0.0000531
5966,0.0241333,0.0000871,0.0000530
5967,0.0241253,0.0000871,0.0000530
5968,0.0241173,0.0000871,0.0000530
5969,0.0241094,0.0000870,0.0000530
5970,0.0241014,0.0000870,0.0000529
5971,0.0240934,0.0000870,0.0000529
5972,0.0240854,0.0000870,0.0000529
5973,0.0240775,0.0000869,0.0000529
5974,0.0240695,0.0000869,0.0000528
5975,0.0240616,0.0000869,0.0000528
5976,0.0240536,0.0000868,0.0000528
5977,0.0240457,0.0000868,0.0000527
5978,0.0240377,0.0000868,0.0000527
5979,0.0240298,0.0000868,0.0000527
5980,0.0240219,0.0000867,0.0000527
5981,0.0240139,0.0000867,0.0000526
5982,0.0240060,0.0000867,0.0000526
5983,0.0239981,0.0000866,0.0000526
5984,0.0239902,0.0000866,0.0000526
5985,0.0239823,0.0000866,0.0000525
5986,0.0239744,0.0000866,0.0000525
5987,0.0239664,0.0000865,0.0000525
5988,0.0239586,0.0000865,0.0000525
5989,0.0239507,0.0000865,0.0000524
5990,0.0239428,0.0000864,0.0000524
5991,0.0239349,0.0000864,0.0000524
5992,0.0239270,0.0000864,0.0000523
5993,0.0239191,0.0000864,0.0000523
5994,0.0239113,0.0000863,0.0000523
5995,0.0239034,0.0000863,0.0000523
5996,0.0238955,0.0000863,0.0000522
5997,0.0238877,0.0000862,0.0000522
5998,0.0238798,0.0000862,0.0000522
5999,0.0238720,0.0000862,0.0000522
6000,0.0238641,0.0000862,0.0000521
6001,0.0238563,0.0000861,0.0000521
6002,0.0238484,0.0000861,0.0000521
6003,0.0238406,0.0000861,0.0000521
6004,0.0238328,0.0000861,0.0000520
6005,0.0238250,0.0000860,0.0000520
6006,0.0238171,0.0000860,0.0000520
6007,0.0238093,0.0000860,0.0000519
6008,0.0238015,0.0000859,0.0000519
6009,0.0237937,0.0000859,0.0000519
6010,0.0237859,0.0000859,0.0000519
6011,0.0237781,0.0000859,0.0000518
6012,0.0237703,0.0000858,0.0000518
6013,0.0237625,0.0000858,0.0000518
6014,0.0237547,0.0000858,0.0000518
6015,0.0237469,0.0000857,0.0000517
6016,0.0237392,0.0000857,0.0000517
6017,0.0237314,0.0000857,0.0000517
6018,0.0237236,0.0000857,0.0000517
6019,0.0237159,0.0000856,0.0000516
6020,0.0237081,0.0000856,0.0000516
6021,0.0237003,0.0000856,0.0000516
6022,0.0236926,0.0000855,0.0000516
6023,0.0236848,0.0000855,0.0000515
6024,0.0236771,0.0000855,0.0000515
6025,0.0236694,0.0000855,0.0000515
6026,0.0236616,0.0000854,0.0000515
6027,0.0236539,0.0000854,0.0000514
6028,0.0236462,0.0000854,0.0000514
6029,0.0236385,0.0000854,0.0000514
6030,0.0236307,0.0000853,0.0000513
6031,0.0236230,0.0000853,0.0000513
6032,0.0236153,0.0000853,0.0000513
6033,0.0236076,0.0000852,0.0000513
6034,0.0235999,0.0000852,0.0000512
6035,0.0235922,0.0000852,0.0000512
6036,0.0235845,0.0000852,0.0000512
6037,0.0235768,0.0000851,0.0000512
6038,0.0235691,0.0000851,0.0000511
6039,0.0235615,0.0000851,0.0000511
6040,0.0235538,0.0000851,0.0000511
6041,0.0235461,0.0000850,0.0000511
6042,0.0235385,0.0000850,0.0000510
6043,0.0235308,0.0000850,0.0000510
6044,0.0235231,0.0000849,0.0000510
6045,0.0235155,0.0000849,0.0000510
6046,0.0235078,0.0000849,0.0000509
6047,0.0235002,0.0000849,0.0000509
6048,0.0234925,0.0000848,0.0000509
6049,0.0234849,0.0000848,0.0000509
6050,0.0234773,0.0000848,0.0000508
6051,0.0234696,0.0000847,0.0000508
6052,0.0234620,0.0000847,0.0000508
6053,0.0234544,0.0000847,0.0000508
6054,0.0234468,0.0000847,0.0000507
6055,0.0234391,0.0000846,0.0000507
6056,0.0234315,0.0000846,0.0000507
6057,0.0234239,0.0000846,0.0000507
6058,0.0234163,0.0000846,0.0000506
6059,0.0234087,0.0000845,0.0000506
6060,0.0234011,0.0000845,0.0000506
6061,0.0233935,0.0000845,0.0000505
6062,0.0233860,0.0000844,0.0000505
6063,0.0233784,0.0000844,0.0000505
6064,0.0233708,0.0000844,0.0000505
6065,0.0233632,0.0000844,0.0000504
6066,0.0233557,0.0000843,0.0000504
6067,0.0233481,0.0000843,0.0000504
6068,0.0233405,0.0000843,0.0000504
6069,0.0233330,0.0000843,0.0000503
6070,0.0233254,0.0000842,0.0000503
6071,0.0233179,0.0000842,0.0000503
6072,0.0233103,0.0000842,0.0000503
6073,0.0233028,0.0000841,0.0000502
6074,0.0232953,0.0000841,0.0000502
6075,0.0232877,0.0000841,0.0000502
6076,0.0232802,0.0000841,0.0000502
6077,0.0232727,0.0000840,0.0000501
6078,0.0232651,0.0000840,0.0000501
6079,0.0232576,0.0000840,0.0000501
6080,0.0232501,0.0000840,0.0000501
6081,0.0232426,0.0000839,0.0000500
6082,0.0232351,0.0000839,0.0000500
6083,0.0232276,0.0000839,0.0000500
6084,0.0232201,0.0000838,0.0000500
6085,0.0232126,0.0000838,0.0000499
6086,0.0232051,0.0000838,0.0000499
6087,0.0231976,0.0000838,0.0000499
6088,0.0231902,0.0000837,0.0000499
6089,0.0231827,0.0000837,0.0000498
6090,0.0231752,0.0000837,0.0000498
6091,0.0231677,0.0000837,0.0000498
6092,0.0231603,0.0000836,0.0000498
6093,0.0231528,0.0000836,0.0000497
6094,0.0231454,0.0000836,0.0000497
6095,0.0231379,0.0000836,0.0000497
6096,0.0231304,0.0000835,0.0000497
6097,0.0231230,0.0000835,0.0000496
6098,0.0231156,0.0000835,0.0000496
6099,0.0231081,0.0000834,0.0000496
6100,0.0231007,0.0000834,0.0000496
6101,0.0230933,0.0000834,0.0000495
6102,0.0230858,0.0000834,0.0000495
6103,0.0230784,0.0000833,0.0000495
6104,0.0230710,0.0000833,0.0000495
6105,0.0230636,0.0000833,0.0000494
6106,0.0230562,0.0000833,0.0000494
6107,0.0230488,0.0000832,0.0000494
6108,0.0230414,0.0000832,0.0000494
6109,0.0230340,0.0000832,0.0000493
6110,0.0230266,0.0000831,0.0000493
6111,0.0230192,0.0000831,0.0000493
6112,0.0230118,0.0000831,0.0000493
6113,0.0230044,0.0000831,0.0000492
6114,0.0229970,0.0000830,0.0000492
6115,0.0229897,0.0000830,0.0000492
6116,0.0229823,0.0000830,0.0000492
6117,0.0229749,0.0000830,0.0000491
6118,0.0229675,0.0000829,0.0000491
6119,0.0229602,0.0000829,0.0000491
6120,0.0229528,0.0000829,0.0000491
6121,0.0229455,0.0000829,0.0000490
6122,0.0229381,0.0000828,0.0000490
6123,0.0229308,0.0000828,0.0000490
6124,0.0229234,0.0000828,0.0000490
6125,0.0229161,0.0000827,0.0000489
6126,0.0229088,0.0000827,0.0000489
6127,0.0229014,0.0000827,0.0000489
6128,0.0228941,0.0000827,0.0000489
6129,0.0228868,0.0000826,0.0000488
6130,0.0228795,0.0000826,0.0000488
6131,0.0228722,0.0000826,0.0000488
6132,0.0228649,0.0000826,0.0000488
6133,0.0228575,0.0000825,0.0000487
6134,0.0228502,0.0000825,0.0000487
6135,0.0228429,0.0000825,0.0000487
6136,0.0228357,0.0000825,0.0000487
6137,0.0228284,0.0000824,0.0000486
6138,0.0228211,0.0000824,0.0000486
6139,0.0228138,0.0000824,0.0000486
6140,0.0228065,0.0000824,0.0000486
6141,0.0227992,0.0000823,0.0000485
6142,0.0227920,0.0000823,0.0000485
6143,0.0227847,0.0000823,0.0000485
6144,0.0227774,0.0000822,0.0000485
6145,0.0227702,0.0000822,0.0000484
6146,0.0227629,0.0000822,0.0000484
6147,0.0227556,0.0000822,0.0000484
6148,0.0227484,0.0000821,0.0000484
6149,0.0227412,0.0000821,0.0000483
6150,0.0227339,0.0000821,0.0000483
6151,0.0227267,0.0000821,0.0000483
6152,0.0227194,0.0000820,0.0000483
6153,0.0227122,0.0000820,0.0000482
6154,0.0227050,0.0000820,0.0000482
6155,0.0226978,0.0000820,0.0000482
6156,0.0226905,0.0000819,0.0000482
6157,0.0226833,0.0000819,0.0000482
6158,0.0226761,0.0000819,0.0000481
6159,0.0226689,0.0000819,0.0000481
6160,0.0226617,0.0000818,0.0000481
6161,0.0226545,0.0000818,0.0000481
6162,0.0226473,0.0000818,0.0000480
6163,0.0226401,0.0000817,0.0000480
6164,0.0226329,0.0000817,0.0000480
6165,0.0226257,0.0000817,0.0000480
6166,0.0226185,0.0000817,0.0000479
6167,0.0226114,0.0000816,0.0000479
6168,0.0226042,0.0000816,0.0000479
6169,0.0225970,0.0000816,0.0000479
6170,0.0225898,0.0000816,0.0000478
6171,0.0225827,0.0000815,0.0000478
6172,0.0225755,0.0000815,0.0000478
6173,0.0225683,0.0000815,0.0000478
6174,0.0225612,0.0000815,0.0000477
6175,0.0225540,0.0000814,0.0000477
6176,0.0225469,0.0000814,0.0000477
6177,0.0225398,0.0000814,0.0000477
6178,0.0225326,0.0000814,0.0000476
6179,0.0225255,0.0000813,0.0000476
6180,0.0225183,0.0000813,0.0000476
6181,0.0225112,0.0000813,0.0000476
6182,0.0225041,0.0000813,0.0000475
6183,0.0224970,0.0000812,0.0000475
6184,0.0224898,0.0000812,0.0000475
6185,0.0224827,0.0000812,0.0000475
6186,0.0224756,0.0000811,0.0000474
6187,0.0224685,0.0000811,0.0000474
6188,0.0224614,0.0000811,0.0000474
6189,0.0224543,0.0000811,0.0000474
6190,0.0224472,0.0000810,0.0000474
6191,0.0224401,0.0000810,0.0000473
6192,0.0224330,0.0000810,0.0000473
6193,0.0224259,0.0000810,0.0000473
6194,0.0224189,0.0000809,0.0000473
6195,0.0224118,0.0000809,0.0000472
6196,0.0224047,0.0000809,0.0000472
6197,0.0223976,0.0000809,0.0000472
6198,0.0223906,0.0000808,0.0000472
6199,0.0223835,0.0000808,0.0000471
6200,0.0223764,0.0000808,0.0000471
6201,0.0223694,0.0000808,0.0000471
6202,0.0223623,0.0000807,0.0000471
6203,0.0223553,0.0000807,0.0000470
6204,0.0223482,0.0000807,0.0000470
6205,0.0223412,0.0000807,0.0000470
6206,0.0223342,0.0000806,0.0000470
6207,0.0223271,0.0000806,0.0000469
6208,0.0223201,0.0000806,0.0000469
6209,0.0223131,0.0000806,0.0000469
6210,0.0223060,0.0000805,0.0000469
6211,0.0222990,0.0000805,0.0000469
6212,0.0222920,0.0000805,0.0000468
6213,0.0222850,0.0000805,0.0000468
6214,0.0222780,0.0000804,0.0000468
6215,0.0222710,0.0000804,0.0000468
6216,0.0222640,0.0000804,0.0000467
6217,0.0222570,0.0000804,0.0000467
6218,0.0222500,0.0000803,0.0000467
6219,0.0222430,0.0000803,0.0000467
6220,0.0222360,0.0000803,0.0000466
6221,0.0222290,0.0000803,0.0000466
6222,0.0222220,0.0000802,0.0000466
6223,0.0222150,0.0000802,0.0000466
6224,0.0222080,0.0000802,0.0000465
6225,0.0222011,0.0000801,0.0000465
6226,0.0221941,0.0000801,0.0000465
6227,0.0221871,0.0000801,0.0000465
6228,0.0221802,0.0000801,0.0000464
6229,0.0221732,0.0000800,0.0000464
6230,0.0221663,0.0000800,0.0000464
6231,0.0221593,0.0000800,0.0000464
6232,0.0221524,0.0000800,0.0000464
6233,0.0221454,0.0000799,0.0000463
6234,0.0221385,0.0000799,0.0000463
6235,0.0221315,0.0000799,0.0000463
6236,0.0221246,0.0000799,0.0000463
6237,0.0221177,0.0000798,0.0000462
6238,0.0221107,0.0000798,0.0000462
6239,0.0221038,0.0000798,0.0000462
6240,0.0220969,0.0000798,0.0000462
6241,0.0220900,0.0000797,0.0000461
6242,0.0220831,0.0000797,0.0000461
6243,0.0220761,0.0000797,0.0000461
6244,0.0220692,0.0000797,0.0000461
6245,0.0220623,0.0000796,0.0000461
6246,0.0220554,0.0000796,0.0000460
6247,0.0220485,0.0000796,0.0000460
6248,0.0220416,0.0000796,0.0000460
6249,0.0220348,0.0000795,0.0000460
6250,0.0220279,0.0000795,0.0000459
6251,0.0220210,0.0000795,0.0000459
6252,0.0220141,0.0000795,0.0000459
6253,0.0220072,0.0000794,0.0000459
6254,0.0220004,0.0000794,0.0000458
6255,0.0219935,0.0000794,0.0000458
6256,0.0219866,0.0000794,0.0000458
6257,0.0219798,0.0000793,0.0000458
6258,0.0219729,0.0000793,0.0000457
6259,0.0219660,0.0000793,0.0000457
6260,0.0219592,0.0000793,0.0000457
6261,0.0219523,0.0000792,0.0000457
6262,0.0219455,0.0000792,0.0000457
6263,0.0219386,0.0000792,0.0000456
6264,0.0219318,0.0000792,0.0000456
6265,0.0219250,0.0000791,0.0000456
6266,0.0219181,0.0000791,0.0000456
6267,0.0219113,0.0000791,0.0000455
6268,0.0219045,0.0000791,0.0000455
6269,0.0218976,0.0000790,0.0000455
6270,0.0218908,0.0000790,0.0000455
6271,0.0218840,0.0000790,0.0000454
6272,0.0218772,0.0000790,0.0000454
6273,0.0218704,0.0000789,0.0000454
6274,0.0218636,0.0000789,0.0000454
6275,0.0218568,0.0000789,0.0000454
6276,0.0218500,0.0000789,0.0000453
6277,0.0218432,0.0000788,0.0000453
6278,0.0218364,0.0000788,0.0000453
6279,0.0218296,0.0000788,0.0000453
6280,0.0218228,0.0000788,0.0000452
6281,0.0218160,0.0000787,0.0000452
6282,0.0218092,0.0000787,0.0000452
6283,0.0218025,0.0000787,0.0000452
6284,0.0217957,0.0000787,0.0000452
6285,0.0217889,0.0000786,0.0000451
6286,0.0217822,0.0000786,0.0000451
6287,0.0217754,0.0000786,0.0000451
6288,0.0217686,0.0000786,0.0000451
6289,0.0217619,0.0000785,0.0000450
6290,0.0217551,0.0000785,0.0000450
6291,0.0217484,0.0000785,0.0000450
6292,0.0217416,0.0000785,0.0000450
6293,0.0217349,0.0000784,0.0000449
6294,0.0217281,0.0000784,0.0000449
6295,0.0217214,0.0000784,0.0000449
6296,0.0217147,0.0000784,0.0000449
6297,0.0217079,0.0000783,0.0000449
6298,0.0217012,0.0000783,0.0000448
6299,0.0216945,0.0000783,0.0000448
6300,0.0216878,0.0000783,0.0000448
6301,0.0216810,0.0000782,0.0000448
6302,0.0216743,0.0000782,0.0000447
6303,0.0216676,0.0000782,0.0000447
6304,0.0216609,0.0000782,0.0000447
6305,0.0216542,0.0000781,0.0000447
6306,0.0216475,0.0000781,0.0000447
6307,0.0216408,0.0000781,0.0000446
6308,0.0216341,0.0000781,0.0000446
6309,0.0216274,0.0000781,0.0000446
6310,0.0216207,0.0000780,0.0000446
6311,0.0216140,0.0000780,0.0000445
6312,0.0216073,0.0000780,0.0000445
6313,0.0216007,0.0000780,0.0000445
6314,0.0215940,0.0000779,0.0000445
6315,0.0215873,0.0000779,0.0000444
6316,0.0215806,0.0000779,0.0000444
6317,0.0215740,0.0000779,0.0000444
6318,0.0215673,0.0000778,0.0000444
6319,0.0215607,0.0000778,0.0000444
6320,0.0215540,0.0000778,0.0000443
6321,0.0215473,0.0000778,0.0000443
6322,0.0215407,0.0000777,0.0000443
6323,0.0215340,0.0000777,0.0000443
6324,0.0215274,0.0000777,0.0000442
6325,0.0215208,0.0000777,0.0000442
6326,0.0215141,0.0000776,0.0000442
6327,0.0215075,0.0000776,0.0000442
6328,0.0215009,0.0000776,0.0000442
6329,0.0214942,0.0000776,0.0000441
6330,0.0214876,0.0000775,0.0000441
6331,0.0214810,0.0000775,0.0000441
6332,0.0214744,0.0000775,0.0000441
6333,0.0214677,0.0000775,0.0000440
6334,0.0214611,0.0000774,0.0000440
6335,0.0214545,0.0000774,0.0000440
6336,0.0214479,0.0000774,0.0000440
6337,0.0214413,0.0000774,0.0000440
6338,0.0214347,0.0000773,0.0000439
6339,0.0214281,0.0000773,0.0000439
6340,0.0214215,0.0000773,0.0000439
6341,0.0214149,0.0000773,0.0000439
6342,0.0214083,0.0000772,0.0000438
6343,0.0214017,0.0000772,0.0000438
6344,0.0213952,0.0000772,0.0000438
6345,0.0213886,0.0000772,0.0000438
6346,0.0213820,0.0000771,0.0000438
6347,0.0213754,0.0000771,0.0000437
6348,0.0213689,0.0000771,0.0000437
6349,0.0213623,0.0000771,0.0000437
6350,0.0213557,0.0000771,0.0000437
6351,0.0213492,0.0000770,0.0000436
6352,0.0213426,0.0000770,0.0000436
6353,0.0213361,0.0000770,0.0000436
6354,0.0213295,0.0000770,0.0000436
6355,0.0213230,0.0000769,0.0000436
6356,0.0213164,0.0000769,0.0000435
6357,0.0213099,0.0000769,0.0000435
6358,0.0213033,0.0000769,0.0000435
6359,0.0212968,0.0000768,0.0000435
6360,0.0212903,0.0000768,0.0000435
6361,0.0212837,0.0000768,0.0000434
6362,0.0212772,0.0000768,0.0000434
6363,0.0212707,0.0000767,0.0000434
6364,0.0212642,0.0000767,0.0000434
6365,0.0212577,0.0000767,0.0000433
6366,0.0212511,0.0000767,0.0000433
6367,0.0212446,0.0000766,0.0000433
6368,0.0212381,0.0000766,0.0000433
6369,0.0212316,0.0000766,0.0000433
6370,0.0212251,0.0000766,0.0000432
6371,0.0212186,0.0000765,0.0000432
6372,0.0212121,0.0000765,0.0000432
6373,0.0212056,0.0000765,0.0000432
6374,0.0211991,0.0000765,0.0000431
6375,0.0211926,0.0000765,0.0000431
6376,0.0211862,0.0000764,0.0000431
6377,0.0211797,0.0000764,0.0000431
6378,0.0211732,0.0000764,0.0000431
6379,0.0211667,0.0000764,0.0000430
6380,0.0211603,0.0000763,0.0000430
6381,0.0211538,0.0000763,0.0000430
6382,0.0211473,0.0000763,0.0000430
6383,0.0211409,0.0000763,0.0000429
6384,0.0211344,0.0000762,0.0000429
6385,0.0211279,0.0000762,0.0000429
6386,0.0211215,0.0000762,0.0000429
6387,0.0211150,0.0000762,0.0000429
6388,0.0211086,0.0000761,0.0000428
6389,0.0211021,0.0000761,0.0000428
6390,0.0210957,0.0000761,0.0000428
6391,0.0210893,0.0000761,0.0000428
6392,0.0210828,0.0000760,0.0000428
6393,0.0210764,0.0000760,0.0000427
6394,0.0210700,0.0000760,0.0000427
6395,0.0210635,0.0000760,0.0000427
6396,0.0210571,0.0000760,0.0000427
6397,0.0210507,0.0000759,0.0000426
6398,0.0210443,0.0000759,0.0000426
6399,0.0210379,0.0000759,0.0000426
6400,0.0210314,0.0000759,0.0000426
6401,0.0210250,0.0000758,0.0000426
6402,0.0210186,0.0000758,0.0000425
6403,0.0210122,0.0000758,0.0000425
6404,0.0210058,0.0000758,0.0000425
6405,0.0209994,0.0000757,0.0000425
6406,0.0209930,0.0000757,0.0000425
6407,0.0209866,0.0000757,0.0000424
6408,0.0209803,0.0000757,0.0000424
6409,0.0209739,0.0000756,0.0000424
6410,0.0209675,0.0000756,0.0000424
6411,0.0209611,0.0000756,0.0000423
6412,0.0209547,0.0000756,0.0000423
6413,0.0209484,0.0000756,0.0000423
6414,0.0209420,0.0000755,0.0000423
6415,0.0209356,0.0000755,0.0000423
6416,0.0209293,0.0000755,0.0000422
6417,0.0209229,0.0000755,0.0000422
6418,0.0209165,0.0000754,0.0000422
6419,0.0209102,0.0000754,0.0000422
6420,0.0209038,0.0000754,0.0000422
6421,0.0208975,0.0000754,0.0000421
6422,0.0208911,0.0000753,0.0000421
6423,0.0208848,0.0000753,0.0000421
6424,0.0208784,0.0000753,0.0000421
6425,0.0208721,0.0000753,0.0000420
6426,0.0208658,0.0000752,0.0000420
6427,0.0208594,0.0000752,0.0000420
6428,0.0208531,0.0000752,0.0000420
6429,0.0208468,0.0000752,0.0000420
6430,0.0208404,0.0000752,0.0000419
6431,0.0208341,0.0000751,0.0000419
6432,0.0208278,0.0000751,0.0000419
6433,0.0208215,0.0000751,0.0000419
6434,0.0208152,0.0000751,0.0000419
6435,0.0208089,0.0000750,0.0000418
6436,0.0208026,0.0000750,0.0000418
6437,0.0207963,0.0000750,0.0000418
6438,0.0207900,0.0000750,0.0000418
6439,0.0207837,0.0000749,0.0000418
6440,0.0207774,0.0000749,0.0000417
6441,0.0207711,0.0000749,0.0000417
6442,0.0207648,0.0000749,0.0000417
6443,0.0207585,0.0000748,0.0000417
6444,0.0207522,0.0000748,0.0000416
6445,0.0207459,0.0000748,0.0000416
6446,0.0207396,0.0000748,0.0000416
6447,0.0207334,0.0000748,0.0000416
6448,0.0207271,0.0000747,0.0000416
6449,0.0207208,0.0000747,0.0000415
6450,0.0207146,0.0000747,0.0000415
6451,0.0207083,0.0000747,0.0000415
6452,0.0207020,0.0000746,0.0000415
6453,0.0206958,0.0000746,0.0000415
6454,0.0206895,0.0000746,0.0000414
6455,0.0206833,0.0000746,0.0000414
6456,0.0206770,0.0000745,0.0000414
6457,0.0206708,0.0000745,0.0000414
6458,0.0206645,0.0000745,0.0000414
6459,0.0206583,0.0000745,0.0000413
6460,0.0206520,0.0000745,0.0000413
6461,0.0206458,0.0000744,0.0000413
6462,0.0206396,0.0000744,0.0000413
6463,0.0206333,0.0000744,0.0000413
6464,0.0206271,0.0000744,0.0000412
6465,0.0206209,0.0000743,0.0000412
6466,0.0206147,0.0000743,0.0000412
6467,0.0206084,0.0000743,0.0000412
6468,0.0206022,0.0000743,0.0000411
6469,0.0205960,0.0000742,0.0000411
6470,0.0205898,0.0000742,0.0000411
6471,0.0205836,0.0000742,0.0000411
6472,0.0205774,0.0000742,0.0000411
6473,0.0205712,0.0000742,0.0000410
6474,0.0205650,0.0000741,0.0000410
6475,0.0205588,0.0000741,0.0000410
6476,0.0205526,0.0000741,0.0000410
6477,0.0205464,0.0000741,0.0000410
6478,0.0205402,0.0000740,0.0000409
6479,0.0205340,0.0000740,0.0000409
6480,0.0205278,0.0000740,0.0000409
6481,0.0205217,0.0000740,0.0000409
6482,0.0205155,0.0000739,0.0000409
6483,0.0205093,0.0000739,0.0000408
6484,0.0205031,0.0000739,0.0000408
6485,0.0204970,0.0000739,0.0000408
6486,0.0204908,0.0000739,0.0000408
6487,0.0204846,0.0000738,0.0000408
6488,0.0204785,0.0000738,0.0000407
6489,0.0204723,0.0000738,0.0000407
6490,0.0204662,0.0000738,0.0000407
6491,0.0204600,0.0000737,0.0000407
6492,0.0204539,0.0000737,0.0000407
6493,0.0204477,0.0000737,0.0000406
6494,0.0204416,0.0000737,0.0000406
6495,0.0204354,0.0000737,0.0000406
6496,0.0204293,0.0000736,0.0000406
6497,0.0204231,0.0000736,0.0000406
6498,0.0204170,0.0000736,0.0000405
6499,0.0204109,0.0000736,0.0000405
6500,0.0204047,0.0000735,0.0000405
6501,0.0203986,0.0000735,0.0000405
6502,0.0203925,0.0000735,0.0000404
6503,0.0203864,0.0000735,0.0000404
6504,0.0203803,0.0000734,0.0000404
6505,0.0203741,0.0000734,0.0000404
6506,0.0203680,0.0000734,0.0000404
6507,0.0203619,0.0000734,0.0000403
6508,0.0203558,0.0000734,0.0000403
6509,0.0203497,0.0000733,0.0000403
6510,0.0203436,0.0000733,0.0000403
6511,0.0203375,0.0000733,0.0000403
6512,0.0203314,0.0000733,0.0000402
6513,0.0203253,0.0000732,0.0000402
6514,0.0203192,0.0000732,0.0000402
6515,0.0203131,0.0000732,0.0000402
6516,0.0203071,0.0000732,0.0000402
6517,0.0203010,0.0000732,0.0000401
6518,0.0202949,0.0000731,0.0000401
6519,0.0202888,0.0000731,0.0000401
6520,0.0202827,0.0000731,0.0000401
6521,0.0202767,0.0000731,0.0000401
6522,0.0202706,0.0000730,0.0000400
6523,0.0202645,0.0000730,0.0000400
6524,0.0202585,0.0000730,0.0000400
6525,0.0202524,0.0000730,0.0000400
6526,0.0202463,0.0000730,0.0000400
6527,0.0202403,0.0000729,0.0000399
6528,0.0202342,0.0000729,0.0000399
6529,0.0202282,0.0000729,0.0000399
6530,0.0202221,0.0000729,0.0000399
6531,0.0202161,0.0000728,0.0000399
6532,0.0202101,0.0000728,0.0000398
6533,0.0202040,0.0000728,0.0000398
6534,0.0201980,0.0000728,0.0000398
6535,0.0201919,0.0000727,0.0000398
6536,0.0201859,0.0000727,0.0000398
6537,0.0201799,0.0000727,0.0000397
6538,0.0201739,0.0000727,0.0000397
6539,0.0201678,0.0000727,0.0000397
6540,0.0201618,0.0000726,0.0000397
6541,0.0201558,0.0000726,0.0000397
6542,0.0201498,0.0000726,0.0000396
6543,0.0201438,0.0000726,0.0000396
6544,0.0201377,0.0000725,0.0000396
6545,0.0201317,0.0000725,0.0000396
6546,0.0201257,0.0000725,0.0000396
6547,0.0201197,0.0000725,0.0000395
6548,0.0201137,0.0000725,0.0000395
6549,0.0201077,0.0000724,0.0000395
6550,0.0201017,0.0000724,0.0000395
6551,0.0200957,0.0000724,0.0000395
6552,0.0200897,0.0000724,0.0000394
6553,0.0200838,0.0000723,0.0000394
6554,0.0200778,0.0000723,0.0000394
6555,0.0200718,0.0000723,0.0000394
6556,0.0200658,0.0000723,0.0000394
6557,0.0200598,0.0000723,0.0000393
6558,0.0200539,0.0000722,0.0000393
6559,0.0200479,0.0000722,0.0000393
6560,0.0200419,0.0000722,0.0000393
6561,0.0200360,0.0000722,0.0000393
6562,0.0200300,0.0000721,0.0000393
6563,0.0200240,0.0000721,0.0000392
6564,0.0200181,0.0000721,0.0000392
6565,0.0200121,0.0000721,0.0000392
6566,0.0200062,0.0000721,0.0000392
6567,0.0200002,0.0000720,0.0000392
6568,0.0199943,0.0000720,0.0000391
6569,0.0199883,0.0000720,0.0000391
6570,0.0199824,0.0000720,0.0000391
6571,0.0199764,0.0000719,0.0000391
6572,0.0199705,0.0000719,0.0000391
6573,0.0199645,0.0000719,0.0000390
6574,0.0199586,0.0000719,0.0000390
6575,0.0199527,0.0000719,0.0000390
6576,0.0199468,0.0000718,0.0000390
6577,0.0199408,0.0000718,0.0000390
6578,0.0199349,0.0000718,0.0000389
6579,0.0199290,0.0000718,0.0000389
6580,0.0199231,0.0000717,0.0000389
6581,0.0199172,0.0000717,0.0000389
6582,0.0199112,0.0000717,0.0000389
6583,0.0199053,0.0000717,0.0000388
6584,0.0198994,0.0000717,0.0000388
6585,0.0198935,0.0000716,0.0000388
6586,0.0198876,0.0000716,0.0000388
6587,0.0198817,0.0000716,0.0000388
6588,0.0198758,0.0000716,0.0000387
6589,0.0198699,0.0000715,0.0000387
6590,0.0198640,0.0000715,0.0000387
6591,0.0198581,0.0000715,0.0000387
6592,0.0198522,0.0000715,0.0000387
6593,0.0198464,0.0000715,0.0000386
6594,0.0198405,0.0000714,0.0000386
6595,0.0198346,0.0000714,0.0000386
6596,0.0198287,0.0000714,0.0000386
6597,0.0198228,0.0000714,0.0000386
6598,0.0198170,0.0000714,0.0000385
6599,0.0198111,0.0000713,0.0000385
6600,0.0198052,0.0000713,0.0000385
6601,0.0197994,0.0000713,0.0000385
6602,0.0197935,0.0000713,0.0000385
6603,0.0197876,0.0000712,0.0000385
6604,0.0197818,0.0000712,0.0000384
6605,0.0197759,0.0000712,0.0000384
6606,0.0197701,0.0000712,0.0000384
6607,0.0197642,0.0000712,0.0000384
6608,0.0197584,0.0000711,0.0000384
6609,0.0197525,0.0000711,0.0000383
6610,0.0197467,0.0000711,0.0000383
6611,0.0197409,0.0000711,0.0000383
6612,0.0197350,0.0000710,0.0000383
6613,0.0197292,0.0000710,0.0000383
6614,0.0197233,0.0000710,0.0000382
6615,0.0197175,0.0000710,0.0000382
6616,0.0197117,0.0000710,0.0000382
6617,0.0197059,0.0000709,0.0000382
6618,0.0197000,0.0000709,0.0000382
6619,0.0196942,0.0000709,0.0000381
6620,0.0196884,0.0000709,0.0000381
6621,0.0196826,0.0000708,0.0000381
6622,0.0196768,0.0000708,0.0000381
6623,0.0196710,0.0000708,0.0000381
6624,0.0196652,0.0000708,0.0000381
6625,0.0196593,0.0000708,0.0000380
6626,0.0196535,0.0000707,0.0000380
6627,0.0196477,0.0000707,0.0000380
6628,0.0196419,0.0000707,0.0000380
6629,0.0196361,0.0000707,0.0000380
6630,0.0196304,0.0000707,0.0000379
6631,0.0196246,0.0000706,0.0000379
6632,0.0196188,0.0000706,0.0000379
6633,0.0196130,0.0000706,0.0000379
6634,0.0196072,0.0000706,0.0000379
6635,0.0196014,0.0000705,0.0000378
6636,0.0195956,0.0000705,0.0000378
6637,0.0195899,0.0000705,0.0000378
6638,0.0195841,0.0000705,0.0000378
6639,0.0195783,0.0000705,0.0000378
6640,0.0195726,0.0000704,0.0000377
6641,0.0195668,0.0000704,0.0000377
6642,0.0195610,0.0000704,0.0000377
6643,0.0195553,0.0000704,0.0000377
6644,0.0195495,0.0000704,0.0000377
6645,0.0195437,0.0000703,0.0000377
6646,0.0195380,0.0000703,0.0000376
6647,0.0195322,0.0000703,0.0000376
6648,0.0195265,0.0000703,0.0000376
6649,0.0195207,0.0000702,0.0000376
6650,0.0195150,0.0000702,0.0000376
6651,0.0195093,0.0000702,0.0000375
6652,0.0195035,0.0000702,0.0000375
6653,0.0194978,0.0000702,0.0000375
6654,0.0194920,0.0000701,0.0000375
6655,0.0194863,0.0000701,0.0000375
6656,0.0194806,0.0000701,0.0000374
6657,0.0194748,0.0000701,0.0000374
6658,0.0194691,0.0000701,0.0000374
6659,0.0194634,0.0000700,0.0000374
6660,0.0194577,0.0000700,0.0000374
6661,0.0194520,0.0000700,0.0000374
6662,0.0194462,0.0000700,0.0000373
6663,0.0194405,0.0000699,0.0000373
6664,0.0194348,0.0000699,0.0000373
6665,0.0194291,0.0000699,0.0000373
6666,0.0194234,0.0000699,0.0000373
6667,0.0194177,0.0000699,0.0000372
6668,0.0194120,0.0000698,0.0000372
6669,0.0194063,0.0000698,0.0000372
6670,0.0194006,0.0000698,0.0000372
6671,0.0193949,0.0000698,0.0000372
6672,0.0193892,0.0000698,0.0000372
6673,0.0193835,0.0000697,0.0000371
6674,0.0193778,0.0000697,0.0000371
6675,0.0193722,0.0000697,0.0000371
6676,0.0193665,0.0000697,0.0000371
6677,0.0193608,0.0000696,0.0000371
6678,0.0193551,0.0000696,0.0000370
6679,0.0193494,0.0000696,0.0000370
6680,0.0193438,0.0000696,0.0000370
6681,0.0193381,0.0000696,0.0000370
6682,0.0193324,0.0000695,0.0000370
6683,0.0193268,0.0000695,0.0000369
6684,0.0193211,0.0000695,0.0000369
6685,0.0193154,0.0000695,0.0000369
6686,0.0193098,0.0000695,0.0000369
6687,0.0193041,0.0000694,0.0000369
6688,0.0192985,0.0000694,0.0000369
6689,0.0192928,0.0000694,0.0000368
6690,0.0192872,0.0000694,0.0000368
6691,0.0192815,0.0000693,0.0000368
6692,0.0192759,0.0000693,0.0000368
6693,0.0192702,0.0000693,0.0000368
6694,0.0192646,0.0000693,0.0000367
6695,0.0192589,0.0000693,0.0000367
6696,0.0192533,0.0000692,0.0000367
6697,0.0192477,0.0000692,0.0000367
6698,0.0192420,0.0000692,0.0000367
6699,0.0192364,0.0000692,0.0000367
6700,0.0192308,0.0000692,0.0000366
6701,0.0192252,0.0000691,0.0000366
6702,0.0192195,0.0000691,0.0000366
6703,0.0192139,0.0000691,0.0000366
6704,0.0192083,0.0000691,0.0000366
6705,0.0192027,0.0000691,0.0000365
6706,0.0191971,0.0000690,0.0000365
6707,0.0191915,0.0000690,0.0000365
6708,0.0191858,0.0000690,0.0000365
6709,0.0191802,0.0000690,0.0000365
6710,0.0191746,0.0000689,0.0000365
6711,0.0191690,0.0000689,0.0000364
6712,0.0191634,0.0000689,0.0000364
6713,0.0191578,0.0000689,0.0000364
6714,0.0191522,0.0000689,0.0000364
6715,0.0191467,0.0000688,0.0000364
6716,0.0191411,0.0000688,0.0000363
6717,0.0191355,0.0000688,0.0000363
6718,0.0191299,0.0000688,0.0000363
6719,0.0191243,0.0000688,0.0000363
6720,0.0191187,0.0000687,0.0000363
6721,0.0191131,0.0000687,0.0000363
6722,0.0191076,0.0000687,0.0000362
6723,0.0191020,0.0000687,0.0000362
6724,0.0190964,0.0000687,0.0000362
6725,0.0190909,0.0000686,0.0000362
6726,0.0190853,0.0000686,0.0000362
6727,0.0190797,0.0000686,0.0000362
6728,0.0190742,0.0000686,0.0000361
6729,0.0190686,0.0000685,0.0000361
6730,0.0190630,0.0000685,0.0000361
6731,0.0190575,0.0000685,0.0000361
6732,0.0190519,0.0000685,0.0000361
6733,0.0190464,0.0000685,0.0000360
6734,0.0190408,0.0000684,0.0000360
6735,0.0190353,0.0000684,0.0000360
6736,0.0190297,0.0000684,0.0000360
6737,0.0190242,0.0000684,0.0000360
6738,0.0190187,0.0000684,0.0000360
6739,0.0190131,0.0000683,0.0000359
6740,0.0190076,0.0000683,0.0000359
6741,0.0190021,0.0000683,0.0000359
6742,0.0189965,0.0000683,0.0000359
6743,0.0189910,0.0000683,0.0000359
6744,0.0189855,0.0000682,0.0000358
6745,0.0189799,0.0000682,0.0000358
6746,0.0189744,0.0000682,0.0000358
6747,0.0189689,0.0000682,0.0000358
6748,0.0189634,0.0000682,0.0000358
6749,0.0189579,0.0000681,0.0000358
6750,0.0189524,0.0000681,0.0000357
6751,0.0189468,0.0000681,0.0000357
6752,0.0189413,0.0000681,0.0000357
6753,0.0189358,0.0000680,0.0000357
6754,0.0189303,0.0000680,0.0000357
6755,0.0189248,0.0000680,0.0000357
6756,0.0189193,0.0000680,0.0000356
6757,0.0189138,0.0000680,0.0000356
6758,0.0189083,0.0000679,0.0000356
6759,0.0189028,0.0000679,0.0000356
6760,0.0188973,0.0000679,0.0000356
6761,0.0188919,0.0000679,0.0000355
6762,0.0188864,0.0000679,0.0000355
6763,0.0188809,0.0000678,0.0000355
6764,0.0188754,0.0000678,0.0000355
6765,0.0188699,0.0000678,0.0000355
6766,0.0188645,0.0000678,0.0000355
6767,0.0188590,0.0000678,0.0000354
6768,0.0188535,0.0000677,0.0000354
6769,0.0188480,0.0000677,0.0000354
6770,0.0188426,0.0000677,0.0000354
6771,0.0188371,0.0000677,0.0000354
6772,0.0188316,0.0000677,0.0000354
6773,0.0188262,0.0000676,0.0000353
6774,0.0188207,0.0000676,0.0000353
6775,0.0188153,0.0000676,0.0000353
6776,0.0188098,0.0000676,0.0000353
6777,0.0188043,0.0000676,0.0000353
6778,0.0187989,0.0000675,0.0000353
6779,0.0187934,0.0000675,0.0000352
6780,0.0187880,0.0000675,0.0000352
6781,0.0187826,0.0000675,0.0000352
6782,0.0187771,0.0000675,0.0000352
6783,0.0187717,0.0000674,0.0000352
6784,0.0187662,0.0000674,0.0000351
6785,0.0187608,0.0000674,0.0000351
6786,0.0187554,0.0000674,0.0000351
6787,0.0187499,0.0000673,0.0000351
6788,0.0187445,0.0000673,0.0000351
6789,0.0187391,0.0000673,0.0000351
6790,0.0187336,0.0000673,0.0000350
6791,0.0187282,0.0000673,0.0000350
6792,0.0187228,0.0000672,0.0000350
6793,0.0187174,0.0000672,0.0000350
6794,0.0187120,0.0000672,0.0000350
6795,0.0187066,0.0000672,0.0000350
6796,0.0187011,0.0000672,0.0000349
6797,0.0186957,0.0000671,0.0000349
6798,0.0186903,0.0000671,0.0000349
6799,0.0186849,0.0000671,0.0000349
6800,0.0186795,0.0000671,0.0000349
6801,0.0186741,0.0000671,0.0000349
6802,0.0186687,0.0000670,0.0000348
6803,0.0186633,0.0000670,0.0000348
6804,0.0186579,0.0000670,0.0000348
6805,0.0186525,0.0000670,0.0000348
6806,0.0186471,0.0000670,0.0000348
6807,0.0186418,0.0000669,0.0000348
6808,0.0186364,0.0000669,0.0000347
6809,0.0186310,0.0000669,0.0000347
6810,0.0186256,0.0000669,0.0000347
6811,0.0186202,0.0000669,0.0000347
6812,0.0186148,0.0000668,0.0000347
6813,0.0186095,0.0000668,0.0000346
6814,0.0186041,0.0000668,0.0000346
6815,0.0185987,0.0000668,0.0000346
6816,0.0185934,0.0000668,0.0000346
6817,0.0185880,0.0000667,0.0000346
6818,0.0185826,0.0000667,0.0000346
6819,0.0185773,0.0000667,0.0000345
6820,0.0185719,0.0000667,0.0000345
6821,0.0185665,0.0000667,0.0000345
6822,0.0185612,0.0000666,0.0000345
6823,0.0185558,0.0000666,0.0000345
6824,0.0185505,0.0000666,0.0000345
6825,0.0185451,0.0000666,0.0000344
6826,0.0185398,0.0000666,0.0000344
6827,0.0185344,0.0000665,0.0000344
6828,0.0185291,0.0000665,0.0000344
6829,0.0185237,0.0000665,0.0000344
6830,0.0185184,0.0000665,0.0000344
6831,0.0185131,0.0000665,0.0000343
6832,0.0185077,0.0000664,0.0000343
6833,0.0185024,0.0000664,0.0000343
6834,0.0184971,0.0000664,0.0000343
6835,0.0184917,0.0000664,0.0000343
6836,0.0184864,0.0000664,0.0000343
6837,0.0184811,0.0000663,0.0000342
6838,0.0184758,0.0000663,0.0000342
6839,0.0184704,0.0000663,0.0000342
6840,0.0184651,0.0000663,0.0000342
6841,0.0184598,0.0000663,0.0000342
6842,0.0184545,0.0000662,0.0000342
6843,0.0184492,0.0000662,0.0000341
6844,0.0184439,0.0000662,0.0000341
6845,0.0184386,0.0000662,0.0000341
6846,0.0184333,0.0000662,0.0000341
6847,0.0184280,0.0000661,0.0000341
6848,0.0184227,0.0000661,0.0000341
6849,0.0184174,0.0000661,0.0000340
6850,0.0184121,0.0000661,0.0000340
6851,0.0184068,0.0000661,0.0000340
6852,0.0184015,0.0000660,0.0000340
6853,0.0183962,0.0000660,0.0000340
6854,0.0183909,0.0000660,0.0000340
6855,0.0183856,0.0000660,0.0000339
6856,0.0183803,0.0000660,0.0000339
6857,0.0183750,0.0000659,0.0000339
6858,0.0183697,0.0000659,0.0000339
6859,0.0183645,0.0000659,0.0000339
6860,0.0183592,0.0000659,0.0000339
6861,0.0183539,0.0000659,0.0000338
6862,0.0183486,0.0000658,0.0000338
6863,0.0183434,0.0000658,0.0000338
6864,0.0183381,0.0000658,0.0000338
6865,0.0183328,0.0000658,0.0000338
6866,0.0183276,0.0000658,0.0000338
6867,0.0183223,0.0000657,0.0000337
6868,0.0183171,0.0000657,0.0000337
6869,0.0183118,0.0000657,0.0000337
6870,0.0183065,0.0000657,0.0000337
6871,0.0183013,0.0000657,0.0000337
6872,0.0182960,0.0000656,0.0000337
6873,0.0182908,0.0000656,0.0000336
6874,0.0182855,0.0000656,0.0000336
6875,0.0182803,0.0000656,0.0000336
6876,0.0182750,0.0000656,0.0000336
6877,0.0182698,0.0000655,0.0000336
6878,0.0182646,0.0000655,0.0000336
6879,0.0182593,0.0000655,0.0000335
6880,0.0182541,0.0000655,0.0000335
6881,0.0182489,0.0000655,0.0000335
6882,0.0182436,0.0000654,0.0000335
6883,0.0182384,0.0000654,0.0000335
6884,0.0182332,0.0000654,0.0000335
6885,0.0182279,0.0000654,0.0000334
6886,0.0182227,0.0000654,0.0000334
6887,0.0182175,0.0000653,0.0000334
6888,0.0182123,0.0000653,0.0000334
6889,0.0182071,0.0000653,0.0000334
6890,0.0182018,0.0000653,0.0000334
6891,0.0181966,0.0000653,0.0000333
6892,0.0181914,0.0000652,0.0000333
6893,0.0181862,0.0000652,0.0000333
6894,0.0181810,0.0000652,0.0000333
6895,0.0181758,0.0000652,0.0000333
6896,0.0181706,0.0000652,0.0000333
6897,0.0181654,0.0000651,0.0000333
6898,0.0181602,0.0000651,0.0000332
6899,0.0181550,0.0000651,0.0000332
6900,0.0181498,0.0000651,0.0000332
6901,0.0181446,0.0000651,0.0000332
6902,0.0181394,0.0000650,0.0000332
6903,0.0181342,0.0000650,0.0000332
6904,0.0181290,0.0000650,0.0000331
6905,0.0181238,0.0000650,0.0000331
6906,0.0181187,0.0000650,0.0000331
6907,0.0181135,0.0000649,0.0000331
6908,0.0181083,0.0000649,0.0000331
6909,0.0181031,0.0000649,0.0000331
6910,0.0180979,0.0000649,0.0000330
6911,0.0180928,0.0000649,0.0000330
6912,0.0180876,0.0000648,0.0000330
6913,0.0180824,0.0000648,0.0000330
6914,0.0180773,0.0000648,0.0000330
6915,0.0180721,0.0000648,0.0000330
6916,0.0180669,0.0000648,0.0000329
6917,0.0180618,0.0000647,0.0000329
6918,0.0180566,0.0000647,0.0000329
6919,0.0180515,0.0000647,0.0000329
6920,0.0180463,0.0000647,0.0000329
6921,0.0180411,0.0000647,0.0000329
6922,0.0180360,0.0000647,0.0000328
6923,0.0180308,0.0000646,0.0000328
6924,0.0180257,0.0000646,0.0000328
6925,0.0180205,0.0000646,0.0000328
6926,0.0180154,0.0000646,0.0000328
6927,0.0180103,0.0000646,0.0000328
6928,0.0180051,0.0000645,0.0000328
6929,0.0180000,0.0000645,0.0000327
6930,0.0179948,0.0000645,0.0000327
6931,0.0179897,0.0000645,0.0000327
6932,0.0179846,0.0000645,0.0000327
6933,0.0179795,0.0000644,0.0000327
6934,0.0179743,0.0000644,0.0000327
6935,0.0179692,0.0000644,0.0000326
6936,0.0179641,0.0000644,0.0000326
6937,0.0179590,0.0000644,0.0000326
6938,0.0179538,0.0000643,0.0000326
6939,0.0179487,0.0000643,0.0000326
6940,0.0179436,0.0000643,0.0000326
6941,0.0179385,0.0000643,0.0000325
6942,0.0179334,0.0000643,0.0000325
6943,0.0179283,0.0000642,0.0000325
6944,0.0179232,0.0000642,0.0000325
6945,0.0179180,0.0000642,0.0000325
6946,0.0179129,0.0000642,0.0000325
6947,0.0179078,0.0000642,0.0000325
6948,0.0179027,0.0000641,0.0000324
6949,0.0178976,0.0000641,0.0000324
6950,0.0178925,0.0000641,0.0000324
6951,0.0178874,0.0000641,0.0000324
6952,0.0178824,0.0000641,0.0000324
6953,0.0178773,0.0000640,0.0000324
6954,0.0178722,0.0000640,0.0000323
6955,0.0178671,0.0000640,0.0000323
6956,0.0178620,0.0000640,0.0000323
6957,0.0178569,0.0000640,0.0000323
6958,0.0178518,0.0000640,0.0000323
6959,0.0178468,0.0000639,0.0000323
6960,0.0178417,0.0000639,0.0000322
6961,0.0178366,0.0000639,0.0000322
6962,0.0178315,0.0000639,0.0000322
6963,0.0178265,0.0000639,0.0000322
6964,0.0178214,0.0000638,0.0000322
6965,0.0178163,0.0000638,0.0000322
6966,0.0178113,0.0000638,0.0000322
6967,0.0178062,0.0000638,0.0000321
6968,0.0178011,0.0000638,0.0000321
6969,0.0177961,0.0000637,0.0000321
6970,0.0177910,0.0000637,0.0000321
6971,0.0177859,0.0000637,0.0000321
6972,0.0177809,0.0000637,0.0000321
6973,0.0177758,0.0000637,0.0000320
6974,0.0177708,0.0000636,0.0000320
6975,0.0177657,0.0000636,0.0000320
6976,0.0177607,0.0000636,0.0000320
6977,0.0177557,0.0000636,0.0000320
6978,0.0177506,0.0000636,0.0000320
6979,0.0177456,0.0000635,0.0000320
6980,0.0177405,0.0000635,0.0000319
6981,0.0177355,0.0000635,0.0000319
6982,0.0177305,0.0000635,0.0000319
6983,0.0177254,0.0000635,0.0000319
6984,0.0177204,0.0000635,0.0000319
6985,0.0177154,0.0000634,0.0000319
6986,0.0177103,0.0000634,0.0000318
6987,0.0177053,0.0000634,0.0000318
6988,0.0177003,0.0000634,0.0000318
6989,0.0176953,0.0000634,0.0000318
6990,0.0176902,0.0000633,0.0000318
6991,0.0176852,0.0000633,0.0000318
6992,0.0176802,0.0000633,0.0000318
6993,0.0176752,0.0000633,0.0000317
6994,0.0176702,0.0000633,0.0000317
6995,0.0176652,0.0000632,0.0000317
6996,0.0176602,0.0000632,0.0000317
6997,0.0176551,0.0000632,0.0000317
6998,0.0176501,0.0000632,0.0000317
6999,0.0176451,0.0000632,0.0000316
7000,0.0176401,0.0000631,0.0000316
7001,0.0176351,0.0000631,0.0000316
7002,0.0176301,0.0000631,0.0000316
7003,0.0176251,0.0000631,0.0000316
7004,0.0176202,0.0000631,0.0000316
7005,0.0176152,0.0000631,0.0000316
7006,0.0176102,0.0000630,0.0000315
7007,0.0176052,0.0000630,0.0000315
7008,0.0176002,0.0000630,0.0000315
7009,0.0175952,0.0000630,0.0000315
7010,0.0175902,0.0000630,0.0000315
7011,0.0175852,0.0000629,0.0000315
7012,0.0175803,0.0000629,0.0000314
7013,0.0175753,0.0000629,0.0000314
7014,0.0175703,0.0000629,0.0000314
7015,0.0175653,0.0000629,0.0000314
7016,0.0175604,0.0000628,0.0000314
7017,0.0175554,0.0000628,0.0000314
7018,0.0175504,0.0000628,0.0000314
7019,0.0175455,0.0000628,0.0000313
7020,0.0175405,0.0000628,0.0000313
7021,0.0175355,0.0000628,0.0000313
7022,0.0175306,0.0000627,0.0000313
7023,0.0175256,0.0000627,0.0000313
7024,0.0175207,0.0000627,0.0000313
7025,0.0175157,0.0000627,0.0000313
7026,0.0175108,0.0000627,0.0000312
7027,0.0175058,0.0000626,0.0000312
7028,0.0175009,0.0000626,0.0000312
7029,0.0174959,0.0000626,0.0000312
7030,0.0174910,0.0000626,0.0000312
7031,0.0174860,0.0000626,0.0000312
7032,0.0174811,0.0000625,0.0000311
7033,0.0174761,0.0000625,0.0000311
7034,0.0174712,0.0000625,0.0000311
7035,0.0174663,0.0000625,0.0000311
7036,0.0174613,0.0000625,0.0000311
7037,0.0174564,0.0000625,0.0000311
7038,0.0174515,0.0000624,0.0000311
7039,0.0174465,0.0000624,0.0000310
7040,0.0174416,0.0000624,0.0000310
7041,0.0174367,0.0000624,0.0000310
7042,0.0174318,0.0000624,0.0000310
7043,0.0174268,0.0000623,0.0000310
7044,0.0174219,0.0000623,0.0000310
7045,0.0174170,0.0000623,0.0000310
7046,0.0174121,0.0000623,0.0000309
7047,0.0174072,0.0000623,0.0000309
7048,0.0174023,0.0000622,0.0000309
7049,0.0173973,0.0000622,0.0000309
7050,0.0173924,0.0000622,0.0000309
7051,0.0173875,0.0000622,0.0000309
7052,0.0173826,0.0000622,0.0000308
7053,0.0173777,0.0000622,0.0000308
7054,0.0173728,0.0000621,0.0000308
7055,0.0173679,0.0000621,0.0000308
7056,0.0173630,0.0000621,0.0000308
7057,0.0173581,0.0000621,0.0000308
7058,0.0173532,0.0000621,0.0000308
7059,0.0173483,0.0000620,0.0000307
7060,0.0173434,0.0000620,0.0000307
7061,0.0173385,0.0000620,0.0000307
7062,0.0173337,0.0000620,0.0000307
7063,0.0173288,0.0000620,0.0000307
7064,0.0173239,0.0000619,0.0000307
7065,0.0173190,0.0000619,0.0000307
7066,0.0173141,0.0000619,0.0000306
7067,0.0173093,0.0000619,0.0000306
7068,0.0173044,0.0000619,0.0000306
7069,0.0172995,0.0000619,0.0000306
7070,0.0172946,0.0000618,0.0000306
7071,0.0172898,0.0000618,0.0000306
7072,0.0172849,0.0000618,0.0000306
7073,0.0172800,0.0000618,0.0000305
7074,0.0172752,0.0000618,0.0000305
7075,0.0172703,0.0000617,0.0000305
7076,0.0172654,0.0000617,0.0000305
7077,0.0172606,0.0000617,0.0000305
7078,0.0172557,0.0000617,0.0000305
7079,0.0172509,0.0000617,0.0000305
7080,0.0172460,0.0000616,0.0000304
7081,0.0172411,0.0000616,0.0000304
7082,0.0172363,0.0000616,0.0000304
7083,0.0172314,0.0000616,0.0000304
7084,0.0172266,0.0000616,0.0000304
7085,0.0172217,0.0000616,0.0000304
7086,0.0172169,0.0000615,0.0000304
7087,0.0172121,0.0000615,0.0000303
7088,0.0172072,0.0000615,0.0000303
7089,0.0172024,0.0000615,0.0000303
7090,0.0171975,0.0000615,0.0000303
7091,0.0171927,0.0000614,0.0000303
7092,0.0171879,0.0000614,0.0000303
7093,0.0171830,0.0000614,0.0000302
7094,0.0171782,0.0000614,0.0000302
7095,0.0171734,0.0000614,0.0000302
7096,0.0171686,0.0000614,0.0000302
7097,0.0171637,0.0000613,0.0000302
7098,0.0171589,0.0000613,0.0000302
7099,0.0171541,0.0000613,0.0000302
7100,0.0171493,0.0000613,0.0000301
7101,0.0171444,0.0000613,0.0000301
7102,0.0171396,0.0000612,0.0000301
7103,0.0171348,0.0000612,0.0000301
7104,0.0171300,0.0000612,0.0000301
7105,0.0171252,0.0000612,0.0000301
7106,0.0171204,0.0000612,0.0000301
7107,0.0171156,0.0000612,0.0000300
7108,0.0171108,0.0000611,0.0000300
7109,0.0171060,0.0000611,0.0000300
7110,0.0171012,0.0000611,0.0000300
7111,0.0170964,0.0000611,0.0000300
7112,0.0170916,0.0000611,0.0000300
7113,0.0170868,0.0000610,0.0000300
7114,0.0170820,0.0000610,0.0000299
7115,0.0170772,0.0000610,0.0000299
7116,0.0170724,0.0000610,0.0000299
7117,0.0170676,0.0000610,0.0000299
7118,0.0170628,0.0000610,0.0000299
7119,0.0170580,0.0000609,0.0000299
7120,0.0170532,0.0000609,0.0000299
7121,0.0170485,0.0000609,0.0000298
7122,0.0170437,0.0000609,0.0000298
7123,0.0170389,0.0000609,0.0000298
7124,0.0170341,0.0000608,0.0000298
7125,0.0170293,0.0000608,0.0000298
7126,0.0170246,0.0000608,0.0000298
7127,0.0170198,0.0000608,0.0000298
7128,0.0170150,0.0000608,0.0000297
7129,0.0170103,0.0000608,0.0000297
7130,0.0170055,0.0000607,0.0000297
7131,0.0170007,0.0000607,0.0000297
7132,0.0169960,0.0000607,0.0000297
7133,0.0169912,0.0000607,0.0000297
7134,0.0169864,0.0000607,0.0000297
7135,0.0169817,0.0000606,0.0000297
7136,0.0169769,0.0000606,0.0000296
7137,0.0169722,0.0000606,0.0000296
7138,0.0169674,0.0000606,0.0000296
7139,0.0169627,0.0000606,0.0000296
7140,0.0169579,0.0000606,0.0000296
7141,0.0169532,0.0000605,0.0000296
7142,0.0169484,0.0000605,0.0000296
7143,0.0169437,0.0000605,0.0000295
7144,0.0169389,0.0000605,0.0000295
7145,0.0169342,0.0000605,0.0000295
7146,0.0169294,0.0000604,0.0000295
7147,0.0169247,0.0000604,0.0000295
7148,0.0169200,0.0000604,0.0000295
7149,0.0169152,0.0000604,0.0000295
7150,0.0169105,0.0000604,0.0000294
7151,0.0169058,0.0000604,0.0000294
7152,0.0169010,0.0000603,0.0000294
7153,0.0168963,0.0000603,0.0000294
7154,0.0168916,0.0000603,0.0000294
7155,0.0168869,0.0000603,0.0000294
7156,0.0168821,0.0000603,0.0000294
7157,0.0168774,0.0000602,0.0000293
7158,0.0168727,0.0000602,0.0000293
7159,0.0168680,0.0000602,0.0000293
7160,0.0168633,0.0000602,0.0000293
7161,0.0168586,0.0000602,0.0000293
7162,0.0168538,0.0000602,0.0000293
7163,0.0168491,0.0000601,0.0000293
7164,0.0168444,0.0000601,0.0000292
7165,0.0168397,0.0000601,0.0000292
7166,0.0168350,0.0000601,0.0000292
7167,0.0168303,0.0000601,0.0000292
7168,0.0168256,0.0000600,0.0000292
7169,0.0168209,0.0000600,0.0000292
7170,0.0168162,0.0000600,0.0000292
7171,0.0168115,0.0000600,0.0000291
7172,0.0168068,0.0000600,0.0000291
7173,0.0168021,0.0000600,0.0000291
7174,0.0167974,0.0000599,0.0000291
7175,0.0167927,0.0000599,0.0000291
7176,0.0167880,0.0000599,0.0000291
7177,0.0167834,0.0000599,0.0000291
7178,0.0167787,0.0000599,0.0000291
7179,0.0167740,0.0000598,0.0000290
7180,0.0167693,0.0000598,0.0000290
7181,0.0167646,0.0000598,0.0000290
7182,0.0167599,0.0000598,0.0000290
7183,0.0167553,0.0000598,0.0000290
7184,0.0167506,0.0000598,0.0000290
7185,0.0167459,0.0000597,0.0000290
7186,0.0167412,0.0000597,0.0000289
7187,0.0167366,0.0000597,0.0000289
7188,0.0167319,0.0000597,0.0000289
7189,0.0167272,0.0000597,0.0000289
7190,0.0167226,0.0000597,0.0000289
7191,0.0167179,0.0000596,0.0000289
7192,0.0167132,0.0000596,0.0000289
7193,0.0167086,0.0000596,0.0000288
7194,0.0167039,0.0000596,0.0000288
7195,0.0166993,0.0000596,0.0000288
7196,0.0166946,0.0000595,0.0000288
7197,0.0166900,0.0000595,0.0000288
7198,0.0166853,0.0000595,0.0000288
7199,0.0166807,0.0000595,0.0000288
7200,0.0166760,0.0000595,0.0000288
7201,0.0166714,0.0000595,0.0000287
7202,0.0166667,0.0000594,0.0000287
7203,0.0166621,0.0000594,0.0000287
7204,0.0166574,0.0000594,0.0000287
7205,0.0166528,0.0000594,0.0000287
7206,0.0166481,0.0000594,0.0000287
7207,0.0166435,0.0000594,0.0000287
7208,0.0166389,0.0000593,0.0000286
7209,0.0166342,0.0000593,0.0000286
7210,0.0166296,0.0000593,0.0000286
7211,0.0166250,0.0000593,0.0000286
7212,0.0166203,0.0000593,0.0000286
7213,0.0166157,0.0000592,0.0000286
7214,0.0166111,0.0000592,0.0000286
7215,0.0166065,0.0000592,0.0000286
7216,0.0166018,0.0000592,0.0000285
7217,0.0165972,0.0000592,0.0000285
7218,0.0165926,0.0000592,0.0000285
7219,0.0165880,0.0000591,0.0000285
7220,0.0165834,0.0000591,0.0000285
7221,0.0165788,0.0000591,0.0000285
7222,0.0165741,0.0000591,0.0000285
7223,0.0165695,0.0000591,0.0000284
7224,0.0165649,0.0000590,0.0000284
7225,0.0165603,0.0000590,0.0000284
7226,0.0165557,0.0000590,0.0000284
7227,0.0165511,0.0000590,0.0000284
7228,0.0165465,0.0000590,0.0000284
7229,0.0165419,0.0000590,0.0000284
7230,0.0165373,0.0000589,0.0000284
7231,0.0165327,0.0000589,0.0000283
7232,0.0165281,0.0000589,0.0000283
7233,0.0165235,0.0000589,0.0000283
7234,0.0165189,0.0000589,0.0000283
7235,0.0165143,0.0000589,0.0000283
7236,0.0165097,0.0000588,0.0000283
7237,0.0165052,0.0000588,0.0000283
7238,0.0165006,0.0000588,0.0000282
7239,0.0164960,0.0000588,0.0000282
7240,0.0164914,0.0000588,0.0000282
7241,0.0164868,0.0000588,0.0000282
7242,0.0164822,0.0000587,0.0000282
7243,0.0164777,0.0000587,0.0000282
7244,0.0164731,0.0000587,0.0000282
7245,0.0164685,0.0000587,0.0000282
7246,0.0164639,0.0000587,0.0000281
7247,0.0164594,0.0000586,0.0000281
7248,0.0164548,0.0000586,0.0000281
7249,0.0164502,0.0000586,0.0000281
7250,0.0164457,0.0000586,0.0000281
7251,0.0164411,0.0000586,0.0000281
7252,0.0164365,0.0000586,0.0000281
7253,0.0164320,0.0000585,0.0000280
7254,0.0164274,0.0000585,0.0000280
7255,0.0164228,0.0000585,0.0000280
7256,0.0164183,0.0000585,0.0000280
7257,0.0164137,0.0000585,0.0000280
7258,0.0164092,0.0000585,0.0000280
7259,0.0164046,0.0000584,0.0000280
7260,0.0164001,0.0000584,0.0000280
7261,0.0163955,0.0000584,0.0000279
7262,0.0163910,0.0000584,0.0000279
7263,0.0163864,0.0000584,0.0000279
7264,0.0163819,0.0000583,0.0000279
7265,0.0163773,0.0000583,0.0000279
7266,0.0163728,0.0000583,0.0000279
7267,0.0163683,0.0000583,0.0000279
7268,0.0163637,0.0000583,0.0000279
7269,0.0163592,0.0000583,0.0000278
7270,0.0163546,0.0000582,0.0000278
7271,0.0163501,0.0000582,0.0000278
7272,0.0163456,0.0000582,0.0000278
7273,0.0163410,0.0000582,0.0000278
7274,0.0163365,0.0000582,0.0000278
7275,0.0163320,0.0000582,0.0000278
7276,0.0163275,0.0000581,0.0000277
7277,0.0163229,0.0000581,0.0000277
7278,0.0163184,0.0000581,0.0000277
7279,0.0163139,0.0000581,0.0000277
7280,0.0163094,0.0000581,0.0000277
7281,0.0163049,0.0000581,0.0000277
7282,0.0163003,0.0000580,0.0000277
7283,0.0162958,0.0000580,0.0000277
7284,0.0162913,0.0000580,0.0000276
7285,0.0162868,0.0000580,0.0000276
7286,0.0162823,0.0000580,0.0000276
7287,0.0162778,0.0000580,0.0000276
7288,0.0162733,0.0000579,0.0000276
7289,0.0162688,0.0000579,0.0000276
7290,0.0162643,0.0000579,0.0000276
7291,0.0162598,0.0000579,0.0000276
7292,0.0162553,0.0000579,0.0000275
7293,0.0162508,0.0000578,0.0000275
7294,0.0162463,0.0000578,0.0000275
7295,0.0162418,0.0000578,0.0000275
7296,0.0162373,0.0000578,0.0000275
7297,0.0162328,0.0000578,0.0000275
7298,0.0162283,0.0000578,0.0000275
7299,0.0162238,0.0000577,0.0000275
7300,0.0162193,0.0000577,0.0000274
7301,0.0162148,0.0000577,0.0000274
7302,0.0162103,0.0000577,0.0000274
7303,0.0162059,0.0000577,0.0000274
7304,0.0162014,0.0000577,0.0000274
7305,0.0161969,0.0000576,0.0000274
7306,0.0161924,0.0000576,0.0000274
7307,0.0161879,0.0000576,0.0000274
7308,0.0161835,0.0000576,0.0000273
7309,0.0161790,0.0000576,0.0000273
7310,0.0161745,0.0000576,0.0000273
7311,0.0161701,0.0000575,0.0000273
7312,0.0161656,0.0000575,0.0000273
7313,0.0161611,0.0000575,0.0000273
7314,0.0161567,0.0000575,0.0000273
7315,0.0161522,0.0000575,0.0000273
7316,0.0161477,0.0000575,0.0000272
7317,0.0161433,0.0000574,0.0000272
7318,0.0161388,0.0000574,0.0000272
7319,0.0161343,0.0000574,0.0000272
7320,0.0161299,0.0000574,0.0000272
7321,0.0161254,0.0000574,0.0000272
7322,0.0161210,0.0000574,0.0000272
7323,0.0161165,0.0000573,0.0000271
7324,0.0161121,0.0000573,0.0000271
7325,0.0161076,0.0000573,0.0000271
7326,0.0161032,0.0000573,0.0000271
7327,0.0160987,0.0000573,0.0000271
7328,0.0160943,0.0000572,0.0000271
7329,0.0160898,0.0000572,0.0000271
7330,0.0160854,0.0000572,0.0000271
7331,0.0160810,0.0000572,0.0000270
7332,0.0160765,0.0000572,0.0000270
7333,0.0160721,0.0000572,0.0000270
7334,0.0160677,0.0000571,0.0000270
7335,0.0160632,0.0000571,0.0000270
7336,0.0160588,0.0000571,0.0000270
7337,0.0160544,0.0000571,0.0000270
7338,0.0160499,0.0000571,0.0000270
7339,0.0160455,0.0000571,0.0000270
7340,0.0160411,0.0000570,0.0000269
7341,0.0160366,0.0000570,0.0000269
7342,0.0160322,0.0000570,0.0000269
7343,0.0160278,0.0000570,0.0000269
7344,0.0160234,0.0000570,0.0000269
7345,0.0160190,0.0000570,0.0000269
7346,0.0160145,0.0000569,0.0000269
7347,0.0160101,0.0000569,0.0000269
7348,0.0160057,0.0000569,0.0000268
7349,0.0160013,0.0000569,0.0000268
7350,0.0159969,0.0000569,0.0000268
7351,0.0159925,0.0000569,0.0000268
7352,0.0159881,0.0000568,0.0000268
7353,0.0159837,0.0000568,0.0000268
7354,0.0159793,0.0000568,0.0000268
7355,0.0159749,0.0000568,0.0000268
7356,0.0159705,0.0000568,0.0000267
7357,0.0159661,0.0000568,0.0000267
7358,0.0159617,0.0000567,0.0000267
7359,0.0159573,0.0000567,0.0000267
7360,0.0159529,0.0000567,0.0000267
7361,0.0159485,0.0000567,0.0000267
7362,0.0159441,0.0000567,0.0000267
7363,0.0159397,0.0000567,0.0000267
7364,0.0159353,0.0000566,0.0000266
7365,0.0159309,0.0000566,0.0000266
7366,0.0159265,0.0000566,0.0000266
7367,0.0159221,0.0000566,0.0000266
7368,0.0159178,0.0000566,0.0000266
7369,0.0159134,0.0000566,0.0000266
7370,0.0159090,0.0000565,0.0000266
7371,0.0159046,0.0000565,0.0000266
7372,0.0159002,0.0000565,0.0000265
7373,0.0158959,0.0000565,0.0000265
7374,0.0158915,0.0000565,0.0000265
7375,0.0158871,0.0000565,0.0000265
7376,0.0158827,0.0000564,0.0000265
7377,0.0158784,0.0000564,0.0000265
7378,0.0158740,0.0000564,0.0000265
7379,0.0158696,0.0000564,0.0000265
7380,0.0158653,0.0000564,0.0000264
7381,0.0158609,0.0000564,0.0000264
7382,0.0158565,0.0000563,0.0000264
7383,0.0158522,0.0000563,0.0000264
7384,0.0158478,0.0000563,0.0000264
7385,0.0158435,0.0000563,0.0000264
7386,0.0158391,0.0000563,0.0000264
7387,0.0158348,0.0000563,0.0000264
7388,0.0158304,0.0000562,0.0000264
7389,0.0158260,0.0000562,0.0000263
7390,0.0158217,0.0000562,0.0000263
7391,0.0158173,0.0000562,0.0000263
7392,0.0158130,0.0000562,0.0000263
7393,0.0158087,0.0000562,0.0000263
7394,0.0158043,0.0000561,0.0000263
7395,0.0158000,0.0000561,0.0000263
7396,0.0157956,0.0000561,0.0000263
7397,0.0157913,0.0000561,0.0000262
7398,0.0157869,0.0000561,0.0000262
7399,0.0157826,0.0000561,0.0000262
7400,0.0157783,0.0000560,0.0000262
7401,0.0157739,0.0000560,0.0000262
7402,0.0157696,0.0000560,0.0000262
7403,0.0157653,0.0000560,0.0000262
7404,0.0157609,0.0000560,0.0000262
7405,0.0157566,0.0000560,0.0000261
7406,0.0157523,0.0000559,0.0000261
7407,0.0157480,0.0000559,0.0000261
7408,0.0157436,0.0000559,0.0000261
7409,0.0157393,0.0000559,0.0000261
7410,0.0157350,0.0000559,0.0000261
7411,0.0157307,0.0000559,0.0000261
7412,0.0157264,0.0000558,0.0000261
7413,0.0157220,0.0000558,0.0000261
7414,0.0157177,0.0000558,0.0000260
7415,0.0157134,0.0000558,0.0000260
7416,0.0157091,0.0000558,0.0000260
7417,0.0157048,0.0000558,0.0000260
7418,0.0157005,0.0000557,0.0000260
7419,0.0156962,0.0000557,0.0000260
7420,0.0156919,0.0000557,0.0000260
7421,0.0156876,0.0000557,0.0000260
7422,0.0156833,0.0000557,0.0000259
7423,0.0156790,0.0000557,0.0000259
7424,0.0156746,0.0000556,0.0000259
7425,0.0156704,0.0000556,0.0000259
7426,0.0156661,0.0000556,0.0000259
7427,0.0156618,0.0000556,0.0000259
7428,0.0156575,0.0000556,0.0000259
7429,0.0156532,0.0000556,0.0000259
7430,0.0156489,0.0000555,0.0000258
7431,0.0156446,0.0000555,0.0000258
7432,0.0156403,0.0000555,0.0000258
7433,0.0156360,0.0000555,0.0000258
7434,0.0156317,0.0000555,0.0000258
7435,0.0156274,0.0000555,0.0000258
7436,0.0156232,0.0000554,0.0000258
7437,0.0156189,0.0000554,0.0000258
7438,0.0156146,0.0000554,0.0000258
7439,0.0156103,0.0000554,0.0000257
7440,0.0156060,0.0000554,0.0000257
7441,0.0156018,0.0000554,0.0000257
7442,0.0155975,0.0000553,0.0000257
7443,0.0155932,0.0000553,0.0000257
7444,0.0155889,0.0000553,0.0000257
7445,0.0155847,0.0000553,0.0000257
7446,0.0155804,0.0000553,0.0000257
7447,0.0155761,0.0000553,0.0000257
7448,0.0155719,0.0000552,0.0000256
7449,0.0155676,0.0000552,0.0000256
7450,0.0155633,0.0000552,0.0000256
7451,0.0155591,0.0000552,0.0000256
7452,0.0155548,0.0000552,0.0000256
7453,0.0155506,0.0000552,0.0000256
7454,0.0155463,0.0000551,0.0000256
7455,0.0155420,0.0000551,0.0000256
7456,0.0155378,0.0000551,0.0000255
7457,0.0155335,0.0000551,0.0000255
7458,0.0155293,0.0000551,0.0000255
7459,0.0155250,0.0000551,0.0000255
7460,0.0155208,0.0000550,0.0000255
7461,0.0155165,0.0000550,0.0000255
7462,0.0155123,0.0000550,0.0000255
7463,0.0155081,0.0000550,0.0000255
7464,0.0155038,0.0000550,0.0000255
7465,0.0154996,0.0000550,0.0000254
7466,0.0154953,0.0000549,0.0000254
7467,0.0154911,0.0000549,0.0000254
7468,0.0154869,0.0000549,0.0000254
7469,0.0154826,0.0000549,0.0000254
7470,0.0154784,0.0000549,0.0000254
7471,0.0154742,0.0000549,0.0000254
7472,0.0154699,0.0000549,0.0000254
7473,0.0154657,0.0000548,0.0000254
7474,0.0154615,0.0000548,0.0000253
7475,0.0154572,0.0000548,0.0000253
7476,0.0154530,0.0000548,0.0000253
7477,0.0154488,0.0000548,0.0000253
7478,0.0154446,0.0000548,0.0000253
7479,0.0154403,0.0000547,0.0000253
7480,0.0154361,0.0000547,0.0000253
7481,0.0154319,0.0000547,0.0000253
7482,0.0154277,0.0000547,0.0000252
7483,0.0154235,0.0000547,0.0000252
7484,0.0154193,0.0000547,0.0000252
7485,0.0154150,0.0000546,0.0000252
7486,0.0154108,0.0000546,0.0000252
7487,0.0154066,0.0000546,0.0000252
7488,0.0154024,0.0000546,0.0000252
7489,0.0153982,0.0000546,0.0000252
7490,0.0153940,0.0000546,0.0000252
7491,0.0153898,0.0000545,0.0000251
7492,0.0153856,0.0000545,0.0000251
7493,0.0153814,0.0000545,0.0000251
7494,0.0153772,0.0000545,0.0000251
7495,0.0153730,0.0000545,0.0000251
7496,0.0153688,0.0000545,0.0000251
7497,0.0153646,0.0000544,0.0000251
7498,0.0153604,0.0000544,0.0000251
7499,0.0153562,0.0000544,0.0000251
7500,0.0153520,0.0000544,0.0000250
7501,0.0153478,0.0000544,0.0000250
7502,0.0153436,0.0000544,0.0000250
7503,0.0153394,0.0000544,0.0000250
7504,0.0153353,0.0000543,0.0000250
7505,0.0153311,0.0000543,0.0000250
7506,0.0153269,0.0000543,0.0000250
7507,0.0153227,0.0000543,0.0000250
7508,0.0153185,0.0000543,0.0000250
7509,0.0153143,0.0000543,0.0000249
7510,0.0153102,0.0000542,0.0000249
7511,0.0153060,0.0000542,0.0000249
7512,0.0153018,0.0000542,0.0000249
7513,0.0152976,0.0000542,0.0000249
7514,0.0152935,0.0000542,0.0000249
7515,0.0152893,0.0000542,0.0000249
7516,0.0152851,0.0000541,0.0000249
7517,0.0152810,0.0000541,0.0000249
7518,0.0152768,0.0000541,0.0000248
7519,0.0152726,0.0000541,0.0000248
7520,0.0152685,0.0000541,0.0000248
7521,0.0152643,0.0000541,0.0000248
7522,0.0152601,0.0000540,0.0000248
7523,0.0152560,0.0000540,0.0000248
7524,0.0152518,0.0000540,0.0000248
7525,0.0152477,0.0000540,0.0000248
7526,0.0152435,0.0000540,0.0000248
7527,0.0152394,0.0000540,0.0000247
7528,0.0152352,0.0000539,0.0000247
7529,0.0152311,0.0000539,0.0000247
7530,0.0152269,0.0000539,0.0000247
7531,0.0152228,0.0000539,0.0000247
7532,0.0152186,0.0000539,0.0000247
7533,0.0152145,0.0000539,0.0000247
7534,0.0152103,0.0000539,0.0000247
7535,0.0152062,0.0000538,0.0000247
7536,0.0152020,0.0000538,0.0000246
7537,0.0151979,0.0000538,0.0000246
7538,0.0151937,0.0000538,0.0000246
7539,0.0151896,0.0000538,0.0000246
7540,0.0151855,0.0000538,0.0000246
7541,0.0151813,0.0000537,0.0000246
7542,0.0151772,0.0000537,0.0000246
7543,0.0151731,0.0000537,0.0000246
7544,0.0151689,0.0000537,0.0000246
7545,0.0151648,0.0000537,0.0000245
7546,0.0151607,0.0000537,0.0000245
7547,0.0151566,0.0000536,0.0000245
7548,0.0151524,0.0000536,0.0000245
7549,0.0151483,0.0000536,0.0000245
7550,0.0151442,0.0000536,0.0000245
7551,0.0151401,0.0000536,0.0000245
7552,0.0151359,0.0000536,0.0000245
7553,0.0151318,0.0000536,0.0000245
7554,0.0151277,0.0000535,0.0000244
7555,0.0151236,0.0000535,0.0000244
7556,0.0151195,0.0000535,0.0000244
7557,0.0151154,0.0000535,0.0000244
7558,0.0151113,0.0000535,0.0000244
7559,0.0151071,0.0000535,0.0000244
7560,0.0151030,0.0000534,0.0000244
7561,0.0150989,0.0000534,0.0000244
7562,0.0150948,0.0000534,0.0000244
7563,0.0150907,0.0000534,0.0000243
7564,0.0150866,0.0000534,0.0000243
7565,0.0150825,0.0000534,0.0000243
7566,0.0150784,0.0000533,0.0000243
7567,0.0150743,0.0000533,0.0000243
7568,0.0150702,0.0000533,0.0000243
7569,0.0150661,0.0000533,0.0000243
7570,0.0150620,0.0000533,0.0000243
7571,0.0150579,0.0000533,0.0000243
7572,0.0150538,0.0000533,0.0000243
7573,0.0150497,0.0000532,0.0000242
7574,0.0150456,0.0000532,0.0000242
7575,0.0150416,0.0000532,0.0000242
7576,0.0150375,0.0000532,0.0000242
7577,0.0150334,0.0000532,0.0000242
7578,0.0150293,0.0000532,0.0000242
7579,0.0150252,0.0000531,0.0000242
7580,0.0150211,0.0000531,0.0000242
7581,0.0150171,0.0000531,0.0000242
7582,0.0150130,0.0000531,0.0000241
7583,0.0150089,0.0000531,0.0000241
7584,0.0150048,0.0000531,0.0000241
7585,0.0150007,0.0000530,0.0000241
7586,0.0149967,0.0000530,0.0000241
7587,0.0149926,0.0000530,0.0000241
7588,0.0149885,0.0000530,0.0000241
7589,0.0149845,0.0000530,0.0000241
7590,0.0149804,0.0000530,0.0000241
7591,0.0149763,0.0000530,0.0000240
7592,0.0149723,0.0000529,0.0000240
7593,0.0149682,0.0000529,0.0000240
7594,0.0149641,0.0000529,0.0000240
7595,0.0149601,0.0000529,0.0000240
7596,0.0149560,0.0000529,0.0000240
7597,0.0149519,0.0000529,0.0000240
7598,0.0149479,0.0000528,0.0000240
7599,0.0149438,0.0000528,0.0000240
7600,0.0149398,0.0000528,0.0000240
7601,0.0149357,0.0000528,0.0000239
7602,0.0149317,0.0000528,0.0000239
7603,0.0149276,0.0000528,0.0000239
7604,0.0149236,0.0000528,0.0000239
7605,0.0149195,0.0000527,0.0000239
7606,0.0149155,0.0000527,0.0000239
7607,0.0149114,0.0000527,0.0000239
7608,0.0149074,0.0000527,0.0000239
7609,0.0149033,0.0000527,0.0000239
7610,0.0148993,0.0000527,0.0000238
7611,0.0148953,0.0000526,0.0000238
7612,0.0148912,0.0000526,0.0000238
7613,0.0148872,0.0000526,0.0000238
7614,0.0148831,0.0000526,0.0000238
7615,0.0148791,0.0000526,0.0000238
7616,0.0148751,0.0000526,0.0000238
7617,0.0148710,0.0000525,0.0000238
7618,0.0148670,0.0000525,0.0000238
7619,0.0148630,0.0000525,0.0000238
7620,0.0148589,0.0000525,0.0000237
7621,0.0148549,0.0000525,0.0000237
7622,0.0148509,0.0000525,0.0000237
7623,0.0148469,0.0000525,0.0000237
7624,0.0148428,0.0000524,0.0000237
7625,0.0148388,0.0000524,0.0000237
7626,0.0148348,0.0000524,0.0000237
7627,0.0148308,0.0000524,0.0000237
7628,0.0148268,0.0000524,0.0000237
7629,0.0148227,0.0000524,0.0000236
7630,0.0148187,0.0000523,0.0000236
7631,0.0148147,0.0000523,0.0000236
7632,0.0148107,0.0000523,0.0000236
7633,0.0148067,0.0000523,0.0000236
7634,0.0148027,0.0000523,0.0000236
7635,0.0147987,0.0000523,0.0000236
7636,0.0147947,0.0000523,0.0000236
7637,0.0147907,0.0000522,0.0000236
7638,0.0147867,0.0000522,0.0000236
7639,0.0147826,0.0000522,0.0000235
7640,0.0147786,0.0000522,0.0000235
7641,0.0147746,0.0000522,0.0000235
7642,0.0147706,0.0000522,0.0000235
7643,0.0147666,0.0000521,0.0000235
7644,0.0147626,0.0000521,0.0000235
7645,0.0147587,0.0000521,0.0000235
7646,0.0147547,0.0000521,0.0000235
7647,0.0147507,0.0000521,0.0000235
7648,0.0147467,0.0000521,0.0000235
7649,0.0147427,0.0000521,0.0000234
7650,0.0147387,0.0000520,0.0000234
7651,0.0147347,0.0000520,0.0000234
7652,0.0147307,0.0000520,0.0000234
7653,0.0147267,0.0000520,0.0000234
7654,0.0147227,0.0000520,0.0000234
7655,0.0147188,0.0000520,0.0000234
7656,0.0147148,0.0000519,0.0000234
7657,0.0147108,0.0000519,0.0000234
7658,0.0147068,0.0000519,0.0000233
7659,0.0147028,0.0000519,0.0000233
7660,0.0146989,0.0000519,0.0000233
7661,0.0146949,0.0000519,0.0000233
7662,0.0146909,0.0000519,0.0000233
7663,0.0146869,0.0000518,0.0000233
7664,0.0146830,0.0000518,0.0000233
7665,0.0146790,0.0000518,0.0000233
7666,0.0146750,0.0000518,0.0000233
7667,0.0146711,0.0000518,0.0000233
7668,0.0146671,0.0000518,0.0000232
7669,0.0146631,0.0000517,0.0000232
7670,0.0146592,0.0000517,0.0000232
7671,0.0146552,0.0000517,0.0000232
7672,0.0146513,0.0000517,0.0000232
7673,0.0146473,0.0000517,0.0000232
7674,0.0146433,0.0000517,0.0000232
7675,0.0146394,0.0000517,0.0000232
7676,0.0146354,0.0000516,0.0000232
7677,0.0146315,0.0000516,0.0000232
7678,0.0146275,0.0000516,0.0000231
7679,0.0146236,0.0000516,0.0000231
7680,0.0146196,0.0000516,0.0000231
7681,0.0146157,0.0000516,0.0000231
7682,0.0146117,0.0000516,0.0000231
7683,0.0146078,0.0000515,0.0000231
7684,0.0146038,0.0000515,0.0000231
7685,0.0145999,0.0000515,0.0000231
7686,0.0145959,0.0000515,0.0000231
7687,0.0145920,0.0000515,0.0000231
7688,0.0145880,0.0000515,0.0000230
7689,0.0145841,0.0000514,0.0000230
7690,0.0145802,0.0000514,0.0000230
7691,0.0145762,0.0000514,0.0000230
7692,0.0145723,0.0000514,0.0000230
7693,0.0145684,0.0000514,0.0000230
7694,0.0145644,0.0000514,0.0000230
7695,0.0145605,0.0000514,0.0000230
7696,0.0145566,0.0000513,0.0000230
7697,0.0145526,0.0000513,0.0000230
7698,0.0145487,0.0000513,0.0000229
7699,0.0145448,0.0000513,0.0000229
7700,0.0145409,0.0000513,0.0000229
7701,0.0145369,0.0000513,0.0000229
7702,0.0145330,0.0000512,0.0000229
7703,0.0145291,0.0000512,0.0000229
7704,0.0145252,0.0000512,0.0000229
7705,0.0145213,0.0000512,0.0000229
7706,0.0145173,0.0000512,0.0000229
7707,0.0145134,0.0000512,0.0000229
7708,0.0145095,0.0000512,0.0000228
7709,0.0145056,0.0000511,0.0000228
7710,0.0145017,0.0000511,0.0000228
7711,0.0144978,0.0000511,0.0000228
7712,0.0144939,0.0000511,0.0000228
7713,0.0144899,0.0000511,0.0000228
7714,0.0144860,0.0000511,0.0000228
7715,0.0144821,0.0000511,0.0000228
7716,0.0144782,0.0000510,0.0000228
7717,0.0144743,0.0000510,0.0000228
7718,0.0144704,0.0000510,0.0000227
7719,0.0144665,0.0000510,0.0000227
7720,0.0144626,0.0000510,0.0000227
7721,0.0144587,0.0000510,0.0000227
7722,0.0144548,0.0000509,0.0000227
7723,0.0144509,0.0000509,0.0000227
7724,0.0144470,0.0000509,0.0000227
7725,0.0144431,0.0000509,0.0000227
7726,0.0144392,0.0000509,0.0000227
7727,0.0144354,0.0000509,0.0000227
7728,0.0144315,0.0000509,0.0000226
7729,0.0144276,0.0000508,0.0000226
7730,0.0144237,0.0000508,0.0000226
7731,0.0144198,0.0000508,0.0000226
7732,0.0144159,0.0000508,0.0000226
7733,0.0144120,0.0000508,0.0000226
7734,0.0144081,0.0000508,0.0000226
7735,0.0144043,0.0000508,0.0000226
7736,0.0144004,0.0000507,0.0000226
7737,0.0143965,0.0000507,0.0000226
7738,0.0143926,0.0000507,0.0000225
7739,0.0143888,0.0000507,0.0000225
7740,0.0143849,0.0000507,0.0000225
7741,0.0143810,0.0000507,0.0000225
7742,0.0143771,0.0000506,0.0000225
7743,0.0143733,0.0000506,0.0000225
7744,0.0143694,0.0000506,0.0000225
7745,0.0143655,0.0000506,0.0000225
7746,0.0143617,0.0000506,0.0000225
7747,0.0143578,0.0000506,0.0000225
7748,0.0143539,0.0000506,0.0000225
7749,0.0143501,0.0000505,0.0000224
7750,0.0143462,0.0000505,0.0000224
7751,0.0143423,0.0000505,0.0000224
7752,0.0143385,0.0000505,0.0000224
7753,0.0143346,0.0000505,0.0000224
7754,0.0143308,0.0000505,0.0000224
7755,0.0143269,0.0000505,0.0000224
7756,0.0143230,0.0000504,0.0000224
7757,0.0143192,0.0000504,0.0000224
7758,0.0143153,0.0000504,0.0000224
7759,0.0143115,0.0000504,0.0000223
7760,0.0143076,0.0000504,0.0000223
7761,0.0143038,0.0000504,0.0000223
7762,0.0142999,0.0000504,0.0000223
7763,0.0142961,0.0000503,0.0000223
7764,0.0142922,0.0000503,0.0000223
7765,0.0142884,0.0000503,0.0000223
7766,0.0142846,0.0000503,0.0000223
7767,0.0142807,0.0000503,0.0000223
7768,0.0142769,0.0000503,0.0000223
7769,0.0142730,0.0000502,0.0000222
7770,0.0142692,0.0000502,0.0000222
7771,0.0142654,0.0000502,0.0000222
7772,0.0142615,0.0000502,0.0000222
7773,0.0142577,0.0000502,0.0000222
7774,0.0142539,0.0000502,0.0000222
7775,0.0142500,0.0000502,0.0000222
7776,0.0142462,0.0000501,0.0000222
7777,0.0142424,0.0000501,0.0000222
7778,0.0142385,0.0000501,0.0000222
7779,0.0142347,0.0000501,0.0000222
7780,0.0142309,0.0000501,0.0000221
7781,0.0142271,0.0000501,0.0000221
7782,0.0142232,0.0000501,0.0000221
7783,0.0142194,0.0000500,0.0000221
7784,0.0142156,0.0000500,0.0000221
7785,0.0142118,0.0000500,0.0000221
7786,0.0142080,0.0000500,0.0000221
7787,0.0142041,0.0000500,0.0000221
7788,0.0142003,0.0000500,0.0000221
7789,0.0141965,0.0000500,0.0000221
7790,0.0141927,0.0000499,0.0000221
7791,0.0141889,0.0000499,0.0000220
7792,0.0141851,0.0000499,0.0000220
7793,0.0141813,0.0000499,0.0000220
7794,0.0141775,0.0000499,0.0000220
7795,0.0141736,0.0000499,0.0000220
7796,0.0141698,0.0000499,0.0000220
7797,0.0141660,0.0000498,0.0000220
7798,0.0141622,0.0000498,0.0000220
7799,0.0141584,0.0000498,0.0000220
7800,0.0141546,0.0000498,0.0000220
7801,0.0141508,0.0000498,0.0000219
7802,0.0141470,0.0000498,0.0000219
7803,0.0141432,0.0000497,0.0000219
7804,0.0141394,0.0000497,0.0000219
7805,0.0141356,0.0000497,0.0000219
7806,0.0141318,0.0000497,0.0000219
7807,0.0141281,0.0000497,0.0000219
7808,0.0141243,0.0000497,0.0000219
7809,0.0141205,0.0000497,0.0000219
7810,0.0141167,0.0000496,0.0000219
7811,0.0141129,0.0000496,0.0000219
7812,0.0141091,0.0000496,0.0000218
7813,0.0141053,0.0000496,0.0000218
7814,0.0141015,0.0000496,0.0000218
7815,0.0140978,0.0000496,0.0000218
7816,0.0140940,0.0000496,0.0000218
7817,0.0140902,0.0000495,0.0000218
7818,0.0140864,0.0000495,0.0000218
7819,0.0140826,0.0000495,0.0000218
7820,0.0140789,0.0000495,0.0000218
7821,0.0140751,0.0000495,0.0000218
7822,0.0140713,0.0000495,0.0000218
7823,0.0140675,0.0000495,0.0000217
7824,0.0140638,0.0000494,0.0000217
7825,0.0140600,0.0000494,0.0000217
7826,0.0140562,0.0000494,0.0000217
7827,0.0140524,0.0000494,0.0000217
7828,0.0140487,0.0000494,0.0000217
7829,0.0140449,0.0000494,0.0000217
7830,0.0140411,0.0000494,0.0000217
7831,0.0140374,0.0000493,0.0000217
7832,0.0140336,0.0000493,0.0000217
7833,0.0140299,0.0000493,0.0000216
7834,0.0140261,0.0000493,0.0000216
7835,0.0140223,0.0000493,0.0000216
7836,0.0140186,0.0000493,0.0000216
7837,0.0140148,0.0000493,0.0000216
7838,0.0140111,0.0000492,0.0000216
7839,0.0140073,0.0000492,0.0000216
7840,0.0140036,0.0000492,0.0000216
7841,0.0139998,0.0000492,0.0000216
7842,0.0139961,0.0000492,0.0000216
7843,0.0139923,0.0000492,0.0000216
7844,0.0139886,0.0000492,0.0000215
7845,0.0139848,0.0000491,0.0000215
7846,0.0139811,0.0000491,0.0000215
7847,0.0139773,0.0000491,0.0000215
7848,0.0139736,0.0000491,0.0000215
7849,0.0139698,0.0000491,0.0000215
7850,0.0139661,0.0000491,0.0000215
7851,0.0139623,0.0000491,0.0000215
7852,0.0139586,0.0000490,0.0000215
7853,0.0139549,0.0000490,0.0000215
7854,0.0139511,0.0000490,0.0000215
7855,0.0139474,0.0000490,0.0000214
7856,0.0139437,0.0000490,0.0000214
7857,0.0139399,0.0000490,0.0000214
7858,0.0139362,0.0000490,0.0000214
7859,0.0139325,0.0000489,0.0000214
7860,0.0139287,0.0000489,0.0000214
7861,0.0139250,0.0000489,0.0000214
7862,0.0139213,0.0000489,0.0000214
7863,0.0139175,0.0000489,0.0000214
7864,0.0139138,0.0000489,0.0000214
7865,0.0139101,0.0000489,0.0000214
7866,0.0139064,0.0000488,0.0000213
7867,0.0139027,0.0000488,0.0000213
7868,0.0138989,0.0000488,0.0000213
7869,0.0138952,0.0000488,0.0000213
7870,0.0138915,0.0000488,0.0000213
7871,0.0138878,0.0000488,0.0000213
7872,0.0138841,0.0000488,0.0000213
7873,0.0138804,0.0000487,0.0000213
7874,0.0138766,0.0000487,0.0000213
7875,0.0138729,0.0000487,0.0000213
7876,0.0138692,0.0000487,0.0000213
7877,0.0138655,0.0000487,0.0000213
7878,0.0138618,0.0000487,0.0000212
7879,0.0138581,0.0000487,0.0000212
7880,0.0138544,0.0000486,0.0000212
7881,0.0138507,0.0000486,0.0000212
7882,0.0138470,0.0000486,0.0000212
7883,0.0138433,0.0000486,0.0000212
7884,0.0138396,0.0000486,0.0000212
7885,0.0138359,0.0000486,0.0000212
7886,0.0138322,0.0000486,0.0000212
7887,0.0138285,0.0000485,0.0000212
7888,0.0138248,0.0000485,0.0000212
7889,0.0138211,0.0000485,0.0000211
7890,0.0138174,0.0000485,0.0000211
7891,0.0138137,0.0000485,0.0000211
7892,0.0138100,0.0000485,0.0000211
7893,0.0138063,0.0000485,0.0000211
7894,0.0138026,0.0000484,0.0000211
7895,0.0137989,0.0000484,0.0000211
7896,0.0137952,0.0000484,0.0000211
7897,0.0137915,0.0000484,0.0000211
7898,0.0137879,0.0000484,0.0000211
7899,0.0137842,0.0000484,0.0000211
7900,0.0137805,0.0000484,0.0000210
7901,0.0137768,0.0000483,0.0000210
7902,0.0137731,0.0000483,0.0000210
7903,0.0137695,0.0000483,0.0000210
7904,0.0137658,0.0000483,0.0000210
7905,0.0137621,0.0000483,0.0000210
7906,0.0137584,0.0000483,0.0000210
7907,0.0137547,0.0000483,0.0000210
7908,0.0137511,0.0000482,0.0000210
7909,0.0137474,0.0000482,0.0000210
7910,0.0137437,0.0000482,0.0000210
7911,0.0137401,0.0000482,0.0000209
7912,0.0137364,0.0000482,0.0000209
7913,0.0137327,0.0000482,0.0000209
7914,0.0137291,0.0000482,0.0000209
7915,0.0137254,0.0000481,0.0000209
7916,0.0137217,0.0000481,0.0000209
7917,0.0137181,0.0000481,0.0000209
7918,0.0137144,0.0000481,0.0000209
7919,0.0137107,0.0000481,0.0000209
7920,0.0137071,0.0000481,0.0000209
7921,0.0137034,0.0000481,0.0000209
7922,0.0136998,0.0000480,0.0000209
7923,0.0136961,0.0000480,0.0000208
7924,0.0136924,0.0000480,0.0000208
7925,0.0136888,0.0000480,0.0000208
7926,0.0136851,0.0000480,0.0000208
7927,0.0136815,0.0000480,0.0000208
7928,0.0136778,0.0000480,0.0000208
7929,0.0136742,0.0000479,0.0000208
7930,0.0136705,0.0000479,0.0000208
7931,0.0136669,0.0000479,0.0000208
7932,0.0136632,0.0000479,0.0000208
7933,0.0136596,0.0000479,0.0000208
7934,0.0136559,0.0000479,0.0000207
7935,0.0136523,0.0000479,0.0000207
7936,0.0136487,0.0000478,0.0000207
7937,0.0136450,0.0000478,0.0000207
7938,0.0136414,0.0000478,0.0000207
7939,0.0136377,0.0000478,0.0000207
7940,0.0136341,0.0000478,0.0000207
7941,0.0136305,0.0000478,0.0000207
7942,0.0136268,0.0000478,0.0000207
7943,0.0136232,0.0000477,0.0000207
7944,0.0136196,0.0000477,0.0000207
7945,0.0136159,0.0000477,0.0000207
7946,0.0136123,0.0000477,0.0000206
7947,0.0136087,0.0000477,0.0000206
7948,0.0136050,0.0000477,0.0000206
7949,0.0136014,0.0000477,0.0000206
7950,0.0135978,0.0000476,0.0000206
7951,0.0135942,0.0000476,0.0000206
7952,0.0135905,0.0000476,0.0000206
7953,0.0135869,0.0000476,0.0000206
7954,0.0135833,0.0000476,0.0000206
7955,0.0135797,0.0000476,0.0000206
7956,0.0135761,0.0000476,0.0000206
7957,0.0135724,0.0000476,0.0000206
7958,0.0135688,0.0000475,0.0000205
7959,0.0135652,0.0000475,0.0000205
7960,0.0135616,0.0000475,0.0000205
7961,0.0135580,0.0000475,0.0000205
7962,0.0135544,0.0000475,0.0000205
7963,0.0135508,0.0000475,0.0000205
7964,0.0135471,0.0000475,0.0000205
7965,0.0135435,0.0000474,0.0000205
7966,0.0135399,0.0000474,0.0000205
7967,0.0135363,0.0000474,0.0000205
7968,0.0135327,0.0000474,0.0000205
7969,0.0135291,0.0000474,0.0000204
7970,0.0135255,0.0000474,0.0000204
7971,0.0135219,0.0000474,0.0000204
7972,0.0135183,0.0000473,0.0000204
7973,0.0135147,0.0000473,0.0000204
7974,0.0135111,0.0000473,0.0000204
7975,0.0135075,0.0000473,0.0000204
7976,0.0135039,0.0000473,0.0000204
7977,0.0135003,0.0000473,0.0000204
7978,0.0134967,0.0000473,0.0000204
7979,0.0134931,0.0000472,0.0000204
7980,0.0134895,0.0000472,0.0000204
7981,0.0134859,0.0000472,0.0000203
7982,0.0134824,0.0000472,0.0000203
7983,0.0134788,0.0000472,0.0000203
7984,0.0134752,0.0000472,0.0000203
7985,0.0134716,0.0000472,0.0000203
7986,0.0134680,0.0000472,0.0000203
7987,0.0134644,0.0000471,0.0000203
7988,0.0134608,0.0000471,0.0000203
7989,0.0134573,0.0000471,0.0000203
7990,0.0134537,0.0000471,0.0000203
7991,0.0134501,0.0000471,0.0000203
7992,0.0134465,0.0000471,0.0000203
7993,0.0134429,0.0000471,0.0000202
7994,0.0134394,0.0000470,0.0000202
7995,0.0134358,0.0000470,0.0000202
7996,0.0134322,0.0000470,0.0000202
7997,0.0134286,0.0000470,0.0000202
7998,0.0134251,0.0000470,0.0000202
7999,0.0134215,0.0000470,0.0000202
8000,0.0134179,0.0000470,0.0000202
8001,0.0134144,0.0000469,0.0000202
8002,0.0134108,0.0000469,0.0000202
8003,0.0134072,0.0000469,0.0000202
8004,0.0134037,0.0000469,0.0000202
8005,0.0134001,0.0000469,0.0000201
8006,0.0133965,0.0000469,0.0000201
8007,0.0133930,0.0000469,0.0000201
8008,0.0133894,0.0000468,0.0000201
8009,0.0133858,0.0000468,0.0000201
8010,0.0133823,0.0000468,0.0000201
8011,0.0133787,0.0000468,0.0000201
8012,0.0133752,0.0000468,0.0000201
8013,0.0133716,0.0000468,0.0000201
8014,0.0133681,0.0000468,0.0000201
8015,0.0133645,0.0000468,0.0000201
8016,0.0133609,0.0000467,0.0000201
8017,0.0133574,0.0000467,0.0000200
8018,0.0133538,0.0000467,0.0000200
8019,0.0133503,0.0000467,0.0000200
8020,0.0133467,0.0000467,0.0000200
8021,0.0133432,0.0000467,0.0000200
8022,0.0133397,0.0000467,0.0000200
8023,0.0133361,0.0000466,0.0000200
8024,0.0133326,0.0000466,0.0000200
8025,0.0133290,0.0000466,0.0000200
8026,0.0133255,0.0000466,0.0000200
8027,0.0133219,0.0000466,0.0000200
8028,0.0133184,0.0000466,0.0000200
8029,0.0133149,0.0000466,0.0000199
8030,0.0133113,0.0000465,0.0000199
8031,0.0133078,0.0000465,0.0000199
8032,0.0133043,0.0000465,0.0000199
8033,0.0133007,0.0000465,0.0000199
8034,0.0132972,0.0000465,0.0000199
8035,0.0132937,0.0000465,0.0000199
8036,0.0132901,0.0000465,0.0000199
8037,0.0132866,0.0000465,0.0000199
8038,0.0132831,0.0000464,0.0000199
8039,0.0132795,0.0000464,0.0000199
8040,0.0132760,0.0000464,0.0000199
8041,0.0132725,0.0000464,0.0000199
8042,0.0132690,0.0000464,0.0000198
8043,0.0132654,0.0000464,0.0000198
8044,0.0132619,0.0000464,0.0000198
8045,0.0132584,0.0000463,0.0000198
8046,0.0132549,0.0000463,0.0000198
8047,0.0132514,0.0000463,0.0000198
8048,0.0132478,0.0000463,0.0000198
8049,0.0132443,0.0000463,0.0000198
8050,0.0132408,0.0000463,0.0000198
8051,0.0132373,0.0000463,0.0000198
8052,0.0132338,0.0000462,0.0000198
8053,0.0132303,0.0000462,0.0000198
8054,0.0132268,0.0000462,0.0000197
8055,0.0132232,0.0000462,0.0000197
8056,0.0132197,0.0000462,0.0000197
8057,0.0132162,0.0000462,0.0000197
8058,0.0132127,0.0000462,0.0000197
8059,0.0132092,0.0000462,0.0000197
8060,0.0132057,0.0000461,0.0000197
8061,0.0132022,0.0000461,0.0000197
8062,0.0131987,0.0000461,0.0000197
8063,0.0131952,0.0000461,0.0000197
8064,0.0131917,0.0000461,0.0000197
8065,0.0131882,0.0000461,0.0000197
8066,0.0131847,0.0000461,0.0000196
8067,0.0131812,0.0000460,0.0000196
8068,0.0131777,0.0000460,0.0000196
8069,0.0131742,0.0000460,0.0000196
8070,0.0131707,0.0000460,0.0000196
8071,0.0131672,0.0000460,0.0000196
8072,0.0131637,0.0000460,0.0000196
8073,0.0131603,0.0000460,0.0000196
8074,0.0131568,0.0000460,0.0000196
8075,0.0131533,0.0000459,0.0000196
8076,0.0131498,0.0000459,0.0000196
8077,0.0131463,0.0000459,0.0000196
8078,0.0131428,0.0000459,0.0000196
8079,0.0131393,0.0000459,0.0000195
8080,0.0131358,0.0000459,0.0000195
8081,0.0131324,0.0000459,0.0000195
8082,0.0131289,0.0000458,0.0000195
8083,0.0131254,0.0000458,0.0000195
8084,0.0131219,0.0000458,0.0000195
8085,0.0131184,0.0000458,0.0000195
8086,0.0131150,0.0000458,0.0000195
8087,0.0131115,0.0000458,0.0000195
8088,0.0131080,0.0000458,0.0000195
8089,0.0131045,0.0000458,0.0000195
8090,0.0131011,0.0000457,0.0000195
8091,0.0130976,0.0000457,0.0000194
8092,0.0130941,0.0000457,0.0000194
8093,0.0130907,0.0000457,0.0000194
8094,0.0130872,0.0000457,0.0000194
8095,0.0130837,0.0000457,0.0000194
8096,0.0130803,0.0000457,0.0000194
8097,0.0130768,0.0000456,0.0000194
8098,0.0130733,0.0000456,0.0000194
8099,0.0130699,0.0000456,0.0000194
8100,0.0130664,0.0000456,0.0000194
8101,0.0130629,0.0000456,0.0000194
8102,0.0130595,0.0000456,0.0000194
8103,0.0130560,0.0000456,0.0000194
8104,0.0130526,0.0000456,0.0000193
8105,0.0130491,0.0000455,0.0000193
8106,0.0130457,0.0000455,0.0000193
8107,0.0130422,0.0000455,0.0000193
8108,0.0130387,0.0000455,0.0000193
8109,0.0130353,0.0000455,0.0000193
8110,0.0130318,0.0000455,0.0000193
8111,0.0130284,0.0000455,0.0000193
8112,0.0130249,0.0000454,0.0000193
8113,0.0130215,0.0000454,0.0000193
8114,0.0130180,0.0000454,0.0000193
8115,0.0130146,0.0000454,0.0000193
8116,0.0130112,0.0000454,0.0000193
8117,0.0130077,0.0000454,0.0000192
8118,0.0130043,0.0000454,0.0000192
8119,0.0130008,0.0000454,0.0000192
8120,0.0129974,0.0000453,0.0000192
8121,0.0129939,0.0000453,0.0000192
8122,0.0129905,0.0000453,0.0000192
8123,0.0129871,0.0000453,0.0000192
8124,0.0129836,0.0000453,0.0000192
8125,0.0129802,0.0000453,0.0000192
8126,0.0129768,0.0000453,0.0000192
8127,0.0129733,0.0000452,0.0000192
8128,0.0129699,0.0000452,0.0000192
8129,0.0129665,0.0000452,0.0000192
8130,0.0129630,0.0000452,0.0000191
8131,0.0129596,0.0000452,0.0000191
8132,0.0129562,0.0000452,0.0000191
8133,0.0129528,0.0000452,0.0000191
8134,0.0129493,0.0000452,0.0000191
8135,0.0129459,0.0000451,0.0000191
8136,0.0129425,0.0000451,0.0000191
8137,0.0129391,0.0000451,0.0000191
8138,0.0129356,0.0000451,0.0000191
8139,0.0129322,0.0000451,0.0000191
8140,0.0129288,0.0000451,0.0000191
8141,0.0129254,0.0000451,0.0000191
8142,0.0129220,0.0000451,0.0000191
8143,0.0129185,0.0000450,0.0000190
8144,0.0129151,0.0000450,0.0000190
8145,0.0129117,0.0000450,0.0000190
8146,0.0129083,0.0000450,0.0000190
8147,0.0129049,0.0000450,0.0000190
8148,0.0129015,0.0000450,0.0000190
8149,0.0128981,0.0000450,0.0000190
8150,0.0128947,0.0000449,0.0000190
8151,0.0128912,0.0000449,0.0000190
8152,0.0128878,0.0000449,0.0000190
8153,0.0128844,0.0000449,0.0000190
8154,0.0128810,0.0000449,0.0000190
8155,0.0128776,0.0000449,0.0000190
8156,0.0128742,0.0000449,0.0000189
8157,0.0128708,0.0000449,0.0000189
8158,0.0128674,0.0000448,0.0000189
8159,0.0128640,0.0000448,0.0000189
8160,0.0128606,0.0000448,0.0000189
8161,0.0128572,0.0000448,0.0000189
8162,0.0128538,0.0000448,0.0000189
8163,0.0128504,0.0000448,0.0000189
8164,0.0128470,0.0000448,0.0000189
8165,0.0128436,0.0000448,0.0000189
8166,0.0128402,0.0000447,0.0000189
8167,0.0128368,0.0000447,0.0000189
8168,0.0128335,0.0000447,0.0000189
8169,0.0128301,0.0000447,0.0000188
8170,0.0128267,0.0000447,0.0000188
8171,0.0128233,0.0000447,0.0000188
8172,0.0128199,0.0000447,0.0000188
8173,0.0128165,0.0000446,0.0000188
8174,0.0128131,0.0000446,0.0000188
8175,0.0128097,0.0000446,0.0000188
8176,0.0128064,0.0000446,0.0000188
8177,0.0128030,0.0000446,0.0000188
8178,0.0127996,0.0000446,0.0000188
8179,0.0127962,0.0000446,0.0000188
8180,0.0127928,0.0000446,0.0000188
8181,0.0127895,0.0000445,0.0000188
8182,0.0127861,0.0000445,0.0000188
8183,0.0127827,0.0000445,0.0000187
8184,0.0127793,0.0000445,0.0000187
8185,0.0127760,0.0000445,0.0000187
8186,0.0127726,0.0000445,0.0000187
8187,0.0127692,0.0000445,0.0000187
8188,0.0127659,0.0000445,0.0000187
8189,0.0127625,0.0000444,0.0000187
8190,0.0127591,0.0000444,0.0000187
8191,0.0127558,0.0000444,0.0000187
8192,0.0127524,0.0000444,0.0000187
8193,0.0127490,0.0000444,0.0000187
8194,0.0127457,0.0000444,0.0000187
8195,0.0127423,0.0000444,0.0000187
8196,0.0127389,0.0000443,0.0000186
8197,0.0127356,0.0000443,0.0000186
8198,0.0127322,0.0000443,0.0000186
8199,0.0127288,0.0000443,0.0000186
8200,0.0127255,0.0000443,0.0000186
8201,0.0127221,0.0000443,0.0000186
8202,0.0127188,0.0000443,0.0000186
8203,0.0127154,0.0000443,0.0000186
8204,0.0127121,0.0000442,0.0000186
8205,0.0127087,0.0000442,0.0000186
8206,0.0127054,0.0000442,0.0000186
8207,0.0127020,0.0000442,0.0000186
8208,0.0126987,0.0000442,0.0000186
8209,0.0126953,0.0000442,0.0000185
8210,0.0126920,0.0000442,0.0000185
8211,0.0126886,0.0000442,0.0000185
8212,0.0126853,0.0000441,0.0000185
8213,0.0126819,0.0000441,0.0000185
8214,0.0126786,0.0000441,0.0000185
8215,0.0126752,0.0000441,0.0000185
8216,0.0126719,0.0000441,0.0000185
8217,0.0126686,0.0000441,0.0000185
8218,0.0126652,0.0000441,0.0000185
8219,0.0126619,0.0000441,0.0000185
8220,0.0126585,0.0000440,0.0000185
8221,0.0126552,0.0000440,0.0000185
8222,0.0126519,0.0000440,0.0000185
8223,0.0126485,0.0000440,0.0000184
8224,0.0126452,0.0000440,0.0000184
8225,0.0126419,0.0000440,0.0000184
8226,0.0126385,0.0000440,0.0000184
8227,0.0126352,0.0000440,0.0000184
8228,0.0126319,0.0000439,0.0000184
8229,0.0126285,0.0000439,0.0000184
8230,0.0126252,0.0000439,0.0000184
8231,0.0126219,0.0000439,0.0000184
8232,0.0126186,0.0000439,0.0000184
8233,0.0126152,0.0000439,0.0000184
8234,0.0126119,0.0000439,0.0000184
8235,0.0126086,0.0000438,0.0000184
8236,0.0126053,0.0000438,0.0000184
8237,0.0126020,0.0000438,0.0000183
8238,0.0125986,0.0000438,0.0000183
8239,0.0125953,0.0000438,0.0000183
8240,0.0125920,0.0000438,0.0000183
8241,0.0125887,0.0000438,0.0000183
8242,0.0125854,0.0000438,0.0000183
8243,0.0125820,0.0000437,0.0000183
8244,0.0125787,0.0000437,0.0000183
8245,0.0125754,0.0000437,0.0000183
8246,0.0125721,0.0000437,0.0000183
8247,0.0125688,0.0000437,0.0000183
8248,0.0125655,0.0000437,0.0000183
8249,0.0125622,0.0000437,0.0000183
8250,0.0125589,0.0000437,0.0000183
8251,0.0125556,0.0000436,0.0000182
8252,0.0125523,0.0000436,0.0000182
8253,0.0125490,0.0000436,0.0000182
8254,0.0125457,0.0000436,0.0000182
8255,0.0125423,0.0000436,0.0000182
8256,0.0125390,0.0000436,0.0000182
8257,0.0125357,0.0000436,0.0000182
8258,0.0125324,0.0000436,0.0000182
8259,0.0125291,0.0000435,0.0000182
8260,0.0125259,0.0000435,0.0000182
8261,0.0125226,0.0000435,0.0000182
8262,0.0125193,0.0000435,0.0000182
8263,0.0125160,0.0000435,0.0000182
8264,0.0125127,0.0000435,0.0000182
8265,0.0125094,0.0000435,0.0000181
8266,0.0125061,0.0000435,0.0000181
8267,0.0125028,0.0000434,0.0000181
8268,0.0124995,0.0000434,0.0000181
8269,0.0124962,0.0000434,0.0000181
8270,0.0124929,0.0000434,0.0000181
8271,0.0124896,0.0000434,0.0000181
8272,0.0124864,0.0000434,0.0000181
8273,0.0124831,0.0000434,0.0000181
8274,0.0124798,0.0000434,0.0000181
8275,0.0124765,0.0000433,0.0000181
8276,0.0124732,0.0000433,0.0000181
8277,0.0124699,0.0000433,0.0000181
8278,0.0124667,0.0000433,0.0000181
8279,0.0124634,0.0000433,0.0000180
8280,0.0124601,0.0000433,0.0000180
8281,0.0124568,0.0000433,0.0000180
8282,0.0124535,0.0000433,0.0000180
8283,0.0124503,0.0000432,0.0000180
8284,0.0124470,0.0000432,0.0000180
8285,0.0124437,0.0000432,0.0000180
8286,0.0124405,0.0000432,0.0000180
8287,0.0124372,0.0000432,0.0000180
8288,0.0124339,0.0000432,0.0000180
8289,0.0124306,0.0000432,0.0000180
8290,0.0124274,0.0000432,0.0000180
8291,0.0124241,0.0000431,0.0000180
8292,0.0124208,0.0000431,0.0000180
8293,0.0124176,0.0000431,0.0000179
8294,0.0124143,0.0000431,0.0000179
8295,0.0124111,0.0000431,0.0000179
8296,0.0124078,0.0000431,0.0000179
8297,0.0124045,0.0000431,0.0000179
8298,0.0124013,0.0000431,0.0000179
8299,0.0123980,0.0000430,0.0000179
8300,0.0123947,0.0000430,0.0000179
8301,0.0123915,0.0000430,0.0000179
8302,0.0123882,0.0000430,0.0000179
8303,0.0123850,0.0000430,0.0000179
8304,0.0123817,0.0000430,0.0000179
8305,0.0123785,0.0000430,0.0000179
8306,0.0123752,0.0000430,0.0000179
8307,0.0123720,0.0000429,0.0000178
8308,0.0123687,0.0000429,0.0000178
8309,0.0123655,0.0000429,0.0000178
8310,0.0123622,0.0000429,0.0000178
8311,0.0123590,0.0000429,0.0000178
8312,0.0123557,0.0000429,0.0000178
8313,0.0123525,0.0000429,0.0000178
8314,0.0123492,0.0000429,0.0000178
8315,0.0123460,0.0000428,0.0000178
8316,0.0123427,0.0000428,0.0000178
8317,0.0123395,0.0000428,0.0000178
8318,0.0123363,0.0000428,0.0000178
8319,0.0123330,0.0000428,0.0000178
8320,0.0123298,0.0000428,0.0000178
8321,0.0123265,0.0000428,0.0000177
8322,0.0123233,0.0000428,0.0000177
8323,0.0123201,0.0000427,0.0000177
8324,0.0123168,0.0000427,0.0000177
8325,0.0123136,0.0000427,0.0000177
8326,0.0123104,0.0000427,0.0000177
8327,0.0123071,0.0000427,0.0000177
8328,0.0123039,0.0000427,0.0000177
8329,0.0123007,0.0000427,0.0000177
8330,0.0122974,0.0000427,0.0000177
8331,0.0122942,0.0000426,0.0000177
8332,0.0122910,0.0000426,0.0000177
8333,0.0122878,0.0000426,0.0000177
8334,0.0122845,0.0000426,0.0000177
8335,0.0122813,0.0000426,0.0000177
8336,0.0122781,0.0000426,0.0000176
8337,0.0122749,0.0000426,0.0000176
8338,0.0122717,0.0000426,0.0000176
8339,0.0122684,0.0000425,0.0000176
8340,0.0122652,0.0000425,0.0000176
8341,0.0122620,0.0000425,0.0000176
8342,0.0122588,0.0000425,0.0000176
8343,0.0122556,0.0000425,0.0000176
8344,0.0122523,0.0000425,0.0000176
8345,0.0122491,0.0000425,0.0000176
8346,0.0122459,0.0000425,0.0000176
8347,0.0122427,0.0000424,0.0000176
8348,0.0122395,0.0000424,0.0000176
8349,0.0122363,0.0000424,0.0000176
8350,0.0122331,0.0000424,0.0000176
8351,0.0122299,0.0000424,0.0000175
8352,0.0122266,0.0000424,0.0000175
8353,0.0122234,0.0000424,0.0000175
8354,0.0122202,0.0000424,0.0000175
8355,0.0122170,0.0000423,0.0000175
8356,0.0122138,0.0000423,0.0000175
8357,0.0122106,0.0000423,0.0000175
8358,0.0122074,0.0000423,0.0000175
8359,0.0122042,0.0000423,0.0000175
8360,0.0122010,0.0000423,0.0000175
8361,0.0121978,0.0000423,0.0000175
8362,0.0121946,0.0000423,0.0000175
8363,0.0121914,0.0000422,0.0000175
8364,0.0121882,0.0000422,0.0000175
8365,0.0121850,0.0000422,0.0000174
8366,0.0121818,0.0000422,0.0000174
8367,0.0121786,0.0000422,0.0000174
8368,0.0121755,0.0000422,0.0000174
8369,0.0121723,0.0000422,0.0000174
8370,0.0121691,0.0000422,0.0000174
8371,0.0121659,0.0000422,0.0000174
8372,0.0121627,0.0000421,0.0000174
8373,0.0121595,0.0000421,0.0000174
8374,0.0121563,0.0000421,0.0000174
8375,0.0121531,0.0000421,0.0000174
8376,0.0121499,0.0000421,0.0000174
8377,0.0121468,0.0000421,0.0000174
8378,0.0121436,0.0000421,0.0000174
8379,0.0121404,0.0000421,0.0000174
8380,0.0121372,0.0000420,0.0000173
8381,0.0121340,0.0000420,0.0000173
8382,0.0121309,0.0000420,0.0000173
8383,0.0121277,0.0000420,0.0000173
8384,0.0121245,0.0000420,0.0000173
8385,0.0121213,0.0000420,0.0000173
8386,0.0121181,0.0000420,0.0000173
8387,0.0121150,0.0000420,0.0000173
8388,0.0121118,0.0000419,0.0000173
8389,0.0121086,0.0000419,0.0000173
8390,0.0121054,0.0000419,0.0000173
8391,0.0121023,0.0000419,0.0000173
8392,0.0120991,0.0000419,0.0000173
8393,0.0120959,0.0000419,0.0000173
8394,0.0120928,0.0000419,0.0000173
8395,0.0120896,0.0000419,0.0000172
8396,0.0120864,0.0000418,0.0000172
8397,0.0120833,0.0000418,0.0000172
8398,0.0120801,0.0000418,0.0000172
8399,0.0120769,0.0000418,0.0000172
8400,0.0120738,0.0000418,0.0000172
8401,0.0120706,0.0000418,0.0000172
8402,0.0120675,0.0000418,0.0000172
8403,0.0120643,0.0000418,0.0000172
8404,0.0120611,0.0000417,0.0000172
8405,0.0120580,0.0000417,0.0000172
8406,0.0120548,0.0000417,0.0000172
8407,0.0120517,0.0000417,0.0000172
8408,0.0120485,0.0000417,0.0000172
8409,0.0120454,0.0000417,0.0000172
8410,0.0120422,0.0000417,0.0000171
8411,0.0120391,0.0000417,0.0000171
8412,0.0120359,0.0000417,0.0000171
8413,0.0120328,0.0000416,0.0000171
8414,0.0120296,0.0000416,0.0000171
8415,0.0120265,0.0000416,0.0000171
8416,0.0120233,0.0000416,0.0000171
8417,0.0120202,0.0000416,0.0000171
8418,0.0120170,0.0000416,0.0000171
8419,0.0120139,0.0000416,0.0000171
8420,0.0120107,0.0000416,0.0000171
8421,0.0120076,0.0000415,0.0000171
8422,0.0120044,0.0000415,0.0000171
8423,0.0120013,0.0000415,0.0000171
8424,0.0119982,0.0000415,0.0000171
8425,0.0119950,0.0000415,0.0000171
8426,0.0119919,0.0000415,0.0000170
8427,0.0119887,0.0000415,0.0000170
8428,0.0119856,0.0000415,0.0000170
8429,0.0119825,0.0000414,0.0000170
8430,0.0119793,0.0000414,0.0000170
8431,0.0119762,0.0000414,0.0000170
8432,0.0119731,0.0000414,0.0000170
8433,0.0119699,0.0000414,0.0000170
8434,0.0119668,0.0000414,0.0000170
8435,0.0119637,0.0000414,0.0000170
8436,0.0119606,0.0000414,0.0000170
8437,0.0119574,0.0000414,0.0000170
8438,0.0119543,0.0000413,0.0000170
8439,0.0119512,0.0000413,0.0000170
8440,0.0119480,0.0000413,0.0000170
8441,0.0119449,0.0000413,0.0000169
8442,0.0119418,0.0000413,0.0000169
8443,0.0119387,0.0000413,0.0000169
8444,0.0119356,0.0000413,0.0000169
8445,0.0119324,0.0000413,0.0000169
8446,0.0119293,0.0000412,0.0000169
8447,0.0119262,0.0000412,0.0000169
8448,0.0119231,0.0000412,0.0000169
8449,0.0119200,0.0000412,0.0000169
8450,0.0119168,0.0000412,0.0000169
8451,0.0119137,0.0000412,0.0000169
8452,0.0119106,0.0000412,0.0000169
8453,0.0119075,0.0000412,0.0000169
8454,0.0119044,0.0000412,0.0000169
8455,0.0119013,0.0000411,0.0000169
8456,0.0118982,0.0000411,0.0000169
8457,0.0118951,0.0000411,0.0000168
8458,0.0118920,0.0000411,0.0000168
8459,0.0118888,0.0000411,0.0000168
8460,0.0118857,0.0000411,0.0000168
8461,0.0118826,0.0000411,0.0000168
8462,0.0118795,0.0000411,0.0000168
8463,0.0118764,0.0000410,0.0000168
8464,0.0118733,0.0000410,0.0000168
8465,0.0118702,0.0000410,0.0000168
8466,0.0118671,0.0000410,0.0000168
8467,0.0118640,0.0000410,0.0000168
8468,0.0118609,0.0000410,0.0000168
8469,0.0118578,0.0000410,0.0000168
8470,0.0118547,0.0000410,0.0000168
8471,0.0118516,0.0000409,0.0000168
8472,0.0118485,0.0000409,0.0000167
8473,0.0118454,0.0000409,0.0000167
8474,0.0118423,0.0000409,0.0000167
8475,0.0118392,0.0000409,0.0000167
8476,0.0118362,0.0000409,0.0000167
8477,0.0118331,0.0000409,0.0000167
8478,0.0118300,0.0000409,0.0000167
8479,0.0118269,0.0000409,0.0000167
8480,0.0118238,0.0000408,0.0000167
8481,0.0118207,0.0000408,0.0000167
8482,0.0118176,0.0000408,0.0000167
8483,0.0118145,0.0000408,0.0000167
8484,0.0118114,0.0000408,0.0000167
8485,0.0118084,0.0000408,0.0000167
8486,0.0118053,0.0000408,0.0000167
8487,0.0118022,0.0000408,0.0000167
8488,0.0117991,0.0000407,0.0000166
8489,0.0117960,0.0000407,0.0000166
8490,0.0117930,0.0000407,0.0000166
8491,0.0117899,0.0000407,0.0000166
8492,0.0117868,0.0000407,0.0000166
8493,0.0117837,0.0000407,0.0000166
8494,0.0117807,0.0000407,0.0000166
8495,0.0117776,0.0000407,0.0000166
8496,0.0117745,0.0000407,0.0000166
8497,0.0117714,0.0000406,0.0000166
8498,0.0117684,0.0000406,0.0000166
8499,0.0117653,0.0000406,0.0000166
8500,0.0117622,0.0000406,0.0000166
8501,0.0117591,0.0000406,0.0000166
8502,0.0117561,0.0000406,0.0000166
8503,0.0117530,0.0000406,0.0000166
8504,0.0117499,0.0000406,0.0000165
8505,0.0117469,0.0000405,0.0000165
8506,0.0117438,0.0000405,0.0000165
8507,0.0117407,0.0000405,0.0000165
8508,0.0117377,0.0000405,0.0000165
8509,0.0117346,0.0000405,0.0000165
8510,0.0117316,0.0000405,0.0000165
8511,0.0117285,0.0000405,0.0000165
8512,0.0117254,0.0000405,0.0000165
8513,0.0117224,0.0000405,0.0000165
8514,0.0117193,0.0000404,0.0000165
8515,0.0117163,0.0000404,0.0000165
8516,0.0117132,0.0000404,0.0000165
8517,0.0117102,0.0000404,0.0000165
8518,0.0117071,0.0000404,0.0000165
8519,0.0117041,0.0000404,0.0000165
8520,0.0117010,0.0000404,0.0000164
8521,0.0116979,0.0000404,0.0000164
8522,0.0116949,0.0000403,0.0000164
8523,0.0116918,0.0000403,0.0000164
8524,0.0116888,0.0000403,0.0000164
8525,0.0116858,0.0000403,0.0000164
8526,0.0116827,0.0000403,0.0000164
8527,0.0116797,0.0000403,0.0000164
8528,0.0116766,0.0000403,0.0000164
8529,0.0116736,0.0000403,0.0000164
8530,0.0116705,0.0000403,0.0000164
8531,0.0116675,0.0000402,0.0000164
8532,0.0116644,0.0000402,0.0000164
8533,0.0116614,0.0000402,0.0000164
8534,0.0116584,0.0000402,0.0000164
8535,0.0116553,0.0000402,0.0000164
8536,0.0116523,0.0000402,0.0000163
8537,0.0116492,0.0000402,0.0000163
8538,0.0116462,0.0000402,0.0000163
8539,0.0116432,0.0000402,0.0000163
8540,0.0116401,0.0000401,0.0000163
8541,0.0116371,0.0000401,0.0000163
8542,0.0116341,0.0000401,0.0000163
8543,0.0116310,0.0000401,0.0000163
8544,0.0116280,0.0000401,0.0000163
8545,0.0116250,0.0000401,0.0000163
8546,0.0116220,0.0000401,0.0000163
8547,0.0116189,0.0000401,0.0000163
8548,0.0116159,0.0000400,0.0000163
8549,0.0116129,0.0000400,0.0000163
8550,0.0116098,0.0000400,0.0000163
8551,0.0116068,0.0000400,0.0000163
8552,0.0116038,0.0000400,0.0000162
8553,0.0116008,0.0000400,0.0000162
8554,0.0115978,0.0000400,0.0000162
8555,0.0115947,0.0000400,0.0000162
8556,0.0115917,0.0000400,0.0000162
8557,0.0115887,0.0000399,0.0000162
8558,0.0115857,0.0000399,0.0000162
8559,0.0115827,0.0000399,0.0000162
8560,0.0115796,0.0000399,0.0000162
8561,0.0115766,0.0000399,0.0000162
8562,0.0115736,0.0000399,0.0000162
8563,0.0115706,0.0000399,0.0000162
8564,0.0115676,0.0000399,0.0000162
8565,0.0115646,0.0000399,0.0000162
8566,0.0115616,0.0000398,0.0000162
8567,0.0115586,0.0000398,0.0000162
8568,0.0115555,0.0000398,0.0000162
8569,0.0115525,0.0000398,0.0000161
8570,0.0115495,0.0000398,0.0000161
8571,0.0115465,0.0000398,0.0000161
8572,0.0115435,0.0000398,0.0000161
8573,0.0115405,0.0000398,0.0000161
8574,0.0115375,0.0000397,0.0000161
8575,0.0115345,0.0000397,0.0000161
8576,0.0115315,0.0000397,0.0000161
8577,0.0115285,0.0000397,0.0000161
8578,0.0115255,0.0000397,0.0000161
8579,0.0115225,0.0000397,0.0000161
8580,0.0115195,0.0000397,0.0000161
8581,0.0115165,0.0000397,0.0000161
8582,0.0115135,0.0000397,0.0000161
8583,0.0115105,0.0000396,0.0000161
8584,0.0115075,0.0000396,0.0000161
8585,0.0115045,0.0000396,0.0000161
8586,0.0115015,0.0000396,0.0000160
8587,0.0114985,0.0000396,0.0000160
8588,0.0114955,0.0000396,0.0000160
8589,0.0114925,0.0000396,0.0000160
8590,0.0114896,0.0000396,0.0000160
8591,0.0114866,0.0000396,0.0000160
8592,0.0114836,0.0000395,0.0000160
8593,0.0114806,0.0000395,0.0000160
8594,0.0114776,0.0000395,0.0000160
8595,0.0114746,0.0000395,0.0000160
8596,0.0114716,0.0000395,0.0000160
8597,0.0114687,0.0000395,0.0000160
8598,0.0114657,0.0000395,0.0000160
8599,0.0114627,0.0000395,0.0000160
8600,0.0114597,0.0000395,0.0000160
8601,0.0114567,0.0000394,0.0000160
8602,0.0114537,0.0000394,0.0000159
8603,0.0114508,0.0000394,0.0000159
8604,0.0114478,0.0000394,0.0000159
8605,0.0114448,0.0000394,0.0000159
8606,0.0114418,0.0000394,0.0000159
8607,0.0114389,0.0000394,0.0000159
8608,0.0114359,0.0000394,0.0000159
8609,0.0114329,0.0000393,0.0000159
8610,0.0114299,0.0000393,0.0000159
8611,0.0114270,0.0000393,0.0000159
8612,0.0114240,0.0000393,0.0000159
8613,0.0114210,0.0000393,0.0000159
8614,0.0114181,0.0000393,0.0000159
8615,0.0114151,0.0000393,0.0000159
8616,0.0114121,0.0000393,0.0000159
8617,0.0114092,0.0000393,0.0000159
8618,0.0114062,0.0000392,0.0000159
8619,0.0114032,0.0000392,0.0000158
8620,0.0114003,0.0000392,0.0000158
8621,0.0113973,0.0000392,0.0000158
8622,0.0113943,0.0000392,0.0000158
8623,0.0113914,0.0000392,0.0000158
8624,0.0113884,0.0000392,0.0000158
8625,0.0113855,0.0000392,0.0000158
8626,0.0113825,0.0000392,0.0000158
8627,0.0113795,0.0000391,0.0000158
8628,0.0113766,0.0000391,0.0000158
8629,0.0113736,0.0000391,0.0000158
8630,0.0113707,0.0000391,0.0000158
8631,0.0113677,0.0000391,0.0000158
8632,0.0113648,0.0000391,0.0000158
8633,0.0113618,0.0000391,0.0000158
8634,0.0113589,0.0000391,0.0000158
8635,0.0113559,0.0000391,0.0000158
8636,0.0113530,0.0000390,0.0000157
8637,0.0113500,0.0000390,0.0000157
8638,0.0113471,0.0000390,0.0000157
8639,0.0113441,0.0000390,0.0000157
8640,0.0113412,0.0000390,0.0000157
8641,0.0113382,0.0000390,0.0000157
8642,0.0113353,0.0000390,0.0000157
8643,0.0113323,0.0000390,0.0000157
8644,0.0113294,0.0000390,0.0000157
8645,0.0113264,0.0000389,0.0000157
8646,0.0113235,0.0000389,0.0000157
8647,0.0113206,0.0000389,0.0000157
8648,0.0113176,0.0000389,0.0000157
8649,0.0113147,0.0000389,0.0000157
8650,0.0113117,0.0000389,0.0000157
8651,0.0113088,0.0000389,0.0000157
8652,0.0113059,0.0000389,0.0000157
8653,0.0113029,0.0000389,0.0000157
8654,0.0113000,0.0000388,0.0000156
8655,0.0112971,0.0000388,0.0000156
8656,0.0112941,0.0000388,0.0000156
8657,0.0112912,0.0000388,0.0000156
8658,0.0112883,0.0000388,0.0000156
8659,0.0112853,0.0000388,0.0000156
8660,0.0112824,0.0000388,0.0000156
8661,0.0112795,0.0000388,0.0000156
8662,0.0112766,0.0000388,0.0000156
8663,0.0112736,0.0000387,0.0000156
8664,0.0112707,0.0000387,0.0000156
8665,0.0112678,0.0000387,0.0000156
8666,0.0112648,0.0000387,0.0000156
8667,0.0112619,0.0000387,0.0000156
8668,0.0112590,0.0000387,0.0000156
8669,0.0112561,0.0000387,0.0000156
8670,0.0112532,0.0000387,0.0000156
8671,0.0112502,0.0000387,0.0000155
8672,0.0112473,0.0000386,0.0000155
8673,0.0112444,0.0000386,0.0000155
8674,0.0112415,0.0000386,0.0000155
8675,0.0112386,0.0000386,0.0000155
8676,0.0112357,0.0000386,0.0000155
8677,0.0112327,0.0000386,0.0000155
8678,0.0112298,0.0000386,0.0000155
8679,0.0112269,0.0000386,0.0000155
8680,0.0112240,0.0000386,0.0000155
8681,0.0112211,0.0000385,0.0000155
8682,0.0112182,0.0000385,0.0000155
8683,0.0112153,0.0000385,0.0000155
8684,0.0112124,0.0000385,0.0000155
8685,0.0112094,0.0000385,0.0000155
8686,0.0112065,0.0000385,0.0000155
8687,0.0112036,0.0000385,0.0000155
8688,0.0112007,0.0000385,0.0000155
8689,0.0111978,0.0000385,0.0000154
8690,0.0111949,0.0000384,0.0000154
8691,0.0111920,0.0000384,0.0000154
8692,0.0111891,0.0000384,0.0000154
8693,0.0111862,0.0000384,0.0000154
8694,0.0111833,0.0000384,0.0000154
8695,0.0111804,0.0000384,0.0000154
8696,0.0111775,0.0000384,0.0000154
8697,0.0111746,0.0000384,0.0000154
8698,0.0111717,0.0000384,0.0000154
8699,0.0111688,0.0000383,0.0000154
8700,0.0111659,0.0000383,0.0000154
8701,0.0111630,0.0000383,0.0000154
8702,0.0111601,0.0000383,0.0000154
8703,0.0111572,0.0000383,0.0000154
8704,0.0111543,0.0000383,0.0000154
8705,0.0111515,0.0000383,0.0000154
8706,0.0111486,0.0000383,0.0000153
8707,0.0111457,0.0000383,0.0000153
8708,0.0111428,0.0000382,0.0000153
8709,0.0111399,0.0000382,0.0000153
8710,0.0111370,0.0000382,0.0000153
8711,0.0111341,0.0000382,0.0000153
8712,0.0111312,0.0000382,0.0000153
8713,0.0111284,0.0000382,0.0000153
8714,0.0111255,0.0000382,0.0000153
8715,0.0111226,0.0000382,0.0000153
8716,0.0111197,0.0000382,0.0000153
8717,0.0111168,0.0000381,0.0000153
8718,0.0111139,0.0000381,0.0000153
8719,0.0111111,0.0000381,0.0000153
8720,0.0111082,0.0000381,0.0000153
8721,0.0111053,0.0000381,0.0000153
8722,0.0111024,0.0000381,0.0000153
8723,0.0110996,0.0000381,0.0000153
8724,0.0110967,0.0000381,0.0000152
8725,0.0110938,0.0000381,0.0000152
8726,0.0110909,0.0000380,0.0000152
8727,0.0110881,0.0000380,0.0000152
8728,0.0110852,0.0000380,0.0000152
8729,0.0110823,0.0000380,0.0000152
8730,0.0110794,0.0000380,0.0000152
8731,0.0110766,0.0000380,0.0000152
8732,0.0110737,0.0000380,0.0000152
8733,0.0110708,0.0000380,0.0000152
8734,0.0110680,0.0000380,0.0000152
8735,0.0110651,0.0000379,0.0000152
8736,0.0110622,0.0000379,0.0000152
8737,0.0110594,0.0000379,0.0000152
8738,0.0110565,0.0000379,0.0000152
8739,0.0110536,0.0000379,0.0000152
8740,0.0110508,0.0000379,0.0000152
8741,0.0110479,0.0000379,0.0000152
8742,0.0110451,0.0000379,0.0000151
8743,0.0110422,0.0000379,0.0000151
8744,0.0110393,0.0000379,0.0000151
8745,0.0110365,0.0000378,0.0000151
8746,0.0110336,0.0000378,0.0000151
8747,0.0110308,0.0000378,0.0000151
8748,0.0110279,0.0000378,0.0000151
8749,0.0110251,0.0000378,0.0000151
8750,0.0110222,0.0000378,0.0000151
8751,0.0110194,0.0000378,0.0000151
8752,0.0110165,0.0000378,0.0000151
8753,0.0110137,0.0000378,0.0000151
8754,0.0110108,0.0000377,0.0000151
8755,0.0110079,0.0000377,0.0000151
8756,0.0110051,0.0000377,0.0000151
8757,0.0110023,0.0000377,0.0000151
8758,0.0109994,0.0000377,0.0000151
8759,0.0109966,0.0000377,0.0000151
8760,0.0109937,0.0000377,0.0000151
8761,0.0109909,0.0000377,0.0000150
8762,0.0109880,0.0000377,0.0000150
8763,0.0109852,0.0000376,0.0000150
8764,0.0109823,0.0000376,0.0000150
8765,0.0109795,0.0000376,0.0000150
8766,0.0109767,0.0000376,0.0000150
8767,0.0109738,0.0000376,0.0000150
8768,0.0109710,0.0000376,0.0000150
8769,0.0109681,0.0000376,0.0000150
8770,0.0109653,0.0000376,0.0000150
8771,0.0109625,0.0000376,0.0000150
8772,0.0109596,0.0000375,0.0000150
8773,0.0109568,0.0000375,0.0000150
8774,0.0109540,0.0000375,0.0000150
8775,0.0109511,0.0000375,0.0000150
8776,0.0109483,0.0000375,0.0000150
8777,0.0109455,0.0000375,0.0000150
8778,0.0109426,0.0000375,0.0000150
8779,0.0109398,0.0000375,0.0000149
8780,0.0109370,0.0000375,0.0000149
8781,0.0109341,0.0000375,0.0000149
8782,0.0109313,0.0000374,0.0000149
8783,0.0109285,0.0000374,0.0000149
8784,0.0109257,0.0000374,0.0000149
8785,0.0109228,0.0000374,0.0000149
8786,0.0109200,0.0000374,0.0000149
8787,0.0109172,0.0000374,0.0000149
8788,0.0109144,0.0000374,0.0000149
8789,0.0109115,0.0000374,0.0000149
8790,0.0109087,0.0000374,0.0000149
8791,0.0109059,0.0000373,0.0000149
8792,0.0109031,0.0000373,0.0000149
8793,0.0109003,0.0000373,0.0000149
8794,0.0108974,0.0000373,0.0000149
8795,0.0108946,0.0000373,0.0000149
8796,0.0108918,0.0000373,0.0000149
8797,0.0108890,0.0000373,0.0000149
8798,0.0108862,0.0000373,0.0000148
8799,0.0108834,0.0000373,0.0000148
8800,0.0108806,0.0000372,0.0000148
8801,0.0108777,0.0000372,0.0000148
8802,0.0108749,0.0000372,0.0000148
8803,0.0108721,0.0000372,0.0000148
8804,0.0108693,0.0000372,0.0000148
8805,0.0108665,0.0000372,0.0000148
8806,0.0108637,0.0000372,0.0000148
8807,0.0108609,0.0000372,0.0000148
8808,0.0108581,0.0000372,0.0000148
8809,0.0108553,0.0000372,0.0000148
8810,0.0108525,0.0000371,0.0000148
8811,0.0108497,0.0000371,0.0000148
8812,0.0108469,0.0000371,0.0000148
8813,0.0108441,0.0000371,0.0000148
8814,0.0108413,0.0000371,0.0000148
8815,0.0108385,0.0000371,0.0000148
8816,0.0108357,0.0000371,0.0000147
8817,0.0108329,0.0000371,0.0000147
8818,0.0108301,0.0000371,0.0000147
8819,0.0108273,0.0000370,0.0000147
8820,0.0108245,0.0000370,0.0000147
8821,0.0108217,0.0000370,0.0000147
8822,0.0108189,0.0000370,0.0000147
8823,0.0108161,0.0000370,0.0000147
8824,0.0108133,0.0000370,0.0000147
8825,0.0108105,0.0000370,0.0000147
8826,0.0108077,0.0000370,0.0000147
8827,0.0108049,0.0000370,0.0000147
8828,0.0108021,0.0000369,0.0000147
8829,0.0107993,0.0000369,0.0000147
8830,0.0107965,0.0000369,0.0000147
8831,0.0107938,0.0000369,0.0000147
8832,0.0107910,0.0000369,0.0000147
8833,0.0107882,0.0000369,0.0000147
8834,0.0107854,0.0000369,0.0000147
8835,0.0107826,0.0000369,0.0000146
8836,0.0107798,0.0000369,0.0000146
8837,0.0107771,0.0000369,0.0000146
8838,0.0107743,0.0000368,0.0000146
8839,0.0107715,0.0000368,0.0000146
8840,0.0107687,0.0000368,0.0000146
8841,0.0107659,0.0000368,0.0000146
8842,0.0107631,0.0000368,0.0000146
8843,0.0107604,0.0000368,0.0000146
8844,0.0107576,0.0000368,0.0000146
8845,0.0107548,0.0000368,0.0000146
8846,0.0107520,0.0000368,0.0000146
8847,0.0107493,0.0000367,0.0000146
8848,0.0107465,0.0000367,0.0000146
8849,0.0107437,0.0000367,0.0000146
8850,0.0107409,0.0000367,0.0000146
8851,0.0107382,0.0000367,0.0000146
8852,0.0107354,0.0000367,0.0000146
8853,0.0107326,0.0000367,0.0000146
8854,0.0107299,0.0000367,0.0000146
8855,0.0107271,0.0000367,0.0000145
8856,0.0107243,0.0000367,0.0000145
8857,0.0107216,0.0000366,0.0000145
8858,0.0107188,0.0000366,0.0000145
8859,0.0107160,0.0000366,0.0000145
8860,0.0107133,0.0000366,0.0000145
8861,0.0107105,0.0000366,0.0000145
8862,0.0107077,0.0000366,0.0000145
8863,0.0107050,0.0000366,0.0000145
8864,0.0107022,0.0000366,0.0000145
8865,0.0106995,0.0000366,0.0000145
8866,0.0106967,0.0000365,0.0000145
8867,0.0106939,0.0000365,0.0000145
8868,0.0106912,0.0000365,0.0000145
8869,0.0106884,0.0000365,0.0000145
8870,0.0106857,0.0000365,0.0000145
8871,0.0106829,0.0000365,0.0000145
8872,0.0106801,0.0000365,0.0000145
8873,0.0106774,0.0000365,0.0000145
8874,0.0106746,0.0000365,0.0000144
8875,0.0106719,0.0000365,0.0000144
8876,0.0106691,0.0000364,0.0000144
8877,0.0106664,0.0000364,0.0000144
8878,0.0106636,0.0000364,0.0000144
8879,0.0106609,0.0000364,0.0000144
8880,0.0106581,0.0000364,0.0000144
8881,0.0106554,0.0000364,0.0000144
8882,0.0106526,0.0000364,0.0000144
8883,0.0106499,0.0000364,0.0000144
8884,0.0106471,0.0000364,0.0000144
8885,0.0106444,0.0000364,0.0000144
8886,0.0106417,0.0000363,0.0000144
8887,0.0106389,0.0000363,0.0000144
8888,0.0106362,0.0000363,0.0000144
8889,0.0106334,0.0000363,0.0000144
8890,0.0106307,0.0000363,0.0000144
8891,0.0106280,0.0000363,0.0000144
8892,0.0106252,0.0000363,0.0000144
8893,0.0106225,0.0000363,0.0000143
8894,0.0106197,0.0000363,0.0000143
8895,0.0106170,0.0000362,0.0000143
8896,0.0106143,0.0000362,0.0000143
8897,0.0106115,0.0000362,0.0000143
8898,0.0106088,0.0000362,0.0000143
8899,0.0106061,0.0000362,0.0000143
8900,0.0106033,0.0000362,0.0000143
8901,0.0106006,0.0000362,0.0000143
8902,0.0105979,0.0000362,0.0000143
8903,0.0105951,0.0000362,0.0000143
8904,0.0105924,0.0000362,0.0000143
8905,0.0105897,0.0000361,0.0000143
8906,0.0105869,0.0000361,0.0000143
8907,0.0105842,0.0000361,0.0000143
8908,0.0105815,0.0000361,0.0000143
8909,0.0105788,0.0000361,0.0000143
8910,0.0105760,0.0000361,0.0000143
8911,0.0105733,0.0000361,0.0000143
8912,0.0105706,0.0000361,0.0000143
8913,0.0105679,0.0000361,0.0000142
8914,0.0105651,0.0000361,0.0000142
8915,0.0105624,0.0000360,0.0000142
8916,0.0105597,0.0000360,0.0000142
8917,0.0105570,0.0000360,0.0000142
8918,0.0105543,0.0000360,0.0000142
8919,0.0105515,0.0000360,0.0000142
8920,0.0105488,0.0000360,0.0000142
8921,0.0105461,0.0000360,0.0000142
8922,0.0105434,0.0000360,0.0000142
8923,0.0105407,0.0000360,0.0000142
8924,0.0105380,0.0000359,0.0000142
8925,0.0105353,0.0000359,0.0000142
8926,0.0105325,0.0000359,0.0000142
8927,0.0105298,0.0000359,0.0000142
8928,0.0105271,0.0000359,0.0000142
8929,0.0105244,0.0000359,0.0000142
8930,0.0105217,0.0000359,0.0000142
8931,0.0105190,0.0000359,0.0000142
8932,0.0105163,0.0000359,0.0000142
8933,0.0105136,0.0000359,0.0000141
8934,0.0105109,0.0000358,0.0000141
8935,0.0105082,0.0000358,0.0000141
8936,0.0105055,0.0000358,0.0000141
8937,0.0105028,0.0000358,0.0000141
8938,0.0105001,0.0000358,0.0000141
8939,0.0104974,0.0000358,0.0000141
8940,0.0104946,0.0000358,0.0000141
8941,0.0104919,0.0000358,0.0000141
8942,0.0104892,0.0000358,0.0000141
8943,0.0104865,0.0000358,0.0000141
8944,0.0104838,0.0000357,0.0000141
8945,0.0104812,0.0000357,0.0000141
8946,0.0104785,0.0000357,0.0000141
8947,0.0104758,0.0000357,0.0000141
8948,0.0104731,0.0000357,0.0000141
8949,0.0104704,0.0000357,0.0000141
8950,0.0104677,0.0000357,0.0000141
8951,0.0104650,0.0000357,0.0000141
8952,0.0104623,0.0000357,0.0000141
8953,0.0104596,0.0000357,0.0000140
8954,0.0104569,0.0000356,0.0000140
8955,0.0104542,0.0000356,0.0000140
8956,0.0104515,0.0000356,0.0000140
8957,0.0104488,0.0000356,0.0000140
8958,0.0104461,0.0000356,0.0000140
8959,0.0104435,0.0000356,0.0000140
8960,0.0104408,0.0000356,0.0000140
8961,0.0104381,0.0000356,0.0000140
8962,0.0104354,0.0000356,0.0000140
8963,0.0104327,0.0000355,0.0000140
8964,0.0104300,0.0000355,0.0000140
8965,0.0104274,0.0000355,0.0000140
8966,0.0104247,0.0000355,0.0000140
8967,0.0104220,0.0000355,0.0000140
8968,0.0104193,0.0000355,0.0000140
8969,0.0104166,0.0000355,0.0000140
8970,0.0104140,0.0000355,0.0000140
8971,0.0104113,0.0000355,0.0000140
8972,0.0104086,0.0000355,0.0000140
8973,0.0104059,0.0000354,0.0000139
8974,0.0104032,0.0000354,0.0000139
8975,0.0104006,0.0000354,0.0000139
8976,0.0103979,0.0000354,0.0000139
8977,0.0103952,0.0000354,0.0000139
8978,0.0103926,0.0000354,0.0000139
8979,0.0103899,0.0000354,0.0000139
8980,0.0103872,0.0000354,0.0000139
8981,0.0103845,0.0000354,0.0000139
8982,0.0103819,0.0000354,0.0000139
8983,0.0103792,0.0000353,0.0000139
8984,0.0103765,0.0000353,0.0000139
8985,0.0103739,0.0000353,0.0000139
8986,0.0103712,0.0000353,0.0000139
8987,0.0103685,0.0000353,0.0000139
8988,0.0103659,0.0000353,0.0000139
8989,0.0103632,0.0000353,0.0000139
8990,0.0103605,0.0000353,0.0000139
8991,0.0103579,0.0000353,0.0000139
8992,0.0103552,0.0000353,0.0000139
8993,0.0103526,0.0000352,0.0000139
8994,0.0103499,0.0000352,0.0000138
8995,0.0103472,0.0000352,0.0000138
8996,0.0103446,0.0000352,0.0000138
8997,0.0103419,0.0000352,0.0000138
8998,0.0103393,0.0000352,0.0000138
8999,0.0103366,0.0000352,0.0000138
9000,0.0103339,0.0000352,0.0000138
9001,0.0103313,0.0000352,0.0000138
9002,0.0103286,0.0000352,0.0000138
9003,0.0103260,0.0000351,0.0000138
9004,0.0103233,0.0000351,0.0000138
9005,0.0103207,0.0000351,0.0000138
9006,0.0103180,0.0000351,0.0000138
9007,0.0103154,0.0000351,0.0000138
9008,0.0103127,0.0000351,0.0000138
9009,0.0103101,0.0000351,0.0000138
9010,0.0103074,0.0000351,0.0000138
9011,0.0103048,0.0000351,0.0000138
9012,0.0103021,0.0000351,0.0000138
9013,0.0102995,0.0000350,0.0000138
9014,0.0102968,0.0000350,0.0000138
9015,0.0102942,0.0000350,0.0000137
9016,0.0102916,0.0000350,0.0000137
9017,0.0102889,0.0000350,0.0000137
9018,0.0102863,0.0000350,0.0000137
9019,0.0102836,0.0000350,0.0000137
9020,0.0102810,0.0000350,0.0000137
9021,0.0102784,0.0000350,0.0000137
9022,0.0102757,0.0000350,0.0000137
9023,0.0102731,0.0000349,0.0000137
9024,0.0102704,0.0000349,0.0000137
9025,0.0102678,0.0000349,0.0000137
9026,0.0102652,0.0000349,0.0000137
9027,0.0102625,0.0000349,0.0000137
9028,0.0102599,0.0000349,0.0000137
9029,0.0102573,0.0000349,0.0000137
9030,0.0102546,0.0000349,0.0000137
9031,0.0102520,0.0000349,0.0000137
9032,0.0102494,0.0000349,0.0000137
9033,0.0102467,0.0000348,0.0000137
9034,0.0102441,0.0000348,0.0000137
9035,0.0102415,0.0000348,0.0000137
9036,0.0102388,0.0000348,0.0000136
9037,0.0102362,0.0000348,0.0000136
9038,0.0102336,0.0000348,0.0000136
9039,0.0102310,0.0000348,0.0000136
9040,0.0102283,0.0000348,0.0000136
9041,0.0102257,0.0000348,0.0000136
9042,0.0102231,0.0000348,0.0000136
9043,0.0102205,0.0000347,0.0000136
9044,0.0102178,0.0000347,0.0000136
9045,0.0102152,0.0000347,0.0000136
9046,0.0102126,0.0000347,0.0000136
9047,0.0102100,0.0000347,0.0000136
9048,0.0102074,0.0000347,0.0000136
9049,0.0102047,0.0000347,0.0000136
9050,0.0102021,0.0000347,0.0000136
9051,0.0101995,0.0000347,0.0000136
9052,0.0101969,0.0000347,0.0000136
9053,0.0101943,0.0000346,0.0000136
9054,0.0101917,0.0000346,0.0000136
9055,0.0101890,0.0000346,0.0000136
9056,0.0101864,0.0000346,0.0000136
9057,0.0101838,0.0000346,0.0000135
9058,0.0101812,0.0000346,0.0000135
9059,0.0101786,0.0000346,0.0000135
9060,0.0101760,0.0000346,0.0000135
9061,0.0101734,0.0000346,0.0000135
9062,0.0101708,0.0000346,0.0000135
9063,0.0101682,0.0000345,0.0000135
9064,0.0101656,0.0000345,0.0000135
9065,0.0101629,0.0000345,0.0000135
9066,0.0101603,0.0000345,0.0000135
9067,0.0101577,0.0000345,0.0000135
9068,0.0101551,0.0000345,0.0000135
9069,0.0101525,0.0000345,0.0000135
9070,0.0101499,0.0000345,0.0000135
9071,0.0101473,0.0000345,0.0000135
9072,0.0101447,0.0000345,0.0000135
9073,0.0101421,0.0000345,0.0000135
9074,0.0101395,0.0000344,0.0000135
9075,0.0101369,0.0000344,0.0000135
9076,0.0101343,0.0000344,0.0000135
9077,0.0101317,0.0000344,0.0000135
9078,0.0101291,0.0000344,0.0000134
9079,0.0101265,0.0000344,0.0000134
9080,0.0101239,0.0000344,0.0000134
9081,0.0101213,0.0000344,0.0000134
9082,0.0101187,0.0000344,0.0000134
9083,0.0101161,0.0000344,0.0000134
9084,0.0101136,0.0000343,0.0000134
9085,0.0101110,0.0000343,0.0000134
9086,0.0101084,0.0000343,0.0000134
9087,0.0101058,0.0000343,0.0000134
9088,0.0101032,0.0000343,0.0000134
9089,0.0101006,0.0000343,0.0000134
9090,0.0100980,0.0000343,0.0000134
9091,0.0100954,0.0000343,0.0000134
9092,0.0100928,0.0000343,0.0000134
9093,0.0100903,0.0000343,0.0000134
9094,0.0100877,0.0000342,0.0000134
9095,0.0100851,0.0000342,0.0000134
9096,0.0100825,0.0000342,0.0000134
9097,0.0100799,0.0000342,0.0000134
9098,0.0100773,0.0000342,0.0000134
9099,0.0100747,0.0000342,0.0000134
9100,0.0100722,0.0000342,0.0000133
9101,0.0100696,0.0000342,0.0000133
9102,0.0100670,0.0000342,0.0000133
9103,0.0100644,0.0000342,0.0000133
9104,0.0100619,0.0000341,0.0000133
9105,0.0100593,0.0000341,0.0000133
9106,0.0100567,0.0000341,0.0000133
9107,0.0100541,0.0000341,0.0000133
9108,0.0100515,0.0000341,0.0000133
9109,0.0100490,0.0000341,0.0000133
9110,0.0100464,0.0000341,0.0000133
9111,0.0100438,0.0000341,0.0000133
9112,0.0100413,0.0000341,0.0000133
9113,0.0100387,0.0000341,0.0000133
9114,0.0100361,0.0000341,0.0000133
9115,0.0100335,0.0000340,0.0000133
9116,0.0100310,0.0000340,0.0000133
9117,0.0100284,0.0000340,0.0000133
9118,0.0100258,0.0000340,0.0000133
9119,0.0100233,0.0000340,0.0000133
9120,0.0100207,0.0000340,0.0000133
9121,0.0100181,0.0000340,0.0000133
9122,0.0100156,0.0000340,0.0000132
9123,0.0100130,0.0000340,0.0000132
9124,0.0100104,0.0000340,0.0000132
9125,0.0100079,0.0000339,0.0000132
9126,0.0100053,0.0000339,0.0000132
9127,0.0100028,0.0000339,0.0000132
9128,0.0100002,0.0000339,0.0000132
9129,0.0099976,0.0000339,0.0000132
9130,0.0099951,0.0000339,0.0000132
9131,0.0099925,0.0000339,0.0000132
9132,0.0099900,0.0000339,0.0000132
9133,0.0099874,0.0000339,0.0000132
9134,0.0099848,0.0000339,0.0000132
9135,0.0099823,0.0000338,0.0000132
9136,0.0099797,0.0000338,0.0000132
9137,0.0099772,0.0000338,0.0000132
9138,0.0099746,0.0000338,0.0000132
9139,0.0099721,0.0000338,0.0000132
9140,0.0099695,0.0000338,0.0000132
9141,0.0099670,0.0000338,0.0000132
9142,0.0099644,0.0000338,0.0000132
9143,0.0099619,0.0000338,0.0000132
9144,0.0099593,0.0000338,0.0000131
9145,0.0099568,0.0000338,0.0000131
9146,0.0099542,0.0000337,0.0000131
9147,0.0099517,0.0000337,0.0000131
9148,0.0099491,0.0000337,0.0000131
9149,0.0099466,0.0000337,0.0000131
9150,0.0099440,0.0000337,0.0000131
9151,0.0099415,0.0000337,0.0000131
9152,0.0099390,0.0000337,0.0000131
9153,0.0099364,0.0000337,0.0000131
9154,0.0099339,0.0000337,0.0000131
9155,0.0099313,0.0000337,0.0000131
9156,0.0099288,0.0000336,0.0000131
9157,0.0099263,0.0000336,0.0000131
9158,0.0099237,0.0000336,0.0000131
9159,0.0099212,0.0000336,0.0000131
9160,0.0099186,0.0000336,0.0000131
9161,0.0099161,0.0000336,0.0000131
9162,0.0099136,0.0000336,0.0000131
9163,0.0099110,0.0000336,0.0000131
9164,0.0099085,0.0000336,0.0000131
9165,0.0099060,0.0000336,0.0000131
9166,0.0099034,0.0000336,0.0000130
9167,0.0099009,0.0000335,0.0000130
9168,0.0098984,0.0000335,0.0000130
9169,0.0098958,0.0000335,0.0000130
9170,0.0098933,0.0000335,0.0000130
9171,0.0098908,0.0000335,0.0000130
9172,0.0098882,0.0000335,0.0000130
9173,0.0098857,0.0000335,0.0000130
9174,0.0098832,0.0000335,0.0000130
9175,0.0098807,0.0000335,0.0000130
9176,0.0098781,0.0000335,0.0000130
9177,0.0098756,0.0000334,0.0000130
9178,0.0098731,0.0000334,0.0000130
9179,0.0098706,0.0000334,0.0000130
9180,0.0098680,0.0000334,0.0000130
9181,0.0098655,0.0000334,0.0000130
9182,0.0098630,0.0000334,0.0000130
9183,0.0098605,0.0000334,0.0000130
9184,0.0098580,0.0000334,0.0000130
9185,0.0098554,0.0000334,0.0000130
9186,0.0098529,0.0000334,0.0000130
9187,0.0098504,0.0000334,0.0000130
9188,0.0098479,0.0000333,0.0000129
9189,0.0098454,0.0000333,0.0000129
9190,0.0098429,0.0000333,0.0000129
9191,0.0098403,0.0000333,0.0000129
9192,0.0098378,0.0000333,0.0000129
9193,0.0098353,0.0000333,0.0000129
9194,0.0098328,0.0000333,0.0000129
9195,0.0098303,0.0000333,0.0000129
9196,0.0098278,0.0000333,0.0000129
9197,0.0098253,0.0000333,0.0000129
9198,0.0098228,0.0000332,0.0000129
9199,0.0098202,0.0000332,0.0000129
9200,0.0098177,0.0000332,0.0000129
9201,0.0098152,0.0000332,0.0000129
9202,0.0098127,0.0000332,0.0000129
9203,0.0098102,0.0000332,0.0000129
9204,0.0098077,0.0000332,0.0000129
9205,0.0098052,0.0000332,0.0000129
9206,0.0098027,0.0000332,0.0000129
9207,0.0098002,0.0000332,0.0000129
9208,0.0097977,0.0000332,0.0000129
9209,0.0097952,0.0000331,0.0000129
9210,0.0097927,0.0000331,0.0000129
9211,0.0097902,0.0000331,0.0000128
9212,0.0097877,0.0000331,0.0000128
9213,0.0097852,0.0000331,0.0000128
9214,0.0097827,0.0000331,0.0000128
9215,0.0097802,0.0000331,0.0000128
9216,0.0097777,0.0000331,0.0000128
9217,0.0097752,0.0000331,0.0000128
9218,0.0097727,0.0000331,0.0000128
9219,0.0097702,0.0000331,0.0000128
9220,0.0097677,0.0000330,0.0000128
9221,0.0097652,0.0000330,0.0000128
9222,0.0097627,0.0000330,0.0000128
9223,0.0097602,0.0000330,0.0000128
9224,0.0097577,0.0000330,0.0000128
9225,0.0097552,0.0000330,0.0000128
9226,0.0097528,0.0000330,0.0000128
9227,0.0097503,0.0000330,0.0000128
9228,0.0097478,0.0000330,0.0000128
9229,0.0097453,0.0000330,0.0000128
9230,0.0097428,0.0000329,0.0000128
9231,0.0097403,0.0000329,0.0000128
9232,0.0097378,0.0000329,0.0000128
9233,0.0097353,0.0000329,0.0000128
9234,0.0097329,0.0000329,0.0000127
9235,0.0097304,0.0000329,0.0000127
9236,0.0097279,0.0000329,0.0000127
9237,0.0097254,0.0000329,0.0000127
9238,0.0097229,0.0000329,0.0000127
9239,0.0097204,0.0000329,0.0000127
9240,0.0097180,0.0000329,0.0000127
9241,0.0097155,0.0000328,0.0000127
9242,0.0097130,0.0000328,0.0000127
9243,0.0097105,0.0000328,0.0000127
9244,0.0097081,0.0000328,0.0000127
9245,0.0097056,0.0000328,0.0000127
9246,0.0097031,0.0000328,0.0000127
9247,0.0097006,0.0000328,0.0000127
9248,0.0096981,0.0000328,0.0000127
9249,0.0096957,0.0000328,0.0000127
9250,0.0096932,0.0000328,0.0000127
9251,0.0096907,0.0000328,0.0000127
9252,0.0096883,0.0000327,0.0000127
9253,0.0096858,0.0000327,0.0000127
9254,0.0096833,0.0000327,0.0000127
9255,0.0096808,0.0000327,0.0000127
9256,0.0096784,0.0000327,0.0000127
9257,0.0096759,0.0000327,0.0000126
9258,0.0096734,0.0000327,0.0000126
9259,0.0096710,0.0000327,0.0000126
9260,0.0096685,0.0000327,0.0000126
9261,0.0096660,0.0000327,0.0000126
9262,0.0096636,0.0000326,0.0000126
9263,0.0096611,0.0000326,0.0000126
9264,0.0096586,0.0000326,0.0000126
9265,0.0096562,0.0000326,0.0000126
9266,0.0096537,0.0000326,0.0000126
9267,0.0096513,0.0000326,0.0000126
9268,0.0096488,0.0000326,0.0000126
9269,0.0096463,0.0000326,0.0000126
9270,0.0096439,0.0000326,0.0000126
9271,0.0096414,0.0000326,0.0000126
9272,0.0096390,0.0000326,0.0000126
9273,0.0096365,0.0000325,0.0000126
9274,0.0096340,0.0000325,0.0000126
9275,0.0096316,0.0000325,0.0000126
9276,0.0096291,0.0000325,0.0000126
9277,0.0096267,0.0000325,0.0000126
9278,0.0096242,0.0000325,0.0000126
9279,0.0096218,0.0000325,0.0000126
9280,0.0096193,0.0000325,0.0000126
9281,0.0096169,0.0000325,0.0000125
9282,0.0096144,0.0000325,0.0000125
9283,0.0096120,0.0000325,0.0000125
9284,0.0096095,0.0000324,0.0000125
9285,0.0096071,0.0000324,0.0000125
9286,0.0096046,0.0000324,0.0000125
9287,0.0096022,0.0000324,0.0000125
9288,0.0095997,0.0000324,0.0000125
9289,0.0095973,0.0000324,0.0000125
9290,0.0095948,0.0000324,0.0000125
9291,0.0095924,0.0000324,0.0000125
9292,0.0095899,0.0000324,0.0000125
9293,0.0095875,0.0000324,0.0000125
9294,0.0095851,0.0000324,0.0000125
9295,0.0095826,0.0000323,0.0000125
9296,0.0095802,0.0000323,0.0000125
9297,0.0095777,0.0000323,0.0000125
9298,0.0095753,0.0000323,0.0000125
9299,0.0095729,0.0000323,0.0000125
9300,0.0095704,0.0000323,0.0000125
9301,0.0095680,0.0000323,0.0000125
9302,0.0095655,0.0000323,0.0000125
9303,0.0095631,0.0000323,0.0000125
9304,0.0095607,0.0000323,0.0000125
9305,0.0095582,0.0000323,0.0000124
9306,0.0095558,0.0000322,0.0000124
9307,0.0095534,0.0000322,0.0000124
9308,0.0095509,0.0000322,0.0000124
9309,0.0095485,0.0000322,0.0000124
9310,0.0095461,0.0000322,0.0000124
9311,0.0095436,0.0000322,0.0000124
9312,0.0095412,0.0000322,0.0000124
9313,0.0095388,0.0000322,0.0000124
9314,0.0095363,0.0000322,0.0000124
9315,0.0095339,0.0000322,0.0000124
9316,0.0095315,0.0000322,0.0000124
9317,0.0095291,0.0000321,0.0000124
9318,0.0095266,0.0000321,0.0000124
9319,0.0095242,0.0000321,0.0000124
9320,0.0095218,0.0000321,0.0000124
9321,0.0095194,0.0000321,0.0000124
9322,0.0095169,0.0000321,0.0000124
9323,0.0095145,0.0000321,0.0000124
9324,0.0095121,0.0000321,0.0000124
9325,0.0095097,0.0000321,0.0000124
9326,0.0095072,0.0000321,0.0000124
9327,0.0095048,0.0000321,0.0000124
9328,0.0095024,0.0000320,0.0000124
9329,0.0095000,0.0000320,0.0000123
9330,0.0094976,0.0000320,0.0000123
9331,0.0094952,0.0000320,0.0000123
9332,0.0094927,0.0000320,0.0000123
9333,0.0094903,0.0000320,0.0000123
9334,0.0094879,0.0000320,0.0000123
9335,0.0094855,0.0000320,0.0000123
9336,0.0094831,0.0000320,0.0000123
9337,0.0094807,0.0000320,0.0000123
9338,0.0094783,0.0000320,0.0000123
9339,0.0094758,0.0000319,0.0000123
9340,0.0094734,0.0000319,0.0000123
9341,0.0094710,0.0000319,0.0000123
9342,0.0094686,0.0000319,0.0000123
9343,0.0094662,0.0000319,0.0000123
9344,0.0094638,0.0000319,0.0000123
9345,0.0094614,0.0000319,0.0000123
9346,0.0094590,0.0000319,0.0000123
9347,0.0094566,0.0000319,0.0000123
9348,0.0094542,0.0000319,0.0000123
9349,0.0094518,0.0000319,0.0000123
9350,0.0094494,0.0000318,0.0000123
9351,0.0094469,0.0000318,0.0000123
9352,0.0094445,0.0000318,0.0000123
9353,0.0094421,0.0000318,0.0000122
9354,0.0094397,0.0000318,0.0000122
9355,0.0094373,0.0000318,0.0000122
9356,0.0094349,0.0000318,0.0000122
9357,0.0094325,0.0000318,0.0000122
9358,0.0094301,0.0000318,0.0000122
9359,0.0094277,0.0000318,0.0000122
9360,0.0094253,0.0000318,0.0000122
9361,0.0094229,0.0000317,0.0000122
9362,0.0094206,0.0000317,0.0000122
9363,0.0094182,0.0000317,0.0000122
9364,0.0094158,0.0000317,0.0000122
9365,0.0094134,0.0000317,0.0000122
9366,0.0094110,0.0000317,0.0000122
9367,0.0094086,0.0000317,0.0000122
9368,0.0094062,0.0000317,0.0000122
9369,0.0094038,0.0000317,0.0000122
9370,0.0094014,0.0000317,0.0000122
9371,0.0093990,0.0000317,0.0000122
9372,0.0093966,0.0000316,0.0000122
9373,0.0093942,0.0000316,0.0000122
9374,0.0093918,0.0000316,0.0000122
9375,0.0093895,0.0000316,0.0000122
9376,0.0093871,0.0000316,0.0000122
9377,0.0093847,0.0000316,0.0000122
9378,0.0093823,0.0000316,0.0000121
9379,0.0093799,0.0000316,0.0000121
9380,0.0093775,0.0000316,0.0000121
9381,0.0093751,0.0000316,0.0000121
9382,0.0093728,0.0000316,0.0000121
9383,0.0093704,0.0000316,0.0000121
9384,0.0093680,0.0000315,0.0000121
9385,0.0093656,0.0000315,0.0000121
9386,0.0093632,0.0000315,0.0000121
9387,0.0093609,0.0000315,0.0000121
9388,0.0093585,0.0000315,0.0000121
9389,0.0093561,0.0000315,0.0000121
9390,0.0093537,0.0000315,0.0000121
9391,0.0093513,0.0000315,0.0000121
9392,0.0093490,0.0000315,0.0000121
9393,0.0093466,0.0000315,0.0000121
9394,0.0093442,0.0000315,0.0000121
9395,0.0093418,0.0000314,0.0000121
9396,0.0093395,0.0000314,0.0000121
9397,0.0093371,0.0000314,0.0000121
9398,0.0093347,0.0000314,0.0000121
9399,0.0093324,0.0000314,0.0000121
9400,0.0093300,0.0000314,0.0000121
9401,0.0093276,0.0000314,0.0000121
9402,0.0093252,0.0000314,0.0000121
9403,0.0093229,0.0000314,0.0000120
9404,0.0093205,0.0000314,0.0000120
9405,0.0093181,0.0000314,0.0000120
9406,0.0093158,0.0000313,0.0000120
9407,0.0093134,0.0000313,0.0000120
9408,0.0093110,0.0000313,0.0000120
9409,0.0093087,0.0000313,0.0000120
9410,0.0093063,0.0000313,0.0000120
9411,0.0093039,0.0000313,0.0000120
9412,0.0093016,0.0000313,0.0000120
9413,0.0092992,0.0000313,0.0000120
9414,0.0092969,0.0000313,0.0000120
9415,0.0092945,0.0000313,0.0000120
9416,0.0092921,0.0000313,0.0000120
9417,0.0092898,0.0000312,0.0000120
9418,0.0092874,0.0000312,0.0000120
9419,0.0092851,0.0000312,0.0000120
9420,0.0092827,0.0000312,0.0000120
9421,0.0092803,0.0000312,0.0000120
9422,0.0092780,0.0000312,0.0000120
9423,0.0092756,0.0000312,0.0000120
9424,0.0092733,0.0000312,0.0000120
9425,0.0092709,0.0000312,0.0000120
9426,0.0092686,0.0000312,0.0000120
9427,0.0092662,0.0000312,0.0000120
9428,0.0092639,0.0000312,0.0000119
9429,0.0092615,0.0000311,0.0000119
9430,0.0092592,0.0000311,0.0000119
9431,0.0092568,0.0000311,0.0000119
9432,0.0092545,0.0000311,0.0000119
9433,0.0092521,0.0000311,0.0000119
9434,0.0092498,0.0000311,0.0000119
9435,0.0092474,0.0000311,0.0000119
9436,0.0092451,0.0000311,0.0000119
9437,0.0092427,0.0000311,0.0000119
9438,0.0092404,0.0000311,0.0000119
9439,0.0092380,0.0000311,0.0000119
9440,0.0092357,0.0000310,0.0000119
9441,0.0092333,0.0000310,0.0000119
9442,0.0092310,0.0000310,0.0000119
9443,0.0092287,0.0000310,0.0000119
9444,0.0092263,0.0000310,0.0000119
9445,0.0092240,0.0000310,0.0000119
9446,0.0092216,0.0000310,0.0000119
9447,0.0092193,0.0000310,0.0000119
9448,0.0092170,0.0000310,0.0000119
9449,0.0092146,0.0000310,0.0000119
9450,0.0092123,0.0000310,0.0000119
9451,0.0092099,0.0000310,0.0000119
9452,0.0092076,0.0000309,0.0000119
9453,0.0092053,0.0000309,0.0000118
9454,0.0092029,0.0000309,0.0000118
9455,0.0092006,0.0000309,0.0000118
9456,0.0091983,0.0000309,0.0000118
9457,0.0091959,0.0000309,0.0000118
9458,0.0091936,0.0000309,0.0000118
9459,0.0091913,0.0000309,0.0000118
9460,0.0091889,0.0000309,0.0000118
9461,0.0091866,0.0000309,0.0000118
9462,0.0091843,0.0000309,0.0000118
9463,0.0091820,0.0000308,0.0000118
9464,0.0091796,0.0000308,0.0000118
9465,0.0091773,0.0000308,0.0000118
9466,0.0091750,0.0000308,0.0000118
9467,0.0091726,0.0000308,0.0000118
9468,0.0091703,0.0000308,0.0000118
9469,0.0091680,0.0000308,0.0000118
9470,0.0091657,0.0000308,0.0000118
9471,0.0091633,0.0000308,0.0000118
9472,0.0091610,0.0000308,0.0000118
9473,0.0091587,0.0000308,0.0000118
9474,0.0091564,0.0000308,0.0000118
9475,0.0091541,0.0000307,0.0000118
9476,0.0091517,0.0000307,0.0000118
9477,0.0091494,0.0000307,0.0000118
9478,0.0091471,0.0000307,0.0000118
9479,0.0091448,0.0000307,0.0000117
9480,0.0091425,0.0000307,0.0000117
9481,0.0091401,0.0000307,0.0000117
9482,0.0091378,0.0000307,0.0000117
9483,0.0091355,0.0000307,0.0000117
9484,0.0091332,0.0000307,0.0000117
9485,0.0091309,0.0000307,0.0000117
9486,0.0091286,0.0000306,0.0000117
9487,0.0091262,0.0000306,0.0000117
9488,0.0091239,0.0000306,0.0000117
9489,0.0091216,0.0000306,0.0000117
9490,0.0091193,0.0000306,0.0000117
9491,0.0091170,0.0000306,0.0000117
9492,0.0091147,0.0000306,0.0000117
9493,0.0091124,0.0000306,0.0000117
9494,0.0091101,0.0000306,0.0000117
9495,0.0091078,0.0000306,0.0000117
9496,0.0091055,0.0000306,0.0000117
9497,0.0091031,0.0000306,0.0000117
9498,0.0091008,0.0000305,0.0000117
9499,0.0090985,0.0000305,0.0000117
9500,0.0090962,0.0000305,0.0000117
9501,0.0090939,0.0000305,0.0000117
9502,0.0090916,0.0000305,0.0000117
9503,0.0090893,0.0000305,0.0000117
9504,0.0090870,0.0000305,0.0000117
9505,0.0090847,0.0000305,0.0000116
9506,0.0090824,0.0000305,0.0000116
9507,0.0090801,0.0000305,0.0000116
9508,0.0090778,0.0000305,0.0000116
9509,0.0090755,0.0000304,0.0000116
9510,0.0090732,0.0000304,0.0000116
9511,0.0090709,0.0000304,0.0000116
9512,0.0090686,0.0000304,0.0000116
9513,0.0090663,0.0000304,0.0000116
9514,0.0090640,0.0000304,0.0000116
9515,0.0090617,0.0000304,0.0000116
9516,0.0090594,0.0000304,0.0000116
9517,0.0090571,0.0000304,0.0000116
9518,0.0090548,0.0000304,0.0000116
9519,0.0090526,0.0000304,0.0000116
9520,0.0090503,0.0000304,0.0000116
9521,0.0090480,0.0000303,0.0000116
9522,0.0090457,0.0000303,0.0000116
9523,0.0090434,0.0000303,0.0000116
9524,0.0090411,0.0000303,0.0000116
9525,0.0090388,0.0000303,0.0000116
9526,0.0090365,0.0000303,0.0000116
9527,0.0090342,0.0000303,0.0000116
9528,0.0090319,0.0000303,0.0000116
9529,0.0090297,0.0000303,0.0000116
9530,0.0090274,0.0000303,0.0000116
9531,0.0090251,0.0000303,0.0000115
9532,0.0090228,0.0000303,0.0000115
9533,0.0090205,0.0000302,0.0000115
9534,0.0090182,0.0000302,0.0000115
9535,0.0090160,0.0000302,0.0000115
9536,0.0090137,0.0000302,0.0000115
9537,0.0090114,0.0000302,0.0000115
9538,0.0090091,0.0000302,0.0000115
9539,0.0090068,0.0000302,0.0000115
9540,0.0090045,0.0000302,0.0000115
9541,0.0090023,0.0000302,0.0000115
9542,0.0090000,0.0000302,0.0000115
9543,0.0089977,0.0000302,0.0000115
9544,0.0089954,0.0000301,0.0000115
9545,0.0089932,0.0000301,0.0000115
9546,0.0089909,0.0000301,0.0000115
9547,0.0089886,0.0000301,0.0000115
9548,0.0089863,0.0000301,0.0000115
9549,0.0089841,0.0000301,0.0000115
9550,0.0089818,0.0000301,0.0000115
9551,0.0089795,0.0000301,0.0000115
9552,0.0089772,0.0000301,0.0000115
9553,0.0089750,0.0000301,0.0000115
9554,0.0089727,0.0000301,0.0000115
9555,0.0089704,0.0000301,0.0000115
9556,0.0089682,0.0000300,0.0000115
9557,0.0089659,0.0000300,0.0000115
9558,0.0089636,0.0000300,0.0000114
9559,0.0089614,0.0000300,0.0000114
9560,0.0089591,0.0000300,0.0000114
9561,0.0089568,0.0000300,0.0000114
9562,0.0089546,0.0000300,0.0000114
9563,0.0089523,0.0000300,0.0000114
9564,0.0089500,0.0000300,0.0000114
9565,0.0089478,0.0000300,0.0000114
9566,0.0089455,0.0000300,0.0000114
9567,0.0089432,0.0000300,0.0000114
9568,0.0089410,0.0000299,0.0000114
9569,0.0089387,0.0000299,0.0000114
9570,0.0089365,0.0000299,0.0000114
9571,0.0089342,0.0000299,0.0000114
9572,0.0089319,0.0000299,0.0000114
9573,0.0089297,0.0000299,0.0000114
9574,0.0089274,0.0000299,0.0000114
9575,0.0089252,0.0000299,0.0000114
9576,0.0089229,0.0000299,0.0000114
9577,0.0089207,0.0000299,0.0000114
9578,0.0089184,0.0000299,0.0000114
9579,0.0089161,0.0000299,0.0000114
9580,0.0089139,0.0000298,0.0000114
9581,0.0089116,0.0000298,0.0000114
9582,0.0089094,0.0000298,0.0000114
9583,0.0089071,0.0000298,0.0000114
9584,0.0089049,0.0000298,0.0000114
9585,0.0089026,0.0000298,0.0000113
9586,0.0089004,0.0000298,0.0000113
9587,0.0088981,0.0000298,0.0000113
9588,0.0088959,0.0000298,0.0000113
9589,0.0088936,0.0000298,0.0000113
9590,0.0088914,0.0000298,0.0000113
9591,0.0088891,0.0000298,0.0000113
9592,0.0088869,0.0000297,0.0000113
9593,0.0088846,0.0000297,0.0000113
9594,0.0088824,0.0000297,0.0000113
9595,0.0088802,0.0000297,0.0000113
9596,0.0088779,0.0000297,0.0000113
9597,0.0088757,0.0000297,0.0000113
9598,0.0088734,0.0000297,0.0000113
9599,0.0088712,0.0000297,0.0000113
9600,0.0088689,0.0000297,0.0000113
9601,0.0088667,0.0000297,0.0000113
9602,0.0088645,0.0000297,0.0000113
9603,0.0088622,0.0000297,0.0000113
9604,0.0088600,0.0000296,0.0000113
9605,0.0088577,0.0000296,0.0000113
9606,0.0088555,0.0000296,0.0000113
9607,0.0088533,0.0000296,0.0000113
9608,0.0088510,0.0000296,0.0000113
9609,0.0088488,0.0000296,0.0000113
9610,0.0088466,0.0000296,0.0000113
9611,0.0088443,0.0000296,0.0000113
9612,0.0088421,0.0000296,0.0000112
9613,0.0088399,0.0000296,0.0000112
9614,0.0088376,0.0000296,0.0000112
9615,0.0088354,0.0000296,0.0000112
9616,0.0088332,0.0000295,0.0000112
9617,0.0088309,0.0000295,0.0000112
9618,0.0088287,0.0000295,0.0000112
9619,0.0088265,0.0000295,0.0000112
9620,0.0088242,0.0000295,0.0000112
9621,0.0088220,0.0000295,0.0000112
9622,0.0088198,0.0000295,0.0000112
9623,0.0088176,0.0000295,0.0000112
9624,0.0088153,0.0000295,0.0000112
9625,0.0088131,0.0000295,0.0000112
9626,0.0088109,0.0000295,0.0000112
9627,0.0088087,0.0000295,0.0000112
9628,0.0088064,0.0000294,0.0000112
9629,0.0088042,0.0000294,0.0000112
9630,0.0088020,0.0000294,0.0000112
9631,0.0087998,0.0000294,0.0000112
9632,0.0087975,0.0000294,0.0000112
9633,0.0087953,0.0000294,0.0000112
9634,0.0087931,0.0000294,0.0000112
9635,0.0087909,0.0000294,0.0000112
9636,0.0087887,0.0000294,0.0000112
9637,0.0087864,0.0000294,0.0000112
9638,0.0087842,0.0000294,0.0000112
9639,0.0087820,0.0000294,0.0000111
9640,0.0087798,0.0000293,0.0000111
9641,0.0087776,0.0000293,0.0000111
9642,0.0087754,0.0000293,0.0000111
9643,0.0087731,0.0000293,0.0000111
9644,0.0087709,0.0000293,0.0000111
9645,0.0087687,0.0000293,0.0000111
9646,0.0087665,0.0000293,0.0000111
9647,0.0087643,0.0000293,0.0000111
9648,0.0087621,0.0000293,0.0000111
9649,0.0087599,0.0000293,0.0000111
9650,0.0087577,0.0000293,0.0000111
9651,0.0087555,0.0000293,0.0000111
9652,0.0087532,0.0000292,0.0000111
9653,0.0087510,0.0000292,0.0000111
9654,0.0087488,0.0000292,0.0000111
9655,0.0087466,0.0000292,0.0000111
9656,0.0087444,0.0000292,0.0000111
9657,0.0087422,0.0000292,0.0000111
9658,0.0087400,0.0000292,0.0000111
9659,0.0087378,0.0000292,0.0000111
9660,0.0087356,0.0000292,0.0000111
9661,0.0087334,0.0000292,0.0000111
9662,0.0087312,0.0000292,0.0000111
9663,0.0087290,0.0000292,0.0000111
9664,0.0087268,0.0000292,0.0000111
9665,0.0087246,0.0000291,0.0000111
9666,0.0087224,0.0000291,0.0000111
9667,0.0087202,0.0000291,0.0000110
9668,0.0087180,0.0000291,0.0000110
9669,0.0087158,0.0000291,0.0000110
9670,0.0087136,0.0000291,0.0000110
9671,0.0087114,0.0000291,0.0000110
9672,0.0087092,0.0000291,0.0000110
9673,0.0087070,0.0000291,0.0000110
9674,0.0087048,0.0000291,0.0000110
9675,0.0087026,0.0000291,0.0000110
9676,0.0087004,0.0000291,0.0000110
9677,0.0086982,0.0000290,0.0000110
9678,0.0086960,0.0000290,0.0000110
9679,0.0086938,0.0000290,0.0000110
9680,0.0086916,0.0000290,0.0000110
9681,0.0086894,0.0000290,0.0000110
9682,0.0086873,0.0000290,0.0000110
9683,0.0086851,0.0000290,0.0000110
9684,0.0086829,0.0000290,0.0000110
9685,0.0086807,0.0000290,0.0000110
9686,0.0086785,0.0000290,0.0000110
9687,0.0086763,0.0000290,0.0000110
9688,0.0086741,0.0000290,0.0000110
9689,0.0086719,0.0000289,0.0000110
9690,0.0086698,0.0000289,0.0000110
9691,0.0086676,0.0000289,0.0000110
9692,0.0086654,0.0000289,0.0000110
9693,0.0086632,0.0000289,0.0000110
9694,0.0086610,0.0000289,0.0000110
9695,0.0086588,0.0000289,0.0000110
9696,0.0086567,0.0000289,0.0000109
9697,0.0086545,0.0000289,0.0000109
9698,0.0086523,0.0000289,0.0000109
9699,0.0086501,0.0000289,0.0000109
9700,0.0086479,0.0000289,0.0000109
9701,0.0086458,0.0000288,0.0000109
9702,0.0086436,0.0000288,0.0000109
9703,0.0086414,0.0000288,0.0000109
9704,0.0086392,0.0000288,0.0000109
9705,0.0086370,0.0000288,0.0000109
9706,0.0086349,0.0000288,0.0000109
9707,0.0086327,0.0000288,0.0000109
9708,0.0086305,0.0000288,0.0000109
9709,0.0086283,0.0000288,0.0000109
9710,0.0086262,0.0000288,0.0000109
9711,0.0086240,0.0000288,0.0000109
9712,0.0086218,0.0000288,0.0000109
9713,0.0086196,0.0000288,0.0000109
9714,0.0086175,0.0000287,0.0000109
9715,0.0086153,0.0000287,0.0000109
9716,0.0086131,0.0000287,0.0000109
9717,0.0086110,0.0000287,0.0000109
9718,0.0086088,0.0000287,0.0000109
9719,0.0086066,0.0000287,0.0000109
9720,0.0086045,0.0000287,0.0000109
9721,0.0086023,0.0000287,0.0000109
9722,0.0086001,0.0000287,0.0000109
9723,0.0085980,0.0000287,0.0000109
9724,0.0085958,0.0000287,0.0000108
9725,0.0085936,0.0000287,0.0000108
9726,0.0085915,0.0000286,0.0000108
9727,0.0085893,0.0000286,0.0000108
9728,0.0085871,0.0000286,0.0000108
9729,0.0085850,0.0000286,0.0000108
9730,0.0085828,0.0000286,0.0000108
9731,0.0085807,0.0000286,0.0000108
9732,0.0085785,0.0000286,0.0000108
9733,0.0085763,0.0000286,0.0000108
9734,0.0085742,0.0000286,0.0000108
9735,0.0085720,0.0000286,0.0000108
9736,0.0085699,0.0000286,0.0000108
9737,0.0085677,0.0000286,0.0000108
9738,0.0085656,0.0000286,0.0000108
9739,0.0085634,0.0000285,0.0000108
9740,0.0085612,0.0000285,0.0000108
9741,0.0085591,0.0000285,0.0000108
9742,0.0085569,0.0000285,0.0000108
9743,0.0085548,0.0000285,0.0000108
9744,0.0085526,0.0000285,0.0000108
9745,0.0085505,0.0000285,0.0000108
9746,0.0085483,0.0000285,0.0000108
9747,0.0085462,0.0000285,0.0000108
9748,0.0085440,0.0000285,0.0000108
9749,0.0085419,0.0000285,0.0000108
9750,0.0085397,0.0000285,0.0000108
9751,0.0085376,0.0000284,0.0000108
9752,0.0085354,0.0000284,0.0000108
9753,0.0085333,0.0000284,0.0000107
9754,0.0085311,0.0000284,0.0000107
9755,0.0085290,0.0000284,0.0000107
9756,0.0085268,0.0000284,0.0000107
9757,0.0085247,0.0000284,0.0000107
9758,0.0085225,0.0000284,0.0000107
9759,0.0085204,0.0000284,0.0000107
9760,0.0085183,0.0000284,0.0000107
9761,0.0085161,0.0000284,0.0000107
9762,0.0085140,0.0000284,0.0000107
9763,0.0085118,0.0000284,0.0000107
9764,0.0085097,0.0000283,0.0000107
9765,0.0085075,0.0000283,0.0000107
9766,0.0085054,0.0000283,0.0000107
9767,0.0085033,0.0000283,0.0000107
9768,0.0085011,0.0000283,0.0000107
9769,0.0084990,0.0000283,0.0000107
9770,0.0084969,0.0000283,0.0000107
9771,0.0084947,0.0000283,0.0000107
9772,0.0084926,0.0000283,0.0000107
9773,0.0084904,0.0000283,0.0000107
9774,0.0084883,0.0000283,0.0000107
9775,0.0084862,0.0000283,0.0000107
9776,0.0084840,0.0000282,0.0000107
9777,0.0084819,0.0000282,0.0000107
9778,0.0084798,0.0000282,0.0000107
9779,0.0084776,0.0000282,0.0000107
9780,0.0084755,0.0000282,0.0000107
9781,0.0084734,0.0000282,0.0000107
9782,0.0084712,0.0000282,0.0000106
9783,0.0084691,0.0000282,0.0000106
9784,0.0084670,0.0000282,0.0000106
9785,0.0084649,0.0000282,0.0000106
9786,0.0084627,0.0000282,0.0000106
9787,0.0084606,0.0000282,0.0000106
9788,0.0084585,0.0000282,0.0000106
9789,0.0084564,0.0000281,0.0000106
9790,0.0084542,0.0000281,0.0000106
9791,0.0084521,0.0000281,0.0000106
9792,0.0084500,0.0000281,0.0000106
9793,0.0084479,0.0000281,0.0000106
9794,0.0084457,0.0000281,0.0000106
9795,0.0084436,0.0000281,0.0000106
9796,0.0084415,0.0000281,0.0000106
9797,0.0084394,0.0000281,0.0000106
9798,0.0084372,0.0000281,0.0000106
9799,0.0084351,0.0000281,0.0000106
9800,0.0084330,0.0000281,0.0000106
9801,0.0084309,0.0000281,0.0000106
9802,0.0084288,0.0000280,0.0000106
9803,0.0084266,0.0000280,0.0000106
9804,0.0084245,0.0000280,0.0000106
9805,0.0084224,0.0000280,0.0000106
9806,0.0084203,0.0000280,0.0000106
9807,0.0084182,0.0000280,0.0000106
9808,0.0084161,0.0000280,0.0000106
9809,0.0084139,0.0000280,0.0000106
9810,0.0084118,0.0000280,0.0000106
9811,0.0084097,0.0000280,0.0000106
9812,0.0084076,0.0000280,0.0000105
9813,0.0084055,0.0000280,0.0000105
9814,0.0084034,0.0000280,0.0000105
9815,0.0084013,0.0000279,0.0000105
9816,0.0083992,0.0000279,0.0000105
9817,0.0083971,0.0000279,0.0000105
9818,0.0083949,0.0000279,0.0000105
9819,0.0083928,0.0000279,0.0000105
9820,0.0083907,0.0000279,0.0000105
9821,0.0083886,0.0000279,0.0000105
9822,0.0083865,0.0000279,0.0000105
9823,0.0083844,0.0000279,0.0000105
9824,0.0083823,0.0000279,0.0000105
9825,0.0083802,0.0000279,0.0000105
9826,0.0083781,0.0000279,0.0000105
9827,0.0083760,0.0000278,0.0000105
9828,0.0083739,0.0000278,0.0000105
9829,0.0083718,0.0000278,0.0000105
9830,0.0083697,0.0000278,0.0000105
9831,0.0083676,0.0000278,0.0000105
9832,0.0083655,0.0000278,0.0000105
9833,0.0083634,0.0000278,0.0000105
9834,0.0083613,0.0000278,0.0000105
9835,0.0083592,0.0000278,0.0000105
9836,0.0083571,0.0000278,0.0000105
9837,0.0083550,0.0000278,0.0000105
9838,0.0083529,0.0000278,0.0000105
9839,0.0083508,0.0000278,0.0000105
9840,0.0083487,0.0000277,0.0000105
9841,0.0083466,0.0000277,0.0000105
9842,0.0083445,0.0000277,0.0000104
9843,0.0083424,0.0000277,0.0000104
9844,0.0083403,0.0000277,0.0000104
9845,0.0083382,0.0000277,0.0000104
9846,0.0083361,0.0000277,0.0000104
9847,0.0083340,0.0000277,0.0000104
9848,0.0083319,0.0000277,0.0000104
9849,0.0083299,0.0000277,0.0000104
9850,0.0083278,0.0000277,0.0000104
9851,0.0083257,0.0000277,0.0000104
9852,0.0083236,0.0000277,0.0000104
9853,0.0083215,0.0000276,0.0000104
9854,0.0083194,0.0000276,0.0000104
9855,0.0083173,0.0000276,0.0000104
9856,0.0083152,0.0000276,0.0000104
9857,0.0083131,0.0000276,0.0000104
9858,0.0083111,0.0000276,0.0000104
9859,0.0083090,0.0000276,0.0000104
9860,0.0083069,0.0000276,0.0000104
9861,0.0083048,0.0000276,0.0000104
9862,0.0083027,0.0000276,0.0000104
9863,0.0083006,0.0000276,0.0000104
9864,0.0082986,0.0000276,0.0000104
9865,0.0082965,0.0000276,0.0000104
9866,0.0082944,0.0000275,0.0000104
9867,0.0082923,0.0000275,0.0000104
9868,0.0082902,0.0000275,0.0000104
9869,0.0082882,0.0000275,0.0000104
9870,0.0082861,0.0000275,0.0000104
9871,0.0082840,0.0000275,0.0000104
9872,0.0082819,0.0000275,0.0000103
9873,0.0082798,0.0000275,0.0000103
9874,0.0082778,0.0000275,0.0000103
9875,0.0082757,0.0000275,0.0000103
9876,0.0082736,0.0000275,0.0000103
9877,0.0082715,0.0000275,0.0000103
9878,0.0082695,0.0000275,0.0000103
9879,0.0082674,0.0000274,0.0000103
9880,0.0082653,0.0000274,0.0000103
9881,0.0082632,0.0000274,0.0000103
9882,0.0082612,0.0000274,0.0000103
9883,0.0082591,0.0000274,0.0000103
9884,0.0082570,0.0000274,0.0000103
9885,0.0082550,0.0000274,0.0000103
9886,0.0082529,0.0000274,0.0000103
9887,0.0082508,0.0000274,0.0000103
9888,0.0082488,0.0000274,0.0000103
9889,0.0082467,0.0000274,0.0000103
9890,0.0082446,0.0000274,0.0000103
9891,0.0082426,0.0000274,0.0000103
9892,0.0082405,0.0000273,0.0000103
9893,0.0082384,0.0000273,0.0000103
9894,0.0082364,0.0000273,0.0000103
9895,0.0082343,0.0000273,0.0000103
9896,0.0082322,0.0000273,0.0000103
9897,0.0082302,0.0000273,0.0000103
9898,0.0082281,0.0000273,0.0000103
9899,0.0082260,0.0000273,0.0000103
9900,0.0082240,0.0000273,0.0000103
9901,0.0082219,0.0000273,0.0000103
9902,0.0082199,0.0000273,0.0000103
9903,0.0082178,0.0000273,0.0000102
9904,0.0082157,0.0000273,0.0000102
9905,0.0082137,0.0000272,0.0000102
9906,0.0082116,0.0000272,0.0000102
9907,0.0082096,0.0000272,0.0000102
9908,0.0082075,0.0000272,0.0000102
9909,0.0082054,0.0000272,0.0000102
9910,0.0082034,0.0000272,0.0000102
9911,0.0082013,0.0000272,0.0000102
9912,0.0081993,0.0000272,0.0000102
9913,0.0081972,0.0000272,0.0000102
9914,0.0081952,0.0000272,0.0000102
9915,0.0081931,0.0000272,0.0000102
9916,0.0081911,0.0000272,0.0000102
9917,0.0081890,0.0000272,0.0000102
9918,0.0081870,0.0000272,0.0000102
9919,0.0081849,0.0000271,0.0000102
9920,0.0081829,0.0000271,0.0000102
9921,0.0081808,0.0000271,0.0000102
9922,0.0081788,0.0000271,0.0000102
9923,0.0081767,0.0000271,0.0000102
9924,0.0081747,0.0000271,0.0000102
9925,0.0081726,0.0000271,0.0000102
9926,0.0081706,0.0000271,0.0000102
9927,0.0081685,0.0000271,0.0000102
9928,0.0081665,0.0000271,0.0000102
9929,0.0081644,0.0000271,0.0000102
9930,0.0081624,0.0000271,0.0000102
9931,0.0081603,0.0000271,0.0000102
9932,0.0081583,0.0000270,0.0000102
9933,0.0081563,0.0000270,0.0000102
9934,0.0081542,0.0000270,0.0000101
9935,0.0081522,0.0000270,0.0000101
9936,0.0081501,0.0000270,0.0000101
9937,0.0081481,0.0000270,0.0000101
9938,0.0081461,0.0000270,0.0000101
9939,0.0081440,0.0000270,0.0000101
9940,0.0081420,0.0000270,0.0000101
9941,0.0081399,0.0000270,0.0000101
9942,0.0081379,0.0000270,0.0000101
9943,0.0081359,0.0000270,0.0000101
9944,0.0081338,0.0000270,0.0000101
9945,0.0081318,0.0000269,0.0000101
9946,0.0081298,0.0000269,0.0000101
9947,0.0081277,0.0000269,0.0000101
9948,0.0081257,0.0000269,0.0000101
9949,0.0081237,0.0000269,0.0000101
9950,0.0081216,0.0000269,0.0000101
9951,0.0081196,0.0000269,0.0000101
9952,0.0081176,0.0000269,0.0000101
9953,0.0081155,0.0000269,0.0000101
9954,0.0081135,0.0000269,0.0000101
9955,0.0081115,0.0000269,0.0000101
9956,0.0081094,0.0000269,0.0000101
9957,0.0081074,0.0000269,0.0000101
9958,0.0081054,0.0000269,0.0000101
9959,0.0081033,0.0000268,0.0000101
9960,0.0081013,0.0000268,0.0000101
9961,0.0080993,0.0000268,0.0000101
9962,0.0080973,0.0000268,0.0000101
9963,0.0080952,0.0000268,0.0000101
9964,0.0080932,0.0000268,0.0000101
9965,0.0080912,0.0000268,0.0000101
9966,0.0080892,0.0000268,0.0000100
9967,0.0080871,0.0000268,0.0000100
9968,0.0080851,0.0000268,0.0000100
9969,0.0080831,0.0000268,0.0000100
9970,0.0080811,0.0000268,0.0000100
9971,0.0080791,0.0000268,0.0000100
9972,0.0080770,0.0000267,0.0000100
9973,0.0080750,0.0000267,0.0000100
9974,0.0080730,0.0000267,0.0000100
9975,0.0080710,0.0000267,0.0000100
9976,0.0080690,0.0000267,0.0000100
9977,0.0080669,0.0000267,0.0000100
9978,0.0080649,0.0000267,0.0000100
9979,0.0080629,0.0000267,0.0000100
9980,0.0080609,0.0000267,0.0000100
9981,0.0080589,0.0000267,0.0000100
9982,0.0080569,0.0000267,0.0000100
9983,0.0080548,0.0000267,0.0000100
9984,0.0080528,0.0000267,0.0000100
9985,0.0080508,0.0000266,0.0000100
9986,0.0080488,0.0000266,0.0000100
9987,0.0080468,0.0000266,0.0000100
9988,0.0080448,0.0000266,0.0000100
9989,0.0080428,0.0000266,0.0000100
9990,0.0080408,0.0000266,0.0000100
9991,0.0080387,0.0000266,0.0000100
9992,0.0080367,0.0000266,0.0000100
9993,0.0080347,0.0000266,0.0000100
9994,0.0080327,0.0000266,0.0000100
9995,0.0080307,0.0000266,0.0000100
9996,0.0080287,0.0000266,0.0000100
9997,0.0080267,0.0000266,0.0000100
9998,0.0080247,0.0000266,0.0000099
9999,0.0080227,0.0000265,0.0000099
10000,0.0080207,0.0000265,0.0000099
10001,0.0080187,0.0000265,0.0000099
10002,0.0080167,0.0000265,0.0000099
10003,0.0080147,0.0000265,0.0000099
10004,0.0080127,0.0000265,0.0000099
10005,0.0080107,0.0000265,0.0000099
10006,0.0080087,0.0000265,0.0000099
10007,0.0080067,0.0000265,0.0000099
10008,0.0080047,0.0000265,0.0000099
10009,0.0080027,0.0000265,0.0000099
10010,0.0080007,0.0000265,0.0000099
10011,0.0079987,0.0000265,0.0000099
10012,0.0079967,0.0000264,0.0000099
10013,0.0079947,0.0000264,0.0000099
10014,0.0079927,0.0000264,0.0000099
10015,0.0079907,0.0000264,0.0000099
10016,0.0079887,0.0000264,0.0000099
10017,0.0079867,0.0000264,0.0000099
10018,0.0079847,0.0000264,0.0000099
10019,0.0079827,0.0000264,0.0000099
10020,0.0079807,0.0000264,0.0000099
10021,0.0079787,0.0000264,0.0000099
10022,0.0079767,0.0000264,0.0000099
10023,0.0079747,0.0000264,0.0000099
10024,0.0079727,0.0000264,0.0000099
10025,0.0079707,0.0000264,0.0000099
10026,0.0079687,0.0000263,0.0000099
10027,0.0079667,0.0000263,0.0000099
10028,0.0079648,0.0000263,0.0000099
10029,0.0079628,0.0000263,0.0000099
10030,0.0079608,0.0000263,0.0000098
10031,0.0079588,0.0000263,0.0000098
10032,0.0079568,0.0000263,0.0000098
10033,0.0079548,0.0000263,0.0000098
10034,0.0079528,0.0000263,0.0000098
10035,0.0079508,0.0000263,0.0000098
10036,0.0079489,0.0000263,0.0000098
10037,0.0079469,0.0000263,0.0000098
10038,0.0079449,0.0000263,0.0000098
10039,0.0079429,0.0000263,0.0000098
10040,0.0079409,0.0000262,0.0000098
10041,0.0079389,0.0000262,0.0000098
10042,0.0079370,0.0000262,0.0000098
10043,0.0079350,0.0000262,0.0000098
10044,0.0079330,0.0000262,0.0000098
10045,0.0079310,0.0000262,0.0000098
10046,0.0079290,0.0000262,0.0000098
10047,0.0079271,0.0000262,0.0000098
10048,0.0079251,0.0000262,0.0000098
10049,0.0079231,0.0000262,0.0000098
10050,0.0079211,0.0000262,0.0000098
10051,0.0079191,0.0000262,0.0000098
10052,0.0079172,0.0000262,0.0000098
10053,0.0079152,0.0000262,0.0000098
10054,0.0079132,0.0000261,0.0000098
10055,0.0079112,0.0000261,0.0000098
10056,0.0079093,0.0000261,0.0000098
10057,0.0079073,0.0000261,0.0000098
10058,0.0079053,0.0000261,0.0000098
10059,0.0079034,0.0000261,0.0000098
10060,0.0079014,0.0000261,0.0000098
10061,0.0078994,0.0000261,0.0000098
10062,0.0078974,0.0000261,0.0000098
10063,0.0078955,0.0000261,0.0000097
10064,0.0078935,0.0000261,0.0000097
10065,0.0078915,0.0000261,0.0000097
10066,0.0078896,0.0000261,0.0000097
10067,0.0078876,0.0000260,0.0000097
10068,0.0078856,0.0000260,0.0000097
10069,0.0078837,0.0000260,0.0000097
10070,0.0078817,0.0000260,0.0000097
10071,0.0078797,0.0000260,0.0000097
10072,0.0078778,0.0000260,0.0000097
10073,0.0078758,0.0000260,0.0000097
10074,0.0078738,0.0000260,0.0000097
10075,0.0078719,0.0000260,0.0000097
10076,0.0078699,0.0000260,0.0000097
10077,0.0078679,0.0000260,0.0000097
10078,0.0078660,0.0000260,0.0000097
10079,0.0078640,0.0000260,0.0000097
10080,0.0078621,0.0000260,0.0000097
10081,0.0078601,0.0000259,0.0000097
10082,0.0078581,0.0000259,0.0000097
10083,0.0078562,0.0000259,0.0000097
10084,0.0078542,0.0000259,0.0000097
10085,0.0078523,0.0000259,0.0000097
10086,0.0078503,0.0000259,0.0000097
10087,0.0078483,0.0000259,0.0000097
10088,0.0078464,0.0000259,0.0000097
10089,0.0078444,0.0000259,0.0000097
10090,0.0078425,0.0000259,0.0000097
10091,0.0078405,0.0000259,0.0000097
10092,0.0078386,0.0000259,0.0000097
10093,0.0078366,0.0000259,0.0000097
10094,0.0078347,0.0000259,0.0000097
10095,0.0078327,0.0000258,0.0000097
10096,0.0078307,0.0000258,0.0000096
10097,0.0078288,0.0000258,0.0000096
10098,0.0078268,0.0000258,0.0000096
10099,0.0078249,0.0000258,0.0000096
10100,0.0078229,0.0000258,0.0000096
10101,0.0078210,0.0000258,0.0000096
10102,0.0078190,0.0000258,0.0000096
10103,0.0078171,0.0000258,0.0000096
10104,0.0078151,0.0000258,0.0000096
10105,0.0078132,0.0000258,0.0000096
10106,0.0078113,0.0000258,0.0000096
10107,0.0078093,0.0000258,0.0000096
10108,0.0078074,0.0000258,0.0000096
10109,0.0078054,0.0000257,0.0000096
10110,0.0078035,0.0000257,0.0000096
10111,0.0078015,0.0000257,0.0000096
10112,0.0077996,0.0000257,0.0000096
10113,0.0077976,0.0000257,0.0000096
10114,0.0077957,0.0000257,0.0000096
10115,0.0077938,0.0000257,0.0000096
10116,0.0077918,0.0000257,0.0000096
10117,0.0077899,0.0000257,0.0000096
10118,0.0077879,0.0000257,0.0000096
10119,0.0077860,0.0000257,0.0000096
10120,0.0077840,0.0000257,0.0000096
10121,0.0077821,0.0000257,0.0000096
10122,0.0077802,0.0000257,0.0000096
10123,0.0077782,0.0000256,0.0000096
10124,0.0077763,0.0000256,0.0000096
10125,0.0077744,0.0000256,0.0000096
10126,0.0077724,0.0000256,0.0000096
10127,0.0077705,0.0000256,0.0000096
10128,0.0077685,0.0000256,0.0000096
10129,0.0077666,0.0000256,0.0000095
10130,0.0077647,0.0000256,0.0000095
10131,0.0077627,0.0000256,0.0000095
10132,0.0077608,0.0000256,0.0000095
10133,0.0077589,0.0000256,0.0000095
10134,0.0077569,0.0000256,0.0000095
10135,0.0077550,0.0000256,0.0000095
10136,0.0077531,0.0000256,0.0000095
10137,0.0077512,0.0000255,0.0000095
10138,0.0077492,0.0000255,0.0000095
10139,0.0077473,0.0000255,0.0000095
10140,0.0077454,0.0000255,0.0000095
10141,0.0077434,0.0000255,0.0000095
10142,0.0077415,0.0000255,0.0000095
10143,0.0077396,0.0000255,0.0000095
10144,0.0077377,0.0000255,0.0000095
10145,0.0077357,0.0000255,0.0000095
10146,0.0077338,0.0000255,0.0000095
10147,0.0077319,0.0000255,0.0000095
10148,0.0077300,0.0000255,0.0000095
10149,0.0077280,0.0000255,0.0000095
10150,0.0077261,0.0000255,0.0000095
10151,0.0077242,0.0000254,0.0000095
10152,0.0077223,0.0000254,0.0000095
10153,0.0077203,0.0000254,0.0000095
10154,0.0077184,0.0000254,0.0000095
10155,0.0077165,0.0000254,0.0000095
10156,0.0077146,0.0000254,0.0000095
10157,0.0077127,0.0000254,0.0000095
10158,0.0077107,0.0000254,0.0000095
10159,0.0077088,0.0000254,0.0000095
10160,0.0077069,0.0000254,0.0000095
10161,0.0077050,0.0000254,0.0000095
10162,0.0077031,0.0000254,0.0000095
10163,0.0077011,0.0000254,0.0000094
10164,0.0076992,0.0000254,0.0000094
10165,0.0076973,0.0000254,0.0000094
10166,0.0076954,0.0000253,0.0000094
10167,0.0076935,0.0000253,0.0000094
10168,0.0076916,0.0000253,0.0000094
10169,0.0076897,0.0000253,0.0000094
10170,0.0076877,0.0000253,0.0000094
10171,0.0076858,0.0000253,0.0000094
10172,0.0076839,0.0000253,0.0000094
10173,0.0076820,0.0000253,0.0000094
10174,0.0076801,0.0000253,0.0000094
10175,0.0076782,0.0000253,0.0000094
10176,0.0076763,0.0000253,0.0000094
10177,0.0076744,0.0000253,0.0000094
10178,0.0076725,0.0000253,0.0000094
10179,0.0076706,0.0000253,0.0000094
10180,0.0076686,0.0000252,0.0000094
10181,0.0076667,0.0000252,0.0000094
10182,0.0076648,0.0000252,0.0000094
10183,0.0076629,0.0000252,0.0000094
10184,0.0076610,0.0000252,0.0000094
10185,0.0076591,0.0000252,0.0000094
10186,0.0076572,0.0000252,0.0000094
10187,0.0076553,0.0000252,0.0000094
10188,0.0076534,0.0000252,0.0000094
10189,0.0076515,0.0000252,0.0000094
10190,0.0076496,0.0000252,0.0000094
10191,0.0076477,0.0000252,0.0000094
10192,0.0076458,0.0000252,0.0000094
10193,0.0076439,0.0000252,0.0000094
10194,0.0076420,0.0000251,0.0000094
10195,0.0076401,0.0000251,0.0000094
10196,0.0076382,0.0000251,0.0000094
10197,0.0076363,0.0000251,0.0000094
10198,0.0076344,0.0000251,0.0000093
10199,0.0076325,0.0000251,0.0000093
10200,0.0076306,0.0000251,0.0000093
10201,0.0076287,0.0000251,0.0000093
10202,0.0076268,0.0000251,0.0000093
10203,0.0076249,0.0000251,0.0000093
10204,0.0076230,0.0000251,0.0000093
10205,0.0076211,0.0000251,0.0000093
10206,0.0076192,0.0000251,0.0000093
10207,0.0076173,0.0000251,0.0000093
10208,0.0076154,0.0000251,0.0000093
10209,0.0076136,0.0000250,0.0000093
10210,0.0076117,0.0000250,0.0000093
10211,0.0076098,0.0000250,0.0000093
10212,0.0076079,0.0000250,0.0000093
10213,0.0076060,0.0000250,0.0000093
10214,0.0076041,0.0000250,0.0000093
10215,0.0076022,0.0000250,0.0000093
10216,0.0076003,0.0000250,0.0000093
10217,0.0075984,0.0000250,0.0000093
10218,0.0075965,0.0000250,0.0000093
10219,0.0075947,0.0000250,0.0000093
10220,0.0075928,0.0000250,0.0000093
10221,0.0075909,0.0000250,0.0000093
10222,0.0075890,0.0000250,0.0000093
10223,0.0075871,0.0000249,0.0000093
10224,0.0075852,0.0000249,0.0000093
10225,0.0075833,0.0000249,0.0000093
10226,0.0075815,0.0000249,0.0000093
10227,0.0075796,0.0000249,0.0000093
10228,0.0075777,0.0000249,0.0000093
10229,0.0075758,0.0000249,0.0000093
10230,0.0075739,0.0000249,0.0000093
10231,0.0075720,0.0000249,0.0000093
10232,0.0075702,0.0000249,0.0000093
10233,0.0075683,0.0000249,0.0000092
10234,0.0075664,0.0000249,0.0000092
10235,0.0075645,0.0000249,0.0000092
10236,0.0075627,0.0000249,0.0000092
10237,0.0075608,0.0000249,0.0000092
10238,0.0075589,0.0000248,0.0000092
10239,0.0075570,0.0000248,0.0000092
10240,0.0075551,0.0000248,0.0000092
10241,0.0075533,0.0000248,0.0000092
10242,0.0075514,0.0000248,0.0000092
10243,0.0075495,0.0000248,0.0000092
10244,0.0075476,0.0000248,0.0000092
10245,0.0075458,0.0000248,0.0000092
10246,0.0075439,0.0000248,0.0000092
10247,0.0075420,0.0000248,0.0000092
10248,0.0075402,0.0000248,0.0000092
10249,0.0075383,0.0000248,0.0000092
10250,0.0075364,0.0000248,0.0000092
10251,0.0075345,0.0000248,0.0000092
10252,0.0075327,0.0000247,0.0000092
10253,0.0075308,0.0000247,0.0000092
10254,0.0075289,0.0000247,0.0000092
10255,0.0075271,0.0000247,0.0000092
10256,0.0075252,0.0000247,0.0000092
10257,0.0075233,0.0000247,0.0000092
10258,0.0075215,0.0000247,0.0000092
10259,0.0075196,0.0000247,0.0000092
10260,0.0075177,0.0000247,0.0000092
10261,0.0075159,0.0000247,0.0000092
10262,0.0075140,0.0000247,0.0000092
10263,0.0075121,0.0000247,0.0000092
10264,0.0075103,0.0000247,0.0000092
10265,0.0075084,0.0000247,0.0000092
10266,0.0075065,0.0000247,0.0000092
10267,0.0075047,0.0000246,0.0000092
10268,0.0075028,0.0000246,0.0000091
10269,0.0075010,0.0000246,0.0000091
10270,0.0074991,0.0000246,0.0000091
10271,0.0074972,0.0000246,0.0000091
10272,0.0074954,0.0000246,0.0000091
10273,0.0074935,0.0000246,0.0000091
10274,0.0074917,0.0000246,0.0000091
10275,0.0074898,0.0000246,0.0000091
10276,0.0074879,0.0000246,0.0000091
10277,0.0074861,0.0000246,0.0000091
10278,0.0074842,0.0000246,0.0000091
10279,0.0074824,0.0000246,0.0000091
10280,0.0074805,0.0000246,0.0000091
10281,0.0074787,0.0000245,0.0000091
10282,0.0074768,0.0000245,0.0000091
10283,0.0074749,0.0000245,0.0000091
10284,0.0074731,0.0000245,0.0000091
10285,0.0074712,0.0000245,0.0000091
10286,0.0074694,0.0000245,0.0000091
10287,0.0074675,0.0000245,0.0000091
10288,0.0074657,0.0000245,0.0000091
10289,0.0074638,0.0000245,0.0000091
10290,0.0074620,0.0000245,0.0000091
10291,0.0074601,0.0000245,0.0000091
10292,0.0074583,0.0000245,0.0000091
10293,0.0074564,0.0000245,0.0000091
10294,0.0074546,0.0000245,0.0000091
10295,0.0074527,0.0000245,0.0000091
10296,0.0074509,0.0000244,0.0000091
10297,0.0074490,0.0000244,0.0000091
10298,0.0074472,0.0000244,0.0000091
10299,0.0074453,0.0000244,0.0000091
10300,0.0074435,0.0000244,0.0000091
10301,0.0074417,0.0000244,0.0000091
10302,0.0074398,0.0000244,0.0000091
10303,0.0074380,0.0000244,0.0000091
10304,0.0074361,0.0000244,0.0000090
10305,0.0074343,0.0000244,0.0000090
10306,0.0074324,0.0000244,0.0000090
10307,0.0074306,0.0000244,0.0000090
10308,0.0074288,0.0000244,0.0000090
10309,0.0074269,0.0000244,0.0000090
10310,0.0074251,0.0000244,0.0000090
10311,0.0074232,0.0000243,0.0000090
10312,0.0074214,0.0000243,0.0000090
10313,0.0074196,0.0000243,0.0000090
10314,0.0074177,0.0000243,0.0000090
10315,0.0074159,0.0000243,0.0000090
10316,0.0074140,0.0000243,0.0000090
10317,0.0074122,0.0000243,0.0000090
10318,0.0074104,0.0000243,0.0000090
10319,0.0074085,0.0000243,0.0000090
10320,0.0074067,0.0000243,0.0000090
10321,0.0074049,0.0000243,0.0000090
10322,0.0074030,0.0000243,0.0000090
10323,0.0074012,0.0000243,0.0000090
10324,0.0073994,0.0000243,0.0000090
10325,0.0073975,0.0000243,0.0000090
10326,0.0073957,0.0000242,0.0000090
10327,0.0073939,0.0000242,0.0000090
10328,0.0073920,0.0000242,0.0000090
10329,0.0073902,0.0000242,0.0000090
10330,0.0073884,0.0000242,0.0000090
10331,0.0073865,0.0000242,0.0000090
10332,0.0073847,0.0000242,0.0000090
10333,0.0073829,0.0000242,0.0000090
10334,0.0073811,0.0000242,0.0000090
10335,0.0073792,0.0000242,0.0000090
10336,0.0073774,0.0000242,0.0000090
10337,0.0073756,0.0000242,0.0000090
10338,0.0073737,0.0000242,0.0000090
10339,0.0073719,0.0000242,0.0000090
10340,0.0073701,0.0000242,0.0000090
10341,0.0073683,0.0000241,0.0000089
10342,0.0073664,0.0000241,0.0000089
10343,0.0073646,0.0000241,0.0000089
10344,0.0073628,0.0000241,0.0000089
10345,0.0073610,0.0000241,0.0000089
10346,0.0073592,0.0000241,0.0000089
10347,0.0073573,0.0000241,0.0000089
10348,0.0073555,0.0000241,0.0000089
10349,0.0073537,0.0000241,0.0000089
10350,0.0073519,0.0000241,0.0000089
10351,0.0073501,0.0000241,0.0000089
10352,0.0073482,0.0000241,0.0000089
10353,0.0073464,0.0000241,0.0000089
10354,0.0073446,0.0000241,0.0000089
10355,0.0073428,0.0000241,0.0000089
10356,0.0073410,0.0000240,0.0000089
10357,0.0073391,0.0000240,0.0000089
10358,0.0073373,0.0000240,0.0000089
10359,0.0073355,0.0000240,0.0000089
10360,0.0073337,0.0000240,0.0000089
10361,0.0073319,0.0000240,0.0000089
10362,0.0073301,0.0000240,0.0000089
10363,0.0073283,0.0000240,0.0000089
10364,0.0073264,0.0000240,0.0000089
10365,0.0073246,0.0000240,0.0000089
10366,0.0073228,0.0000240,0.0000089
10367,0.0073210,0.0000240,0.0000089
10368,0.0073192,0.0000240,0.0000089
10369,0.0073174,0.0000240,0.0000089
10370,0.0073156,0.0000240,0.0000089
10371,0.0073138,0.0000239,0.0000089
10372,0.0073120,0.0000239,0.0000089
10373,0.0073101,0.0000239,0.0000089
10374,0.0073083,0.0000239,0.0000089
10375,0.0073065,0.0000239,0.0000089
10376,0.0073047,0.0000239,0.0000089
10377,0.0073029,0.0000239,0.0000089
10378,0.0073011,0.0000239,0.0000088
10379,0.0072993,0.0000239,0.0000088
10380,0.0072975,0.0000239,0.0000088
10381,0.0072957,0.0000239,0.0000088
10382,0.0072939,0.0000239,0.0000088
10383,0.0072921,0.0000239,0.0000088
10384,0.0072903,0.0000239,0.0000088
10385,0.0072885,0.0000239,0.0000088
10386,0.0072867,0.0000238,0.0000088
10387,0.0072849,0.0000238,0.0000088
10388,0.0072831,0.0000238,0.0000088
10389,0.0072813,0.0000238,0.0000088
10390,0.0072795,0.0000238,0.0000088
10391,0.0072777,0.0000238,0.0000088
10392,0.0072759,0.0000238,0.0000088
10393,0.0072741,0.0000238,0.0000088
10394,0.0072723,0.0000238,0.0000088
10395,0.0072705,0.0000238,0.0000088
10396,0.0072687,0.0000238,0.0000088
10397,0.0072669,0.0000238,0.0000088
10398,0.0072651,0.0000238,0.0000088
10399,0.0072633,0.0000238,0.0000088
10400,0.0072615,0.0000238,0.0000088
10401,0.0072597,0.0000238,0.0000088
10402,0.0072579,0.0000237,0.0000088
10403,0.0072561,0.0000237,0.0000088
10404,0.0072543,0.0000237,0.0000088
10405,0.0072525,0.0000237,0.0000088
10406,0.0072507,0.0000237,0.0000088
10407,0.0072489,0.0000237,0.0000088
10408,0.0072471,0.0000237,0.0000088
10409,0.0072454,0.0000237,0.0000088
10410,0.0072436,0.0000237,0.0000088
10411,0.0072418,0.0000237,0.0000088
10412,0.0072400,0.0000237,0.0000088
10413,0.0072382,0.0000237,0.0000088
10414,0.0072364,0.0000237,0.0000088
10415,0.0072346,0.0000237,0.0000087
10416,0.0072328,0.0000237,0.0000087
10417,0.0072310,0.0000236,0.0000087
10418,0.0072293,0.0000236,0.0000087
10419,0.0072275,0.0000236,0.0000087
10420,0.0072257,0.0000236,0.0000087
10421,0.0072239,0.0000236,0.0000087
10422,0.0072221,0.0000236,0.0000087
10423,0.0072203,0.0000236,0.0000087
10424,0.0072186,0.0000236,0.0000087
10425,0.0072168,0.0000236,0.0000087
10426,0.0072150,0.0000236,0.0000087
10427,0.0072132,0.0000236,0.0000087
10428,0.0072114,0.0000236,0.0000087
10429,0.0072096,0.0000236,0.0000087
10430,0.0072079,0.0000236,0.0000087
10431,0.0072061,0.0000236,0.0000087
10432,0.0072043,0.0000235,0.0000087
10433,0.0072025,0.0000235,0.0000087
10434,0.0072007,0.0000235,0.0000087
10435,0.0071990,0.0000235,0.0000087
10436,0.0071972,0.0000235,0.0000087
10437,0.0071954,0.0000235,0.0000087
10438,0.0071936,0.0000235,0.0000087
10439,0.0071919,0.0000235,0.0000087
10440,0.0071901,0.0000235,0.0000087
10441,0.0071883,0.0000235,0.0000087
10442,0.0071865,0.0000235,0.0000087
10443,0.0071848,0.0000235,0.0000087
10444,0.0071830,0.0000235,0.0000087
10445,0.0071812,0.0000235,0.0000087
10446,0.0071794,0.0000235,0.0000087
10447,0.0071777,0.0000235,0.0000087
10448,0.0071759,0.0000234,0.0000087
10449,0.0071741,0.0000234,0.0000087
10450,0.0071724,0.0000234,0.0000087
10451,0.0071706,0.0000234,0.0000087
10452,0.0071688,0.0000234,0.0000087
10453,0.0071670,0.0000234,0.0000086
10454,0.0071653,0.0000234,0.0000086
10455,0.0071635,0.0000234,0.0000086
10456,0.0071617,0.0000234,0.0000086
10457,0.0071600,0.0000234,0.0000086
10458,0.0071582,0.0000234,0.0000086
10459,0.0071564,0.0000234,0.0000086
10460,0.0071547,0.0000234,0.0000086
10461,0.0071529,0.0000234,0.0000086
10462,0.0071511,0.0000234,0.0000086
10463,0.0071494,0.0000233,0.0000086
10464,0.0071476,0.0000233,0.0000086
10465,0.0071458,0.0000233,0.0000086
10466,0.0071441,0.0000233,0.0000086
10467,0.0071423,0.0000233,0.0000086
10468,0.0071406,0.0000233,0.0000086
10469,0.0071388,0.0000233,0.0000086
10470,0.0071370,0.0000233,0.0000086
10471,0.0071353,0.0000233,0.0000086
10472,0.0071335,0.0000233,0.0000086
10473,0.0071318,0.0000233,0.0000086
10474,0.0071300,0.0000233,0.0000086
10475,0.0071282,0.0000233,0.0000086
10476,0.0071265,0.0000233,0.0000086
10477,0.0071247,0.0000233,0.0000086
10478,0.0071230,0.0000233,0.0000086
10479,0.0071212,0.0000232,0.0000086
10480,0.0071195,0.0000232,0.0000086
10481,0.0071177,0.0000232,0.0000086
10482,0.0071159,0.0000232,0.0000086
10483,0.0071142,0.0000232,0.0000086
10484,0.0071124,0.0000232,0.0000086
10485,0.0071107,0.0000232,0.0000086
10486,0.0071089,0.0000232,0.0000086
10487,0.0071072,0.0000232,0.0000086
10488,0.0071054,0.0000232,0.0000086
10489,0.0071037,0.0000232,0.0000086
10490,0.0071019,0.0000232,0.0000086
10491,0.0071002,0.0000232,0.0000086
10492,0.0070984,0.0000232,0.0000085
10493,0.0070967,0.0000232,0.0000085
10494,0.0070949,0.0000232,0.0000085
10495,0.0070932,0.0000231,0.0000085
10496,0.0070914,0.0000231,0.0000085
10497,0.0070897,0.0000231,0.0000085
10498,0.0070879,0.0000231,0.0000085
10499,0.0070862,0.0000231,0.0000085
10500,0.0070844,0.0000231,0.0000085
10501,0.0070827,0.0000231,0.0000085
10502,0.0070809,0.0000231,0.0000085
10503,0.0070792,0.0000231,0.0000085
10504,0.0070774,0.0000231,0.0000085
10505,0.0070757,0.0000231,0.0000085
10506,0.0070740,0.0000231,0.0000085
10507,0.0070722,0.0000231,0.0000085
10508,0.0070705,0.0000231,0.0000085
10509,0.0070687,0.0000231,0.0000085
10510,0.0070670,0.0000230,0.0000085
10511,0.0070652,0.0000230,0.0000085
10512,0.0070635,0.0000230,0.0000085
10513,0.0070618,0.0000230,0.0000085
10514,0.0070600,0.0000230,0.0000085
10515,0.0070583,0.0000230,0.0000085
10516,0.0070565,0.0000230,0.0000085
10517,0.0070548,0.0000230,0.0000085
10518,0.0070531,0.0000230,0.0000085
10519,0.0070513,0.0000230,0.0000085
10520,0.0070496,0.0000230,0.0000085
10521,0.0070479,0.0000230,0.0000085
10522,0.0070461,0.0000230,0.0000085
10523,0.0070444,0.0000230,0.0000085
10524,0.0070427,0.0000230,0.0000085
10525,0.0070409,0.0000230,0.0000085
10526,0.0070392,0.0000229,0.0000085
10527,0.0070374,0.0000229,0.0000085
10528,0.0070357,0.0000229,0.0000085
10529,0.0070340,0.0000229,0.0000085
10530,0.0070322,0.0000229,0.0000085
10531,0.0070305,0.0000229,0.0000084
10532,0.0070288,0.0000229,0.0000084
10533,0.0070271,0.0000229,0.0000084
10534,0.0070253,0.0000229,0.0000084
10535,0.0070236,0.0000229,0.0000084
10536,0.0070219,0.0000229,0.0000084
10537,0.0070201,0.0000229,0.0000084
10538,0.0070184,0.0000229,0.0000084
10539,0.0070167,0.0000229,0.0000084
10540,0.0070150,0.0000229,0.0000084
10541,0.0070132,0.0000229,0.0000084
10542,0.0070115,0.0000228,0.0000084
10543,0.0070098,0.0000228,0.0000084
10544,0.0070080,0.0000228,0.0000084
10545,0.0070063,0.0000228,0.0000084
10546,0.0070046,0.0000228,0.0000084
10547,0.0070029,0.0000228,0.0000084
10548,0.0070011,0.0000228,0.0000084
10549,0.0069994,0.0000228,0.0000084
10550,0.0069977,0.0000228,0.0000084
10551,0.0069960,0.0000228,0.0000084
10552,0.0069943,0.0000228,0.0000084
10553,0.0069925,0.0000228,0.0000084
10554,0.0069908,0.0000228,0.0000084
10555,0.0069891,0.0000228,0.0000084
10556,0.0069874,0.0000228,0.0000084
10557,0.0069857,0.0000228,0.0000084
10558,0.0069839,0.0000227,0.0000084
10559,0.0069822,0.0000227,0.0000084
10560,0.0069805,0.0000227,0.0000084
10561,0.0069788,0.0000227,0.0000084
10562,0.0069771,0.0000227,0.0000084
10563,0.0069753,0.0000227,0.0000084
10564,0.0069736,0.0000227,0.0000084
10565,0.0069719,0.0000227,0.0000084
10566,0.0069702,0.0000227,0.0000084
10567,0.0069685,0.0000227,0.0000084
10568,0.0069668,0.0000227,0.0000084
10569,0.0069651,0.0000227,0.0000084
10570,0.0069633,0.0000227,0.0000083
10571,0.0069616,0.0000227,0.0000083
10572,0.0069599,0.0000227,0.0000083
10573,0.0069582,0.0000227,0.0000083
10574,0.0069565,0.0000226,0.0000083
10575,0.0069548,0.0000226,0.0000083
10576,0.0069531,0.0000226,0.0000083
10577,0.0069514,0.0000226,0.0000083
10578,0.0069497,0.0000226,0.0000083
10579,0.0069479,0.0000226,0.0000083
10580,0.0069462,0.0000226,0.0000083
10581,0.0069445,0.0000226,0.0000083
10582,0.0069428,0.0000226,0.0000083
10583,0.0069411,0.0000226,0.0000083
10584,0.0069394,0.0000226,0.0000083
10585,0.0069377,0.0000226,0.0000083
10586,0.0069360,0.0000226,0.0000083
10587,0.0069343,0.0000226,0.0000083
10588,0.0069326,0.0000226,0.0000083
10589,0.0069309,0.0000226,0.0000083
10590,0.0069292,0.0000225,0.0000083
10591,0.0069275,0.0000225,0.0000083
10592,0.0069258,0.0000225,0.0000083
10593,0.0069241,0.0000225,0.0000083
10594,0.0069224,0.0000225,0.0000083
10595,0.0069207,0.0000225,0.0000083
10596,0.0069190,0.0000225,0.0000083
10597,0.0069173,0.0000225,0.0000083
10598,0.0069156,0.0000225,0.0000083
10599,0.0069139,0.0000225,0.0000083
10600,0.0069122,0.0000225,0.0000083
10601,0.0069105,0.0000225,0.0000083
10602,0.0069088,0.0000225,0.0000083
10603,0.0069071,0.0000225,0.0000083
10604,0.0069054,0.0000225,0.0000083
10605,0.0069037,0.0000225,0.0000083
10606,0.0069020,0.0000225,0.0000083
10607,0.0069003,0.0000224,0.0000083
10608,0.0068986,0.0000224,0.0000083
10609,0.0068969,0.0000224,0.0000083
10610,0.0068952,0.0000224,0.0000082
10611,0.0068935,0.0000224,0.0000082
10612,0.0068918,0.0000224,0.0000082
10613,0.0068901,0.0000224,0.0000082
10614,0.0068884,0.0000224,0.0000082
10615,0.0068867,0.0000224,0.0000082
10616,0.0068850,0.0000224,0.0000082
10617,0.0068833,0.0000224,0.0000082
10618,0.0068817,0.0000224,0.0000082
10619,0.0068800,0.0000224,0.0000082
10620,0.0068783,0.0000224,0.0000082
10621,0.0068766,0.0000224,0.0000082
10622,0.0068749,0.0000224,0.0000082
10623,0.0068732,0.0000223,0.0000082
10624,0.0068715,0.0000223,0.0000082
10625,0.0068698,0.0000223,0.0000082
10626,0.0068681,0.0000223,0.0000082
10627,0.0068665,0.0000223,0.0000082
10628,0.0068648,0.0000223,0.0000082
10629,0.0068631,0.0000223,0.0000082
10630,0.0068614,0.0000223,0.0000082
10631,0.0068597,0.0000223,0.0000082
10632,0.0068580,0.0000223,0.0000082
10633,0.0068563,0.0000223,0.0000082
10634,0.0068547,0.0000223,0.0000082
10635,0.0068530,0.0000223,0.0000082
10636,0.0068513,0.0000223,0.0000082
10637,0.0068496,0.0000223,0.0000082
10638,0.0068479,0.0000223,0.0000082
10639,0.0068462,0.0000222,0.0000082
10640,0.0068446,0.0000222,0.0000082
10641,0.0068429,0.0000222,0.0000082
10642,0.0068412,0.0000222,0.0000082
10643,0.0068395,0.0000222,0.0000082
10644,0.0068378,0.0000222,0.0000082
10645,0.0068362,0.0000222,0.0000082
10646,0.0068345,0.0000222,0.0000082
10647,0.0068328,0.0000222,0.0000082
10648,0.0068311,0.0000222,0.0000082
10649,0.0068295,0.0000222,0.0000082
10650,0.0068278,0.0000222,0.0000082
10651,0.0068261,0.0000222,0.0000081
10652,0.0068244,0.0000222,0.0000081
10653,0.0068228,0.0000222,0.0000081
10654,0.0068211,0.0000222,0.0000081
10655,0.0068194,0.0000222,0.0000081
10656,0.0068177,0.0000221,0.0000081
10657,0.0068161,0.0000221,0.0000081
10658,0.0068144,0.0000221,0.0000081
10659,0.0068127,0.0000221,0.0000081
10660,0.0068110,0.0000221,0.0000081
10661,0.0068094,0.0000221,0.0000081
10662,0.0068077,0.0000221,0.0000081
10663,0.0068060,0.0000221,0.0000081
10664,0.0068044,0.0000221,0.0000081
10665,0.0068027,0.0000221,0.0000081
10666,0.0068010,0.0000221,0.0000081
10667,0.0067994,0.0000221,0.0000081
10668,0.0067977,0.0000221,0.0000081
10669,0.0067960,0.0000221,0.0000081
10670,0.0067944,0.0000221,0.0000081
10671,0.0067927,0.0000221,0.0000081
10672,0.0067910,0.0000220,0.0000081
10673,0.0067894,0.0000220,0.0000081
10674,0.0067877,0.0000220,0.0000081
10675,0.0067860,0.0000220,0.0000081
10676,0.0067844,0.0000220,0.0000081
10677,0.0067827,0.0000220,0.0000081
10678,0.0067810,0.0000220,0.0000081
10679,0.0067794,0.0000220,0.0000081
10680,0.0067777,0.0000220,0.0000081
10681,0.0067760,0.0000220,0.0000081
10682,0.0067744,0.0000220,0.0000081
10683,0.0067727,0.0000220,0.0000081
10684,0.0067711,0.0000220,0.0000081
10685,0.0067694,0.0000220,0.0000081
10686,0.0067677,0.0000220,0.0000081
10687,0.0067661,0.0000220,0.0000081
10688,0.0067644,0.0000220,0.0000081
10689,0.0067628,0.0000219,0.0000081
10690,0.0067611,0.0000219,0.0000081
10691,0.0067595,0.0000219,0.0000081
10692,0.0067578,0.0000219,0.0000080
10693,0.0067561,0.0000219,0.0000080
10694,0.0067545,0.0000219,0.0000080
10695,0.0067528,0.0000219,0.0000080
10696,0.0067512,0.0000219,0.0000080
10697,0.0067495,0.0000219,0.0000080
10698,0.0067479,0.0000219,0.0000080
10699,0.0067462,0.0000219,0.0000080
10700,0.0067446,0.0000219,0.0000080
10701,0.0067429,0.0000219,0.0000080
10702,0.0067413,0.0000219,0.0000080
10703,0.0067396,0.0000219,0.0000080
10704,0.0067379,0.0000219,0.0000080
10705,0.0067363,0.0000219,0.0000080
10706,0.0067346,0.0000218,0.0000080
10707,0.0067330,0.0000218,0.0000080
10708,0.0067313,0.0000218,0.0000080
10709,0.0067297,0.0000218,0.0000080
10710,0.0067280,0.0000218,0.0000080
10711,0.0067264,0.0000218,0.0000080
10712,0.0067248,0.0000218,0.0000080
10713,0.0067231,0.0000218,0.0000080
10714,0.0067215,0.0000218,0.0000080
10715,0.0067198,0.0000218,0.0000080
10716,0.0067182,0.0000218,0.0000080
10717,0.0067165,0.0000218,0.0000080
10718,0.0067149,0.0000218,0.0000080
10719,0.0067132,0.0000218,0.0000080
10720,0.0067116,0.0000218,0.0000080
10721,0.0067099,0.0000218,0.0000080
10722,0.0067083,0.0000218,0.0000080
10723,0.0067067,0.0000217,0.0000080
10724,0.0067050,0.0000217,0.0000080
10725,0.0067034,0.0000217,0.0000080
10726,0.0067017,0.0000217,0.0000080
10727,0.0067001,0.0000217,0.0000080
10728,0.0066984,0.0000217,0.0000080
10729,0.0066968,0.0000217,0.0000080
10730,0.0066952,0.0000217,0.0000080
10731,0.0066935,0.0000217,0.0000080
10732,0.0066919,0.0000217,0.0000080
10733,0.0066902,0.0000217,0.0000080
10734,0.0066886,0.0000217,0.0000079
10735,0.0066870,0.0000217,0.0000079
10736,0.0066853,0.0000217,0.0000079
10737,0.0066837,0.0000217,0.0000079
10738,0.0066821,0.0000217,0.0000079
10739,0.0066804,0.0000216,0.0000079
10740,0.0066788,0.0000216,0.0000079
10741,0.0066772,0.0000216,0.0000079
10742,0.0066755,0.0000216,0.0000079
10743,0.0066739,0.0000216,0.0000079
10744,0.0066723,0.0000216,0.0000079
10745,0.0066706,0.0000216,0.0000079
10746,0.0066690,0.0000216,0.0000079
10747,0.0066674,0.0000216,0.0000079
10748,0.0066657,0.0000216,0.0000079
10749,0.0066641,0.0000216,0.0000079
10750,0.0066625,0.0000216,0.0000079
10751,0.0066608,0.0000216,0.0000079
10752,0.0066592,0.0000216,0.0000079
10753,0.0066576,0.0000216,0.0000079
10754,0.0066559,0.0000216,0.0000079
10755,0.0066543,0.0000216,0.0000079
10756,0.0066527,0.0000215,0.0000079
10757,0.0066511,0.0000215,0.0000079
10758,0.0066494,0.0000215,0.0000079
10759,0.0066478,0.0000215,0.0000079
10760,0.0066462,0.0000215,0.0000079
10761,0.0066446,0.0000215,0.0000079
10762,0.0066429,0.0000215,0.0000079
10763,0.0066413,0.0000215,0.0000079
10764,0.0066397,0.0000215,0.0000079
10765,0.0066381,0.0000215,0.0000079
10766,0.0066364,0.0000215,0.0000079
10767,0.0066348,0.0000215,0.0000079
10768,0.0066332,0.0000215,0.0000079
10769,0.0066316,0.0000215,0.0000079
10770,0.0066299,0.0000215,0.0000079
10771,0.0066283,0.0000215,0.0000079
10772,0.0066267,0.0000215,0.0000079
10773,0.0066251,0.0000214,0.0000079
10774,0.0066235,0.0000214,0.0000079
10775,0.0066218,0.0000214,0.0000079
10776,0.0066202,0.0000214,0.0000079
10777,0.0066186,0.0000214,0.0000078
10778,0.0066170,0.0000214,0.0000078
10779,0.0066154,0.0000214,0.0000078
10780,0.0066137,0.0000214,0.0000078
10781,0.0066121,0.0000214,0.0000078
10782,0.0066105,0.0000214,0.0000078
10783,0.0066089,0.0000214,0.0000078
10784,0.0066073,0.0000214,0.0000078
10785,0.0066057,0.0000214,0.0000078
10786,0.0066040,0.0000214,0.0000078
10787,0.0066024,0.0000214,0.0000078
10788,0.0066008,0.0000214,0.0000078
10789,0.0065992,0.0000214,0.0000078
10790,0.0065976,0.0000214,0.0000078
10791,0.0065960,0.0000213,0.0000078
10792,0.0065944,0.0000213,0.0000078
10793,0.0065928,0.0000213,0.0000078
10794,0.0065911,0.0000213,0.0000078
10795,0.0065895,0.0000213,0.0000078
10796,0.0065879,0.0000213,0.0000078
10797,0.0065863,0.0000213,0.0000078
10798,0.0065847,0.0000213,0.0000078
10799,0.0065831,0.0000213,0.0000078
10800,0.0065815,0.0000213,0.0000078
10801,0.0065799,0.0000213,0.0000078
10802,0.0065783,0.0000213,0.0000078
10803,0.0065767,0.0000213,0.0000078
10804,0.0065751,0.0000213,0.0000078
10805,0.0065734,0.0000213,0.0000078
10806,0.0065718,0.0000213,0.0000078
10807,0.0065702,0.0000213,0.0000078
10808,0.0065686,0.0000212,0.0000078
10809,0.0065670,0.0000212,0.0000078
10810,0.0065654,0.0000212,0.0000078
10811,0.0065638,0.0000212,0.0000078
10812,0.0065622,0.0000212,0.0000078
10813,0.0065606,0.0000212,0.0000078
10814,0.0065590,0.0000212,0.0000078
10815,0.0065574,0.0000212,0.0000078
10816,0.0065558,0.0000212,0.0000078
10817,0.0065542,0.0000212,0.0000078
10818,0.0065526,0.0000212,0.0000078
10819,0.0065510,0.0000212,0.0000078
10820,0.0065494,0.0000212,0.0000077
10821,0.0065478,0.0000212,0.0000077
10822,0.0065462,0.0000212,0.0000077
10823,0.0065446,0.0000212,0.0000077
10824,0.0065430,0.0000212,0.0000077
10825,0.0065414,0.0000211,0.0000077
10826,0.0065398,0.0000211,0.0000077
10827,0.0065382,0.0000211,0.0000077
10828,0.0065366,0.0000211,0.0000077
10829,0.0065350,0.0000211,0.0000077
10830,0.0065334,0.0000211,0.0000077
10831,0.0065318,0.0000211,0.0000077
10832,0.0065302,0.0000211,0.0000077
10833,0.0065286,0.0000211,0.0000077
10834,0.0065270,0.0000211,0.0000077
10835,0.0065255,0.0000211,0.0000077
10836,0.0065239,0.0000211,0.0000077
10837,0.0065223,0.0000211,0.0000077
10838,0.0065207,0.0000211,0.0000077
10839,0.0065191,0.0000211,0.0000077
10840,0.0065175,0.0000211,0.0000077
10841,0.0065159,0.0000211,0.0000077
10842,0.0065143,0.0000211,0.0000077
10843,0.0065127,0.0000210,0.0000077
10844,0.0065111,0.0000210,0.0000077
10845,0.0065095,0.0000210,0.0000077
10846,0.0065080,0.0000210,0.0000077
10847,0.0065064,0.0000210,0.0000077
10848,0.0065048,0.0000210,0.0000077
10849,0.0065032,0.0000210,0.0000077
10850,0.0065016,0.0000210,0.0000077
10851,0.0065000,0.0000210,0.0000077
10852,0.0064984,0.0000210,0.0000077
10853,0.0064968,0.0000210,0.0000077
10854,0.0064953,0.0000210,0.0000077
10855,0.0064937,0.0000210,0.0000077
10856,0.0064921,0.0000210,0.0000077
10857,0.0064905,0.0000210,0.0000077
10858,0.0064889,0.0000210,0.0000077
10859,0.0064873,0.0000210,0.0000077
10860,0.0064858,0.0000209,0.0000077
10861,0.0064842,0.0000209,0.0000077
10862,0.0064826,0.0000209,0.0000077
10863,0.0064810,0.0000209,0.0000077
10864,0.0064794,0.0000209,0.0000076
10865,0.0064779,0.0000209,0.0000076
10866,0.0064763,0.0000209,0.0000076
10867,0.0064747,0.0000209,0.0000076
10868,0.0064731,0.0000209,0.0000076
10869,0.0064715,0.0000209,0.0000076
10870,0.0064700,0.0000209,0.0000076
10871,0.0064684,0.0000209,0.0000076
10872,0.0064668,0.0000209,0.0000076
10873,0.0064652,0.0000209,0.0000076
10874,0.0064636,0.0000209,0.0000076
10875,0.0064621,0.0000209,0.0000076
10876,0.0064605,0.0000209,0.0000076
10877,0.0064589,0.0000209,0.0000076
10878,0.0064573,0.0000208,0.0000076
10879,0.0064558,0.0000208,0.0000076
10880,0.0064542,0.0000208,0.0000076
10881,0.0064526,0.0000208,0.0000076
10882,0.0064511,0.0000208,0.0000076
10883,0.0064495,0.0000208,0.0000076
10884,0.0064479,0.0000208,0.0000076
10885,0.0064463,0.0000208,0.0000076
10886,0.0064448,0.0000208,0.0000076
10887,0.0064432,0.0000208,0.0000076
10888,0.0064416,0.0000208,0.0000076
10889,0.0064401,0.0000208,0.0000076
10890,0.0064385,0.0000208,0.0000076
10891,0.0064369,0.0000208,0.0000076
10892,0.0064353,0.0000208,0.0000076
10893,0.0064338,0.0000208,0.0000076
10894,0.0064322,0.0000208,0.0000076
10895,0.0064306,0.0000207,0.0000076
10896,0.0064291,0.0000207,0.0000076
10897,0.0064275,0.0000207,0.0000076
10898,0.0064259,0.0000207,0.0000076
10899,0.0064244,0.0000207,0.0000076
10900,0.0064228,0.0000207,0.0000076
10901,0.0064212,0.0000207,0.0000076
10902,0.0064197,0.0000207,0.0000076
10903,0.0064181,0.0000207,0.0000076
10904,0.0064166,0.0000207,0.0000076
10905,0.0064150,0.0000207,0.0000076
10906,0.0064134,0.0000207,0.0000076
10907,0.0064119,0.0000207,0.0000076
10908,0.0064103,0.0000207,0.0000076
10909,0.0064087,0.0000207,0.0000075
10910,0.0064072,0.0000207,0.0000075
10911,0.0064056,0.0000207,0.0000075
10912,0.0064041,0.0000207,0.0000075
10913,0.0064025,0.0000206,0.0000075
10914,0.0064009,0.0000206,0.0000075
10915,0.0063994,0.0000206,0.0000075
10916,0.0063978,0.0000206,0.0000075
10917,0.0063963,0.0000206,0.0000075
10918,0.0063947,0.0000206,0.0000075
10919,0.0063931,0.0000206,0.0000075
10920,0.0063916,0.0000206,0.0000075
10921,0.0063900,0.0000206,0.0000075
10922,0.0063885,0.0000206,0.0000075
10923,0.0063869,0.0000206,0.0000075
10924,0.0063854,0.0000206,0.0000075
10925,0.0063838,0.0000206,0.0000075
10926,0.0063823,0.0000206,0.0000075
10927,0.0063807,0.0000206,0.0000075
10928,0.0063792,0.0000206,0.0000075
10929,0.0063776,0.0000206,0.0000075
10930,0.0063760,0.0000206,0.0000075
10931,0.0063745,0.0000205,0.0000075
10932,0.0063729,0.0000205,0.0000075
10933,0.0063714,0.0000205,0.0000075
10934,0.0063698,0.0000205,0.0000075
10935,0.0063683,0.0000205,0.0000075
10936,0.0063667,0.0000205,0.0000075
10937,0.0063652,0.0000205,0.0000075
10938,0.0063636,0.0000205,0.0000075
10939,0.0063621,0.0000205,0.0000075
10940,0.0063605,0.0000205,0.0000075
10941,0.0063590,0.0000205,0.0000075
10942,0.0063574,0.0000205,0.0000075
10943,0.0063559,0.0000205,0.0000075
10944,0.0063544,0.0000205,0.0000075
10945,0.0063528,0.0000205,0.0000075
10946,0.0063513,0.0000205,0.0000075
10947,0.0063497,0.0000205,0.0000075
10948,0.0063482,0.0000205,0.0000075
10949,0.0063466,0.0000204,0.0000075
10950,0.0063451,0.0000204,0.0000075
10951,0.0063435,0.0000204,0.0000075
10952,0.0063420,0.0000204,0.0000075
10953,0.0063405,0.0000204,0.0000075
10954,0.0063389,0.0000204,0.0000074
10955,0.0063374,0.0000204,0.0000074
10956,0.0063358,0.0000204,0.0000074
10957,0.0063343,0.0000204,0.0000074
10958,0.0063327,0.0000204,0.0000074
10959,0.0063312,0.0000204,0.0000074
10960,0.0063297,0.0000204,0.0000074
10961,0.0063281,0.0000204,0.0000074
10962,0.0063266,0.0000204,0.0000074
10963,0.0063250,0.0000204,0.0000074
10964,0.0063235,0.0000204,0.0000074
10965,0.0063220,0.0000204,0.0000074
10966,0.0063204,0.0000204,0.0000074
10967,0.0063189,0.0000203,0.0000074
10968,0.0063174,0.0000203,0.0000074
10969,0.0063158,0.0000203,0.0000074
10970,0.0063143,0.0000203,0.0000074
10971,0.0063128,0.0000203,0.0000074
10972,0.0063112,0.0000203,0.0000074
10973,0.0063097,0.0000203,0.0000074
10974,0.0063081,0.0000203,0.0000074
10975,0.0063066,0.0000203,0.0000074
10976,0.0063051,0.0000203,0.0000074
10977,0.0063036,0.0000203,0.0000074
10978,0.0063020,0.0000203,0.0000074
10979,0.0063005,0.0000203,0.0000074
10980,0.0062990,0.0000203,0.0000074
10981,0.0062974,0.0000203,0.0000074
10982,0.0062959,0.0000203,0.0000074
10983,0.0062944,0.0000203,0.0000074
10984,0.0062928,0.0000203,0.0000074
10985,0.0062913,0.0000202,0.0000074
10986,0.0062898,0.0000202,0.0000074
10987,0.0062882,0.0000202,0.0000074
10988,0.0062867,0.0000202,0.0000074
10989,0.0062852,0.0000202,0.0000074
10990,0.0062837,0.0000202,0.0000074
10991,0.0062821,0.0000202,0.0000074
10992,0.0062806,0.0000202,0.0000074
10993,0.0062791,0.0000202,0.0000074
10994,0.0062776,0.0000202,0.0000074
10995,0.0062760,0.0000202,0.0000074
10996,0.0062745,0.0000202,0.0000074
10997,0.0062730,0.0000202,0.0000074
10998,0.0062715,0.0000202,0.0000074
10999,0.0062699,0.0000202,0.0000074
11000,0.0062684,0.0000202,0.0000073
11001,0.0062669,0.0000202,0.0000073
11002,0.0062654,0.0000202,0.0000073
11003,0.0062638,0.0000201,0.0000073
11004,0.0062623,0.0000201,0.0000073
11005,0.0062608,0.0000201,0.0000073
11006,0.0062593,0.0000201,0.0000073
11007,0.0062578,0.0000201,0.0000073
11008,0.0062562,0.0000201,0.0000073
11009,0.0062547,0.0000201,0.0000073
11010,0.0062532,0.0000201,0.0000073
11011,0.0062517,0.0000201,0.0000073
11012,0.0062502,0.0000201,0.0000073
11013,0.0062486,0.0000201,0.0000073
11014,0.0062471,0.0000201,0.0000073
11015,0.0062456,0.0000201,0.0000073
11016,0.0062441,0.0000201,0.0000073
11017,0.0062426,0.0000201,0.0000073
11018,0.0062411,0.0000201,0.0000073
11019,0.0062395,0.0000201,0.0000073
11020,0.0062380,0.0000201,0.0000073
11021,0.0062365,0.0000201,0.0000073
11022,0.0062350,0.0000200,0.0000073
11023,0.0062335,0.0000200,0.0000073
11024,0.0062320,0.0000200,0.0000073
11025,0.0062305,0.0000200,0.0000073
11026,0.0062290,0.0000200,0.0000073
11027,0.0062274,0.0000200,0.0000073
11028,0.0062259,0.0000200,0.0000073
11029,0.0062244,0.0000200,0.0000073
11030,0.0062229,0.0000200,0.0000073
11031,0.0062214,0.0000200,0.0000073
11032,0.0062199,0.0000200,0.0000073
11033,0.0062184,0.0000200,0.0000073
11034,0.0062169,0.0000200,0.0000073
11035,0.0062154,0.0000200,0.0000073
11036,0.0062139,0.0000200,0.0000073
11037,0.0062123,0.0000200,0.0000073
11038,0.0062108,0.0000200,0.0000073
11039,0.0062093,0.0000200,0.0000073
11040,0.0062078,0.0000199,0.0000073
11041,0.0062063,0.0000199,0.0000073
11042,0.0062048,0.0000199,0.0000073
11043,0.0062033,0.0000199,0.0000073
11044,0.0062018,0.0000199,0.0000073
11045,0.0062003,0.0000199,0.0000073
11046,0.0061988,0.0000199,0.0000073
11047,0.0061973,0.0000199,0.0000072
11048,0.0061958,0.0000199,0.0000072
11049,0.0061943,0.0000199,0.0000072
11050,0.0061928,0.0000199,0.0000072
11051,0.0061913,0.0000199,0.0000072
11052,0.0061898,0.0000199,0.0000072
11053,0.0061883,0.0000199,0.0000072
11054,0.0061868,0.0000199,0.0000072
11055,0.0061853,0.0000199,0.0000072
11056,0.0061838,0.0000199,0.0000072
11057,0.0061823,0.0000199,0.0000072
11058,0.0061808,0.0000199,0.0000072
11059,0.0061793,0.0000198,0.0000072
11060,0.0061778,0.0000198,0.0000072
11061,0.0061763,0.0000198,0.0000072
11062,0.0061748,0.0000198,0.0000072
11063,0.0061733,0.0000198,0.0000072
11064,0.0061718,0.0000198,0.0000072
11065,0.0061703,0.0000198,0.0000072
11066,0.0061688,0.0000198,0.0000072
11067,0.0061673,0.0000198,0.0000072
11068,0.0061658,0.0000198,0.0000072
11069,0.0061643,0.0000198,0.0000072
11070,0.0061628,0.0000198,0.0000072
11071,0.0061613,0.0000198,0.0000072
11072,0.0061598,0.0000198,0.0000072
11073,0.0061583,0.0000198,0.0000072
11074,0.0061568,0.0000198,0.0000072
11075,0.0061553,0.0000198,0.0000072
11076,0.0061539,0.0000198,0.0000072
11077,0.0061524,0.0000197,0.0000072
11078,0.0061509,0.0000197,0.0000072
11079,0.0061494,0.0000197,0.0000072
11080,0.0061479,0.0000197,0.0000072
11081,0.0061464,0.0000197,0.0000072
11082,0.0061449,0.0000197,0.0000072
11083,0.0061434,0.0000197,0.0000072
11084,0.0061419,0.0000197,0.0000072
11085,0.0061404,0.0000197,0.0000072
11086,0.0061390,0.0000197,0.0000072
11087,0.0061375,0.0000197,0.0000072
11088,0.0061360,0.0000197,0.0000072
11089,0.0061345,0.0000197,0.0000072
11090,0.0061330,0.0000197,0.0000072
11091,0.0061315,0.0000197,0.0000072
11092,0.0061300,0.0000197,0.0000072
11093,0.0061286,0.0000197,0.0000072
11094,0.0061271,0.0000197,0.0000072
11095,0.0061256,0.0000197,0.0000071
11096,0.0061241,0.0000196,0.0000071
11097,0.0061226,0.0000196,0.0000071
11098,0.0061211,0.0000196,0.0000071
11099,0.0061196,0.0000196,0.0000071
11100,0.0061182,0.0000196,0.0000071
11101,0.0061167,0.0000196,0.0000071
11102,0.0061152,0.0000196,0.0000071
11103,0.0061137,0.0000196,0.0000071
11104,0.0061122,0.0000196,0.0000071
11105,0.0061108,0.0000196,0.0000071
11106,0.0061093,0.0000196,0.0000071
11107,0.0061078,0.0000196,0.0000071
11108,0.0061063,0.0000196,0.0000071
11109,0.0061048,0.0000196,0.0000071
11110,0.0061034,0.0000196,0.0000071
11111,0.0061019,0.0000196,0.0000071
11112,0.0061004,0.0000196,0.0000071
11113,0.0060989,0.0000196,0.0000071
11114,0.0060975,0.0000196,0.0000071
11115,0.0060960,0.0000195,0.0000071
11116,0.0060945,0.0000195,0.0000071
11117,0.0060930,0.0000195,0.0000071
11118,0.0060916,0.0000195,0.0000071
11119,0.0060901,0.0000195,0.0000071
11120,0.0060886,0.0000195,0.0000071
11121,0.0060871,0.0000195,0.0000071
11122,0.0060857,0.0000195,0.0000071
11123,0.0060842,0.0000195,0.0000071
11124,0.0060827,0.0000195,0.0000071
11125,0.0060812,0.0000195,0.0000071
11126,0.0060798,0.0000195,0.0000071
11127,0.0060783,0.0000195,0.0000071
11128,0.0060768,0.0000195,0.0000071
11129,0.0060754,0.0000195,0.0000071
11130,0.0060739,0.0000195,0.0000071
11131,0.0060724,0.0000195,0.0000071
11132,0.0060709,0.0000195,0.0000071
11133,0.0060695,0.0000195,0.0000071
11134,0.0060680,0.0000194,0.0000071
11135,0.0060665,0.0000194,0.0000071
11136,0.0060651,0.0000194,0.0000071
11137,0.0060636,0.0000194,0.0000071
11138,0.0060621,0.0000194,0.0000071
11139,0.0060607,0.0000194,0.0000071
11140,0.0060592,0.0000194,0.0000071
11141,0.0060577,0.0000194,0.0000071
11142,0.0060563,0.0000194,0.0000071
11143,0.0060548,0.0000194,0.0000070
11144,0.0060533,0.0000194,0.0000070
11145,0.0060519,0.0000194,0.0000070
11146,0.0060504,0.0000194,0.0000070
11147,0.0060490,0.0000194,0.0000070
11148,0.0060475,0.0000194,0.0000070
11149,0.0060460,0.0000194,0.0000070
11150,0.0060446,0.0000194,0.0000070
11151,0.0060431,0.0000194,0.0000070
11152,0.0060416,0.0000194,0.0000070
11153,0.0060402,0.0000193,0.0000070
11154,0.0060387,0.0000193,0.0000070
11155,0.0060373,0.0000193,0.0000070
11156,0.0060358,0.0000193,0.0000070
11157,0.0060343,0.0000193,0.0000070
11158,0.0060329,0.0000193,0.0000070
11159,0.0060314,0.0000193,0.0000070
11160,0.0060300,0.0000193,0.0000070
11161,0.0060285,0.0000193,0.0000070
11162,0.0060270,0.0000193,0.0000070
11163,0.0060256,0.0000193,0.0000070
11164,0.0060241,0.0000193,0.0000070
11165,0.0060227,0.0000193,0.0000070
11166,0.0060212,0.0000193,0.0000070
11167,0.0060198,0.0000193,0.0000070
11168,0.0060183,0.0000193,0.0000070
11169,0.0060169,0.0000193,0.0000070
11170,0.0060154,0.0000193,0.0000070
11171,0.0060139,0.0000193,0.0000070
11172,0.0060125,0.0000192,0.0000070
11173,0.0060110,0.0000192,0.0000070
11174,0.0060096,0.0000192,0.0000070
11175,0.0060081,0.0000192,0.0000070
11176,0.0060067,0.0000192,0.0000070
11177,0.0060052,0.0000192,0.0000070
11178,0.0060038,0.0000192,0.0000070
11179,0.0060023,0.0000192,0.0000070
11180,0.0060009,0.0000192,0.0000070
11181,0.0059994,0.0000192,0.0000070
11182,0.0059980,0.0000192,0.0000070
11183,0.0059965,0.0000192,0.0000070
11184,0.0059951,0.0000192,0.0000070
11185,0.0059936,0.0000192,0.0000070
11186,0.0059922,0.0000192,0.0000070
11187,0.0059907,0.0000192,0.0000070
11188,0.0059893,0.0000192,0.0000070
11189,0.0059878,0.0000192,0.0000070
11190,0.0059864,0.0000192,0.0000070
11191,0.0059850,0.0000192,0.0000070
11192,0.0059835,0.0000191,0.0000069
11193,0.0059821,0.0000191,0.0000069
11194,0.0059806,0.0000191,0.0000069
11195,0.0059792,0.0000191,0.0000069
11196,0.0059777,0.0000191,0.0000069
11197,0.0059763,0.0000191,0.0000069
11198,0.0059748,0.0000191,0.0000069
11199,0.0059734,0.0000191,0.0000069
11200,0.0059720,0.0000191,0.0000069
11201,0.0059705,0.0000191,0.0000069
11202,0.0059691,0.0000191,0.0000069
11203,0.0059676,0.0000191,0.0000069
11204,0.0059662,0.0000191,0.0000069
11205,0.0059648,0.0000191,0.0000069
11206,0.0059633,0.0000191,0.0000069
11207,0.0059619,0.0000191,0.0000069
11208,0.0059604,0.0000191,0.0000069
11209,0.0059590,0.0000191,0.0000069
11210,0.0059576,0.0000191,0.0000069
11211,0.0059561,0.0000190,0.0000069
11212,0.0059547,0.0000190,0.0000069
11213,0.0059532,0.0000190,0.0000069
11214,0.0059518,0.0000190,0.0000069
11215,0.0059504,0.0000190,0.0000069
11216,0.0059489,0.0000190,0.0000069
11217,0.0059475,0.0000190,0.0000069
11218,0.0059461,0.0000190,0.0000069
11219,0.0059446,0.0000190,0.0000069
11220,0.0059432,0.0000190,0.0000069
11221,0.0059418,0.0000190,0.0000069
11222,0.0059403,0.0000190,0.0000069
11223,0.0059389,0.0000190,0.0000069
11224,0.0059375,0.0000190,0.0000069
11225,0.0059360,0.0000190,0.0000069
11226,0.0059346,0.0000190,0.0000069
11227,0.0059332,0.0000190,0.0000069
11228,0.0059317,0.0000190,0.0000069
11229,0.0059303,0.0000190,0.0000069
11230,0.0059289,0.0000190,0.0000069
11231,0.0059274,0.0000189,0.0000069
11232,0.0059260,0.0000189,0.0000069
11233,0.0059246,0.0000189,0.0000069
11234,0.0059231,0.0000189,0.0000069
11235,0.0059217,0.0000189,0.0000069
11236,0.0059203,0.0000189,0.0000069
11237,0.0059189,0.0000189,0.0000069
11238,0.0059174,0.0000189,0.0000069
11239,0.0059160,0.0000189,0.0000069
11240,0.0059146,0.0000189,0.0000069
11241,0.0059132,0.0000189,0.0000069
11242,0.0059117,0.0000189,0.0000068
11243,0.0059103,0.0000189,0.0000068
11244,0.0059089,0.0000189,0.0000068
11245,0.0059074,0.0000189,0.0000068
11246,0.0059060,0.0000189,0.0000068
11247,0.0059046,0.0000189,0.0000068
11248,0.0059032,0.0000189,0.0000068
11249,0.0059018,0.0000189,0.0000068
11250,0.0059003,0.0000188,0.0000068
11251,0.0058989,0.0000188,0.0000068
11252,0.0058975,0.0000188,0.0000068
11253,0.0058961,0.0000188,0.0000068
11254,0.0058946,0.0000188,0.0000068
11255,0.0058932,0.0000188,0.0000068
11256,0.0058918,0.0000188,0.0000068
11257,0.0058904,0.0000188,0.0000068
11258,0.0058890,0.0000188,0.0000068
11259,0.0058875,0.0000188,0.0000068
11260,0.0058861,0.0000188,0.0000068
11261,0.0058847,0.0000188,0.0000068
11262,0.0058833,0.0000188,0.0000068
11263,0.0058819,0.0000188,0.0000068
11264,0.0058804,0.0000188,0.0000068
11265,0.0058790,0.0000188,0.0000068
11266,0.0058776,0.0000188,0.0000068
11267,0.0058762,0.0000188,0.0000068
11268,0.0058748,0.0000188,0.0000068
11269,0.0058734,0.0000188,0.0000068
11270,0.0058720,0.0000187,0.0000068
11271,0.0058705,0.0000187,0.0000068
11272,0.0058691,0.0000187,0.0000068
11273,0.0058677,0.0000187,0.0000068
11274,0.0058663,0.0000187,0.0000068
11275,0.0058649,0.0000187,0.0000068
11276,0.0058635,0.0000187,0.0000068
11277,0.0058621,0.0000187,0.0000068
11278,0.0058606,0.0000187,0.0000068
11279,0.0058592,0.0000187,0.0000068
11280,0.0058578,0.0000187,0.0000068
11281,0.0058564,0.0000187,0.0000068
11282,0.0058550,0.0000187,0.0000068
11283,0.0058536,0.0000187,0.0000068
11284,0.0058522,0.0000187,0.0000068
11285,0.0058508,0.0000187,0.0000068
11286,0.0058494,0.0000187,0.0000068
11287,0.0058479,0.0000187,0.0000068
11288,0.0058465,0.0000187,0.0000068
11289,0.0058451,0.0000187,0.0000068
11290,0.0058437,0.0000186,0.0000068
11291,0.0058423,0.0000186,0.0000068
11292,0.0058409,0.0000186,0.0000068
11293,0.0058395,0.0000186,0.0000067
11294,0.0058381,0.0000186,0.0000067
11295,0.0058367,0.0000186,0.0000067
11296,0.0058353,0.0000186,0.0000067
11297,0.0058339,0.0000186,0.0000067
11298,0.0058325,0.0000186,0.0000067
11299,0.0058311,0.0000186,0.0000067
11300,0.0058297,0.0000186,0.0000067
11301,0.0058283,0.0000186,0.0000067
11302,0.0058269,0.0000186,0.0000067
11303,0.0058255,0.0000186,0.0000067
11304,0.0058241,0.0000186,0.0000067
11305,0.0058227,0.0000186,0.0000067
11306,0.0058213,0.0000186,0.0000067
11307,0.0058199,0.0000186,0.0000067
11308,0.0058185,0.0000186,0.0000067
11309,0.0058171,0.0000186,0.0000067
11310,0.0058157,0.0000185,0.0000067
11311,0.0058143,0.0000185,0.0000067
11312,0.0058129,0.0000185,0.0000067
11313,0.0058115,0.0000185,0.0000067
11314,0.0058101,0.0000185,0.0000067
11315,0.0058087,0.0000185,0.0000067
11316,0.0058073,0.0000185,0.0000067
11317,0.0058059,0.0000185,0.0000067
11318,0.0058045,0.0000185,0.0000067
11319,0.0058031,0.0000185,0.0000067
11320,0.0058017,0.0000185,0.0000067
11321,0.0058003,0.0000185,0.0000067
11322,0.0057989,0.0000185,0.0000067
11323,0.0057975,0.0000185,0.0000067
11324,0.0057961,0.0000185,0.0000067
11325,0.0057947,0.0000185,0.0000067
11326,0.0057933,0.0000185,0.0000067
11327,0.0057919,0.0000185,0.0000067
11328,0.0057905,0.0000185,0.0000067
11329,0.0057891,0.0000185,0.0000067
11330,0.0057877,0.0000184,0.0000067
11331,0.0057863,0.0000184,0.0000067
11332,0.0057849,0.0000184,0.0000067
11333,0.0057836,0.0000184,0.0000067
11334,0.0057822,0.0000184,0.0000067
11335,0.0057808,0.0000184,0.0000067
11336,0.0057794,0.0000184,0.0000067
11337,0.0057780,0.0000184,0.0000067
11338,0.0057766,0.0000184,0.0000067
11339,0.0057752,0.0000184,0.0000067
11340,0.0057738,0.0000184,0.0000067
11341,0.0057724,0.0000184,0.0000067
11342,0.0057711,0.0000184,0.0000067
11343,0.0057697,0.0000184,0.0000067
11344,0.0057683,0.0000184,0.0000066
11345,0.0057669,0.0000184,0.0000066
11346,0.0057655,0.0000184,0.0000066
11347,0.0057641,0.0000184,0.0000066
11348,0.0057627,0.0000184,0.0000066
11349,0.0057613,0.0000184,0.0000066
11350,0.0057600,0.0000183,0.0000066
11351,0.0057586,0.0000183,0.0000066
11352,0.0057572,0.0000183,0.0000066
11353,0.0057558,0.0000183,0.0000066
11354,0.0057544,0.0000183,0.0000066
11355,0.0057530,0.0000183,0.0000066
11356,0.0057517,0.0000183,0.0000066
11357,0.0057503,0.0000183,0.0000066
11358,0.0057489,0.0000183,0.0000066
11359,0.0057475,0.0000183,0.0000066
11360,0.0057461,0.0000183,0.0000066
11361,0.0057448,0.0000183,0.0000066
11362,0.0057434,0.0000183,0.0000066
11363,0.0057420,0.0000183,0.0000066
11364,0.0057406,0.0000183,0.0000066
11365,0.0057392,0.0000183,0.0000066
11366,0.0057379,0.0000183,0.0000066
11367,0.0057365,0.0000183,0.0000066
11368,0.0057351,0.0000183,0.0000066
11369,0.0057337,0.0000183,0.0000066
11370,0.0057323,0.0000183,0.0000066
11371,0.0057310,0.0000182,0.0000066
11372,0.0057296,0.0000182,0.0000066
11373,0.0057282,0.0000182,0.0000066
11374,0.0057268,0.0000182,0.0000066
11375,0.0057255,0.0000182,0.0000066
11376,0.0057241,0.0000182,0.0000066
11377,0.0057227,0.0000182,0.0000066
11378,0.0057213,0.0000182,0.0000066
11379,0.0057200,0.0000182,0.0000066
11380,0.0057186,0.0000182,0.0000066
11381,0.0057172,0.0000182,0.0000066
11382,0.0057158,0.0000182,0.0000066
11383,0.0057145,0.0000182,0.0000066
11384,0.0057131,0.0000182,0.0000066
11385,0.0057117,0.0000182,0.0000066
11386,0.0057104,0.0000182,0.0000066
11387,0.0057090,0.0000182,0.0000066
11388,0.0057076,0.0000182,0.0000066
11389,0.0057062,0.0000182,0.0000066
11390,0.0057049,0.0000182,0.0000066
11391,0.0057035,0.0000181,0.0000066
11392,0.0057021,0.0000181,0.0000066
11393,0.0057008,0.0000181,0.0000066
11394,0.0056994,0.0000181,0.0000066
11395,0.0056980,0.0000181,0.0000066
11396,0.0056967,0.0000181,0.0000066
11397,0.0056953,0.0000181,0.0000065
11398,0.0056939,0.0000181,0.0000065
11399,0.0056926,0.0000181,0.0000065
11400,0.0056912,0.0000181,0.0000065
11401,0.0056898,0.0000181,0.0000065
11402,0.0056885,0.0000181,0.0000065
11403,0.0056871,0.0000181,0.0000065
11404,0.0056857,0.0000181,0.0000065
11405,0.0056844,0.0000181,0.0000065
11406,0.0056830,0.0000181,0.0000065
11407,0.0056816,0.0000181,0.0000065
11408,0.0056803,0.0000181,0.0000065
11409,0.0056789,0.0000181,0.0000065
11410,0.0056775,0.0000181,0.0000065
11411,0.0056762,0.0000181,0.0000065
11412,0.0056748,0.0000180,0.0000065
11413,0.0056735,0.0000180,0.0000065
11414,0.0056721,0.0000180,0.0000065
11415,0.0056707,0.0000180,0.0000065
11416,0.0056694,0.0000180,0.0000065
11417,0.0056680,0.0000180,0.0000065
11418,0.0056667,0.0000180,0.0000065
11419,0.0056653,0.0000180,0.0000065
11420,0.0056639,0.0000180,0.0000065
11421,0.0056626,0.0000180,0.0000065
11422,0.0056612,0.0000180,0.0000065
11423,0.0056599,0.0000180,0.0000065
11424,0.0056585,0.0000180,0.0000065
11425,0.0056572,0.0000180,0.0000065
11426,0.0056558,0.0000180,0.0000065
11427,0.0056544,0.0000180,0.0000065
11428,0.0056531,0.0000180,0.0000065
11429,0.0056517,0.0000180,0.0000065
11430,0.0056504,0.0000180,0.0000065
11431,0.0056490,0.0000180,0.0000065
11432,0.0056477,0.0000179,0.0000065
11433,0.0056463,0.0000179,0.0000065
11434,0.0056450,0.0000179,0.0000065
11435,0.0056436,0.0000179,0.0000065
11436,0.0056422,0.0000179,0.0000065
11437,0.0056409,0.0000179,0.0000065
11438,0.0056395,0.0000179,0.0000065
11439,0.0056382,0.0000179,0.0000065
11440,0.0056368,0.0000179,0.0000065
11441,0.0056355,0.0000179,0.0000065
11442,0.0056341,0.0000179,0.0000065
11443,0.0056328,0.0000179,0.0000065
11444,0.0056314,0.0000179,0.0000065
11445,0.0056301,0.0000179,0.0000065
11446,0.0056287,0.0000179,0.0000065
11447,0.0056274,0.0000179,0.0000065
11448,0.0056260,0.0000179,0.0000065
11449,0.0056247,0.0000179,0.0000065
11450,0.0056233,0.0000179,0.0000064
11451,0.0056220,0.0000179,0.0000064
11452,0.0056207,0.0000179,0.0000064
11453,0.0056193,0.0000178,0.0000064
11454,0.0056180,0.0000178,0.0000064
11455,0.0056166,0.0000178,0.0000064
11456,0.0056153,0.0000178,0.0000064
11457,0.0056139,0.0000178,0.0000064
11458,0.0056126,0.0000178,0.0000064
11459,0.0056112,0.0000178,0.0000064
11460,0.0056099,0.0000178,0.0000064
11461,0.0056085,0.0000178,0.0000064
11462,0.0056072,0.0000178,0.0000064
11463,0.0056059,0.0000178,0.0000064
11464,0.0056045,0.0000178,0.0000064
11465,0.0056032,0.0000178,0.0000064
11466,0.0056018,0.0000178,0.0000064
11467,0.0056005,0.0000178,0.0000064
11468,0.0055991,0.0000178,0.0000064
11469,0.0055978,0.0000178,0.0000064
11470,0.0055965,0.0000178,0.0000064
11471,0.0055951,0.0000178,0.0000064
11472,0.0055938,0.0000178,0.0000064
11473,0.0055924,0.0000178,0.0000064
11474,0.0055911,0.0000177,0.0000064
11475,0.0055898,0.0000177,0.0000064
11476,0.0055884,0.0000177,0.0000064
11477,0.0055871,0.0000177,0.0000064
11478,0.0055858,0.0000177,0.0000064
11479,0.0055844,0.0000177,0.0000064
11480,0.0055831,0.0000177,0.0000064
11481,0.0055817,0.0000177,0.0000064
11482,0.0055804,0.0000177,0.0000064
11483,0.0055791,0.0000177,0.0000064
11484,0.0055777,0.0000177,0.0000064
11485,0.0055764,0.0000177,0.0000064
11486,0.0055751,0.0000177,0.0000064
11487,0.0055737,0.0000177,0.0000064
11488,0.0055724,0.0000177,0.0000064
11489,0.0055711,0.0000177,0.0000064
11490,0.0055697,0.0000177,0.0000064
11491,0.0055684,0.0000177,0.0000064
11492,0.0055671,0.0000177,0.0000064
11493,0.0055657,0.0000177,0.0000064
11494,0.0055644,0.0000177,0.0000064
11495,0.0055631,0.0000176,0.0000064
11496,0.0055617,0.0000176,0.0000064
11497,0.0055604,0.0000176,0.0000064
11498,0.0055591,0.0000176,0.0000064
11499,0.0055577,0.0000176,0.0000064
11500,0.0055564,0.0000176,0.0000064
11501,0.0055551,0.0000176,0.0000064
11502,0.0055538,0.0000176,0.0000064
11503,0.0055524,0.0000176,0.0000064
11504,0.0055511,0.0000176,0.0000064
11505,0.0055498,0.0000176,0.0000063
11506,0.0055484,0.0000176,0.0000063
11507,0.0055471,0.0000176,0.0000063
11508,0.0055458,0.0000176,0.0000063
11509,0.0055445,0.0000176,0.0000063
11510,0.0055431,0.0000176,0.0000063
11511,0.0055418,0.0000176,0.0000063
11512,0.0055405,0.0000176,0.0000063
11513,0.0055392,0.0000176,0.0000063
11514,0.0055378,0.0000176,0.0000063
11515,0.0055365,0.0000176,0.0000063
11516,0.0055352,0.0000175,0.0000063
11517,0.0055339,0.0000175,0.0000063
11518,0.0055325,0.0000175,0.0000063
11519,0.0055312,0.0000175,0.0000063
11520,0.0055299,0.0000175,0.0000063
11521,0.0055286,0.0000175,0.0000063
11522,0.0055272,0.0000175,0.0000063
11523,0.0055259,0.0000175,0.0000063
11524,0.0055246,0.0000175,0.0000063
11525,0.0055233,0.0000175,0.0000063
11526,0.0055220,0.0000175,0.0000063
11527,0.0055206,0.0000175,0.0000063
11528,0.0055193,0.0000175,0.0000063
11529,0.0055180,0.0000175,0.0000063
11530,0.0055167,0.0000175,0.0000063
11531,0.0055154,0.0000175,0.0000063
11532,0.0055140,0.0000175,0.0000063
11533,0.0055127,0.0000175,0.0000063
11534,0.0055114,0.0000175,0.0000063
11535,0.0055101,0.0000175,0.0000063
11536,0.0055088,0.0000175,0.0000063
11537,0.0055075,0.0000175,0.0000063
11538,0.0055061,0.0000174,0.0000063
11539,0.0055048,0.0000174,0.0000063
11540,0.0055035,0.0000174,0.0000063
11541,0.0055022,0.0000174,0.0000063
11542,0.0055009,0.0000174,0.0000063
11543,0.0054996,0.0000174,0.0000063
11544,0.0054983,0.0000174,0.0000063
11545,0.0054969,0.0000174,0.0000063
11546,0.0054956,0.0000174,0.0000063
11547,0.0054943,0.0000174,0.0000063
11548,0.0054930,0.0000174,0.0000063
11549,0.0054917,0.0000174,0.0000063
11550,0.0054904,0.0000174,0.0000063
11551,0.0054891,0.0000174,0.0000063
11552,0.0054878,0.0000174,0.0000063
11553,0.0054864,0.0000174,0.0000063
11554,0.0054851,0.0000174,0.0000063
11555,0.0054838,0.0000174,0.0000063
11556,0.0054825,0.0000174,0.0000063
11557,0.0054812,0.0000174,0.0000063
11558,0.0054799,0.0000174,0.0000063
11559,0.0054786,0.0000173,0.0000063
11560,0.0054773,0.0000173,0.0000062
11561,0.0054760,0.0000173,0.0000062
11562,0.0054747,0.0000173,0.0000062
11563,0.0054734,0.0000173,0.0000062
11564,0.0054720,0.0000173,0.0000062
11565,0.0054707,0.0000173,0.0000062
11566,0.0054694,0.0000173,0.0000062
11567,0.0054681,0.0000173,0.0000062
11568,0.0054668,0.0000173,0.0000062
11569,0.0054655,0.0000173,0.0000062
11570,0.0054642,0.0000173,0.0000062
11571,0.0054629,0.0000173,0.0000062
11572,0.0054616,0.0000173,0.0000062
11573,0.0054603,0.0000173,0.0000062
11574,0.0054590,0.0000173,0.0000062
11575,0.0054577,0.0000173,0.0000062
11576,0.0054564,0.0000173,0.0000062
11577,0.0054551,0.0000173,0.0000062
11578,0.0054538,0.0000173,0.0000062
11579,0.0054525,0.0000173,0.0000062
11580,0.0054512,0.0000173,0.0000062
11581,0.0054499,0.0000172,0.0000062
11582,0.0054486,0.0000172,0.0000062
11583,0.0054473,0.0000172,0.0000062
11584,0.0054460,0.0000172,0.0000062
11585,0.0054447,0.0000172,0.0000062
11586,0.0054434,0.0000172,0.0000062
11587,0.0054421,0.0000172,0.0000062
11588,0.0054408,0.0000172,0.0000062
11589,0.0054395,0.0000172,0.0000062
11590,0.0054382,0.0000172,0.0000062
11591,0.0054369,0.0000172,0.0000062
11592,0.0054356,0.0000172,0.0000062
11593,0.0054343,0.0000172,0.0000062
11594,0.0054330,0.0000172,0.0000062
11595,0.0054317,0.0000172,0.0000062
11596,0.0054304,0.0000172,0.0000062
11597,0.0054291,0.0000172,0.0000062
11598,0.0054278,0.0000172,0.0000062
11599,0.0054265,0.0000172,0.0000062
11600,0.0054252,0.0000172,0.0000062
11601,0.0054239,0.0000172,0.0000062
11602,0.0054226,0.0000172,0.0000062
11603,0.0054214,0.0000171,0.0000062
11604,0.0054201,0.0000171,0.0000062
11605,0.0054188,0.0000171,0.0000062
11606,0.0054175,0.0000171,0.0000062
11607,0.0054162,0.0000171,0.0000062
11608,0.0054149,0.0000171,0.0000062
11609,0.0054136,0.0000171,0.0000062
11610,0.0054123,0.0000171,0.0000062
11611,0.0054110,0.0000171,0.0000062
11612,0.0054097,0.0000171,0.0000062
11613,0.0054084,0.0000171,0.0000062
11614,0.0054071,0.0000171,0.0000062
11615,0.0054059,0.0000171,0.0000062
11616,0.0054046,0.0000171,0.0000061
11617,0.0054033,0.0000171,0.0000061
11618,0.0054020,0.0000171,0.0000061
11619,0.0054007,0.0000171,0.0000061
11620,0.0053994,0.0000171,0.0000061
11621,0.0053981,0.0000171,0.0000061
11622,0.0053968,0.0000171,0.0000061
11623,0.0053956,0.0000171,0.0000061
11624,0.0053943,0.0000171,0.0000061
11625,0.0053930,0.0000170,0.0000061
11626,0.0053917,0.0000170,0.0000061
11627,0.0053904,0.0000170,0.0000061
11628,0.0053891,0.0000170,0.0000061
11629,0.0053878,0.0000170,0.0000061
11630,0.0053866,0.0000170,0.0000061
11631,0.0053853,0.0000170,0.0000061
11632,0.0053840,0.0000170,0.0000061
11633,0.0053827,0.0000170,0.0000061
11634,0.0053814,0.0000170,0.0000061
11635,0.0053801,0.0000170,0.0000061
11636,0.0053789,0.0000170,0.0000061
11637,0.0053776,0.0000170,0.0000061
11638,0.0053763,0.0000170,0.0000061
11639,0.0053750,0.0000170,0.0000061
11640,0.0053737,0.0000170,0.0000061
11641,0.0053725,0.0000170,0.0000061
11642,0.0053712,0.0000170,0.0000061
11643,0.0053699,0.0000170,0.0000061
11644,0.0053686,0.0000170,0.0000061
11645,0.0053673,0.0000170,0.0000061
11646,0.0053661,0.0000170,0.0000061
11647,0.0053648,0.0000169,0.0000061
11648,0.0053635,0.0000169,0.0000061
11649,0.0053622,0.0000169,0.0000061
11650,0.0053610,0.0000169,0.0000061
11651,0.0053597,0.0000169,0.0000061
11652,0.0053584,0.0000169,0.0000061
11653,0.0053571,0.0000169,0.0000061
11654,0.0053559,0.0000169,0.0000061
11655,0.0053546,0.0000169,0.0000061
11656,0.0053533,0.0000169,0.0000061
11657,0.0053520,0.0000169,0.0000061
11658,0.0053508,0.0000169,0.0000061
11659,0.0053495,0.0000169,0.0000061
11660,0.0053482,0.0000169,0.0000061
11661,0.0053469,0.0000169,0.0000061
11662,0.0053457,0.0000169,0.0000061
11663,0.0053444,0.0000169,0.0000061
11664,0.0053431,0.0000169,0.0000061
11665,0.0053418,0.0000169,0.0000061
11666,0.0053406,0.0000169,0.0000061
11667,0.0053393,0.0000169,0.0000061
11668,0.0053380,0.0000169,0.0000061
11669,0.0053368,0.0000168,0.0000061
11670,0.0053355,0.0000168,0.0000061
11671,0.0053342,0.0000168,0.0000061
11672,0.0053330,0.0000168,0.0000061
11673,0.0053317,0.0000168,0.0000061
11674,0.0053304,0.0000168,0.0000060
11675,0.0053291,0.0000168,0.0000060
11676,0.0053279,0.0000168,0.0000060
11677,0.0053266,0.0000168,0.0000060
11678,0.0053253,0.0000168,0.0000060
11679,0.0053241,0.0000168,0.0000060
11680,0.0053228,0.0000168,0.0000060
11681,0.0053215,0.0000168,0.0000060
11682,0.0053203,0.0000168,0.0000060
11683,0.0053190,0.0000168,0.0000060
11684,0.0053177,0.0000168,0.0000060
11685,0.0053165,0.0000168,0.0000060
11686,0.0053152,0.0000168,0.0000060
11687,0.0053140,0.0000168,0.0000060
11688,0.0053127,0.0000168,0.0000060
11689,0.0053114,0.0000168,0.0000060
11690,0.0053102,0.0000168,0.0000060
11691,0.0053089,0.0000167,0.0000060
11692,0.0053076,0.0000167,0.0000060
11693,0.0053064,0.0000167,0.0000060
11694,0.0053051,0.0000167,0.0000060
11695,0.0053038,0.0000167,0.0000060
11696,0.0053026,0.0000167,0.0000060
11697,0.0053013,0.0000167,0.0000060
11698,0.0053001,0.0000167,0.0000060
11699,0.0052988,0.0000167,0.0000060
11700,0.0052975,0.0000167,0.0000060
11701,0.0052963,0.0000167,0.0000060
11702,0.0052950,0.0000167,0.0000060
11703,0.0052938,0.0000167,0.0000060
11704,0.0052925,0.0000167,0.0000060
11705,0.0052913,0.0000167,0.0000060
11706,0.0052900,0.0000167,0.0000060
11707,0.0052887,0.0000167,0.0000060
11708,0.0052875,0.0000167,0.0000060
11709,0.0052862,0.0000167,0.0000060
11710,0.0052850,0.0000167,0.0000060
11711,0.0052837,0.0000167,0.0000060
11712,0.0052825,0.0000167,0.0000060
11713,0.0052812,0.0000167,0.0000060
11714,0.0052799,0.0000166,0.0000060
11715,0.0052787,0.0000166,0.0000060
11716,0.0052774,0.0000166,0.0000060
11717,0.0052762,0.0000166,0.0000060
11718,0.0052749,0.0000166,0.0000060
11719,0.0052737,0.0000166,0.0000060
11720,0.0052724,0.0000166,0.0000060
11721,0.0052712,0.0000166,0.0000060
11722,0.0052699,0.0000166,0.0000060
11723,0.0052687,0.0000166,0.0000060
11724,0.0052674,0.0000166,0.0000060
11725,0.0052662,0.0000166,0.0000060
11726,0.0052649,0.0000166,0.0000060
11727,0.0052637,0.0000166,0.0000060
11728,0.0052624,0.0000166,0.0000060
11729,0.0052612,0.0000166,0.0000060
11730,0.0052599,0.0000166,0.0000060
11731,0.0052587,0.0000166,0.0000060
11732,0.0052574,0.0000166,0.0000059
11733,0.0052562,0.0000166,0.0000059
11734,0.0052549,0.0000166,0.0000059
11735,0.0052537,0.0000166,0.0000059
11736,0.0052524,0.0000165,0.0000059
11737,0.0052512,0.0000165,0.0000059
11738,0.0052499,0.0000165,0.0000059
11739,0.0052487,0.0000165,0.0000059
11740,0.0052474,0.0000165,0.0000059
11741,0.0052462,0.0000165,0.0000059
11742,0.0052449,0.0000165,0.0000059
11743,0.0052437,0.0000165,0.0000059
11744,0.0052424,0.0000165,0.0000059
11745,0.0052412,0.0000165,0.0000059
11746,0.0052400,0.0000165,0.0000059
11747,0.0052387,0.0000165,0.0000059
11748,0.0052375,0.0000165,0.0000059
11749,0.0052362,0.0000165,0.0000059
11750,0.0052350,0.0000165,0.0000059
11751,0.0052337,0.0000165,0.0000059
11752,0.0052325,0.0000165,0.0000059
11753,0.0052313,0.0000165,0.0000059
11754,0.0052300,0.0000165,0.0000059
11755,0.0052288,0.0000165,0.0000059
11756,0.0052275,0.0000165,0.0000059
11757,0.0052263,0.0000165,0.0000059
11758,0.0052251,0.0000165,0.0000059
11759,0.0052238,0.0000164,0.0000059
11760,0.0052226,0.0000164,0.0000059
11761,0.0052213,0.0000164,0.0000059
11762,0.0052201,0.0000164,0.0000059
11763,0.0052189,0.0000164,0.0000059
11764,0.0052176,0.0000164,0.0000059
11765,0.0052164,0.0000164,0.0000059
11766,0.0052151,0.0000164,0.0000059
11767,0.0052139,0.0000164,0.0000059
11768,0.0052127,0.0000164,0.0000059
11769,0.0052114,0.0000164,0.0000059
11770,0.0052102,0.0000164,0.0000059
11771,0.0052090,0.0000164,0.0000059
11772,0.0052077,0.0000164,0.0000059
11773,0.0052065,0.0000164,0.0000059
11774,0.0052052,0.0000164,0.0000059
11775,0.0052040,0.0000164,0.0000059
11776,0.0052028,0.0000164,0.0000059
11777,0.0052015,0.0000164,0.0000059
11778,0.0052003,0.0000164,0.0000059
11779,0.0051991,0.0000164,0.0000059
11780,0.0051978,0.0000164,0.0000059
11781,0.0051966,0.0000164,0.0000059
11782,0.0051954,0.0000163,0.0000059
11783,0.0051941,0.0000163,0.0000059
11784,0.0051929,0.0000163,0.0000059
11785,0.0051917,0.0000163,0.0000059
11786,0.0051905,0.0000163,0.0000059
11787,0.0051892,0.0000163,0.0000059
11788,0.0051880,0.0000163,0.0000059
11789,0.0051868,0.0000163,0.0000059
11790,0.0051855,0.0000163,0.0000059
11791,0.0051843,0.0000163,0.0000059
11792,0.0051831,0.0000163,0.0000058
11793,0.0051818,0.0000163,0.0000058
11794,0.0051806,0.0000163,0.0000058
11795,0.0051794,0.0000163,0.0000058
11796,0.0051782,0.0000163,0.0000058
11797,0.0051769,0.0000163,0.0000058
11798,0.0051757,0.0000163,0.0000058
11799,0.0051745,0.0000163,0.0000058
11800,0.0051733,0.0000163,0.0000058
11801,0.0051720,0.0000163,0.0000058
11802,0.0051708,0.0000163,0.0000058
11803,0.0051696,0.0000163,0.0000058
11804,0.0051684,0.0000163,0.0000058
11805,0.0051671,0.0000162,0.0000058
11806,0.0051659,0.0000162,0.0000058
11807,0.0051647,0.0000162,0.0000058
11808,0.0051635,0.0000162,0.0000058
11809,0.0051622,0.0000162,0.0000058
11810,0.0051610,0.0000162,0.0000058
11811,0.0051598,0.0000162,0.0000058
11812,0.0051586,0.0000162,0.0000058
11813,0.0051573,0.0000162,0.0000058
11814,0.0051561,0.0000162,0.0000058
11815,0.0051549,0.0000162,0.0000058
11816,0.0051537,0.0000162,0.0000058
11817,0.0051525,0.0000162,0.0000058
11818,0.0051512,0.0000162,0.0000058
11819,0.0051500,0.0000162,0.0000058
11820,0.0051488,0.0000162,0.0000058
11821,0.0051476,0.0000162,0.0000058
11822,0.0051464,0.0000162,0.0000058
11823,0.0051451,0.0000162,0.0000058
11824,0.0051439,0.0000162,0.0000058
11825,0.0051427,0.0000162,0.0000058
11826,0.0051415,0.0000162,0.0000058
11827,0.0051403,0.0000162,0.0000058
11828,0.0051390,0.0000162,0.0000058
11829,0.0051378,0.0000161,0.0000058
11830,0.0051366,0.0000161,0.0000058
11831,0.0051354,0.0000161,0.0000058
11832,0.0051342,0.0000161,0.0000058
11833,0.0051330,0.0000161,0.0000058
11834,0.0051318,0.0000161,0.0000058
11835,0.0051305,0.0000161,0.0000058
11836,0.0051293,0.0000161,0.0000058
11837,0.0051281,0.0000161,0.0000058
11838,0.0051269,0.0000161,0.0000058
11839,0.0051257,0.0000161,0.0000058
11840,0.0051245,0.0000161,0.0000058
11841,0.0051233,0.0000161,0.0000058
11842,0.0051220,0.0000161,0.0000058
11843,0.0051208,0.0000161,0.0000058
11844,0.0051196,0.0000161,0.0000058
11845,0.0051184,0.0000161,0.0000058
11846,0.0051172,0.0000161,0.0000058
11847,0.0051160,0.0000161,0.0000058
11848,0.0051148,0.0000161,0.0000058
11849,0.0051136,0.0000161,0.0000058
11850,0.0051124,0.0000161,0.0000058
11851,0.0051111,0.0000161,0.0000058
11852,0.0051099,0.0000160,0.0000058
11853,0.0051087,0.0000160,0.0000057
11854,0.0051075,0.0000160,0.0000057
11855,0.0051063,0.0000160,0.0000057
11856,0.0051051,0.0000160,0.0000057
11857,0.0051039,0.0000160,0.0000057
11858,0.0051027,0.0000160,0.0000057
11859,0.0051015,0.0000160,0.0000057
11860,0.0051003,0.0000160,0.0000057
11861,0.0050991,0.0000160,0.0000057
11862,0.0050979,0.0000160,0.0000057
11863,0.0050967,0.0000160,0.0000057
11864,0.0050954,0.0000160,0.0000057
11865,0.0050942,0.0000160,0.0000057
11866,0.0050930,0.0000160,0.0000057
11867,0.0050918,0.0000160,0.0000057
11868,0.0050906,0.0000160,0.0000057
11869,0.0050894,0.0000160,0.0000057
11870,0.0050882,0.0000160,0.0000057
11871,0.0050870,0.0000160,0.0000057
11872,0.0050858,0.0000160,0.0000057
11873,0.0050846,0.0000160,0.0000057
11874,0.0050834,0.0000160,0.0000057
11875,0.0050822,0.0000160,0.0000057
11876,0.0050810,0.0000159,0.0000057
11877,0.0050798,0.0000159,0.0000057
11878,0.0050786,0.0000159,0.0000057
11879,0.0050774,0.0000159,0.0000057
11880,0.0050762,0.0000159,0.0000057
11881,0.0050750,0.0000159,0.0000057
11882,0.0050738,0.0000159,0.0000057
11883,0.0050726,0.0000159,0.0000057
11884,0.0050714,0.0000159,0.0000057
11885,0.0050702,0.0000159,0.0000057
11886,0.0050690,0.0000159,0.0000057
11887,0.0050678,0.0000159,0.0000057
11888,0.0050666,0.0000159,0.0000057
11889,0.0050654,0.0000159,0.0000057
11890,0.0050642,0.0000159,0.0000057
11891,0.0050630,0.0000159,0.0000057
11892,0.0050618,0.0000159,0.0000057
11893,0.0050606,0.0000159,0.0000057
11894,0.0050594,0.0000159,0.0000057
11895,0.0050582,0.0000159,0.0000057
11896,0.0050570,0.0000159,0.0000057
11897,0.0050558,0.0000159,0.0000057
11898,0.0050547,0.0000159,0.0000057
11899,0.0050535,0.0000158,0.0000057
11900,0.0050523,0.0000158,0.0000057
11901,0.0050511,0.0000158,0.0000057
11902,0.0050499,0.0000158,0.0000057
11903,0.0050487,0.0000158,0.0000057
11904,0.0050475,0.0000158,0.0000057
11905,0.0050463,0.0000158,0.0000057
11906,0.0050451,0.0000158,0.0000057
11907,0.0050439,0.0000158,0.0000057
11908,0.0050427,0.0000158,0.0000057
11909,0.0050415,0.0000158,0.0000057
11910,0.0050403,0.0000158,0.0000057
11911,0.0050392,0.0000158,0.0000057
11912,0.0050380,0.0000158,0.0000057
11913,0.0050368,0.0000158,0.0000057
11914,0.0050356,0.0000158,0.0000057
11915,0.0050344,0.0000158,0.0000056
11916,0.0050332,0.0000158,0.0000056
11917,0.0050320,0.0000158,0.0000056
11918,0.0050308,0.0000158,0.0000056
11919,0.0050296,0.0000158,0.0000056
11920,0.0050285,0.0000158,0.0000056
11921,0.0050273,0.0000158,0.0000056
11922,0.0050261,0.0000158,0.0000056
11923,0.0050249,0.0000157,0.0000056
11924,0.0050237,0.0000157,0.0000056
11925,0.0050225,0.0000157,0.0000056
11926,0.0050213,0.0000157,0.0000056
11927,0.0050201,0.0000157,0.0000056
11928,0.0050190,0.0000157,0.0000056
11929,0.0050178,0.0000157,0.0000056
11930,0.0050166,0.0000157,0.0000056
11931,0.0050154,0.0000157,0.0000056
11932,0.0050142,0.0000157,0.0000056
11933,0.0050130,0.0000157,0.0000056
11934,0.0050119,0.0000157,0.0000056
11935,0.0050107,0.0000157,0.0000056
11936,0.0050095,0.0000157,0.0000056
11937,0.0050083,0.0000157,0.0000056
11938,0.0050071,0.0000157,0.0000056
11939,0.0050060,0.0000157,0.0000056
11940,0.0050048,0.0000157,0.0000056
11941,0.0050036,0.0000157,0.0000056
11942,0.0050024,0.0000157,0.0000056
11943,0.0050012,0.0000157,0.0000056
11944,0.0050000,0.0000157,0.0000056
11945,0.0049989,0.0000157,0.0000056
11946,0.0049977,0.0000157,0.0000056
11947,0.0049965,0.0000156,0.0000056
11948,0.0049953,0.0000156,0.0000056
11949,0.0049942,0.0000156,0.0000056
11950,0.0049930,0.0000156,0.0000056
11951,0.0049918,0.0000156,0.0000056
11952,0.0049906,0.0000156,0.0000056
11953,0.0049894,0.0000156,0.0000056
11954,0.0049883,0.0000156,0.0000056
11955,0.0049871,0.0000156,0.0000056
11956,0.0049859,0.0000156,0.0000056
11957,0.0049847,0.0000156,0.0000056
11958,0.0049836,0.0000156,0.0000056
11959,0.0049824,0.0000156,0.0000056
11960,0.0049812,0.0000156,0.0000056
11961,0.0049800,0.0000156,0.0000056
11962,0.0049789,0.0000156,0.0000056
11963,0.0049777,0.0000156,0.0000056
11964,0.0049765,0.0000156,0.0000056
11965,0.0049753,0.0000156,0.0000056
11966,0.0049742,0.0000156,0.0000056
11967,0.0049730,0.0000156,0.0000056
11968,0.0049718,0.0000156,0.0000056
11969,0.0049707,0.0000156,0.0000056
11970,0.0049695,0.0000156,0.0000056
11971,0.0049683,0.0000156,0.0000056
11972,0.0049671,0.0000155,0.0000056
11973,0.0049660,0.0000155,0.0000056
11974,0.0049648,0.0000155,0.0000056
11975,0.0049636,0.0000155,0.0000056
11976,0.0049625,0.0000155,0.0000056
11977,0.0049613,0.0000155,0.0000056
11978,0.0049601,0.0000155,0.0000055
11979,0.0049590,0.0000155,0.0000055
11980,0.0049578,0.0000155,0.0000055
11981,0.0049566,0.0000155,0.0000055
11982,0.0049554,0.0000155,0.0000055
11983,0.0049543,0.0000155,0.0000055
11984,0.0049531,0.0000155,0.0000055
11985,0.0049519,0.0000155,0.0000055
11986,0.0049508,0.0000155,0.0000055
11987,0.0049496,0.0000155,0.0000055
11988,0.0049484,0.0000155,0.0000055
11989,0.0049473,0.0000155,0.0000055
11990,0.0049461,0.0000155,0.0000055
11991,0.0049449,0.0000155,0.0000055
11992,0.0049438,0.0000155,0.0000055
11993,0.0049426,0.0000155,0.0000055
11994,0.0049415,0.0000155,0.0000055
11995,0.0049403,0.0000155,0.0000055
11996,0.0049391,0.0000154,0.0000055
11997,0.0049380,0.0000154,0.0000055
11998,0.0049368,0.0000154,0.0000055
11999,0.0049356,0.0000154,0.0000055
12000,0.0049345,0.0000154,0.0000055
12001,0.0049333,0.0000154,0.0000055
12002,0.0049322,0.0000154,0.0000055
12003,0.0049310,0.0000154,0.0000055
12004,0.0049298,0.0000154,0.0000055
12005,0.0049287,0.0000154,0.0000055
12006,0.0049275,0.0000154,0.0000055
12007,0.0049263,0.0000154,0.0000055
12008,0.0049252,0.0000154,0.0000055
12009,0.0049240,0.0000154,0.0000055
12010,0.0049229,0.0000154,0.0000055
12011,0.0049217,0.0000154,0.0000055
12012,0.0049206,0.0000154,0.0000055
12013,0.0049194,0.0000154,0.0000055
12014,0.0049182,0.0000154,0.0000055
12015,0.0049171,0.0000154,0.0000055
12016,0.0049159,0.0000154,0.0000055
12017,0.0049148,0.0000154,0.0000055
12018,0.0049136,0.0000154,0.0000055
12019,0.0049125,0.0000154,0.0000055
12020,0.0049113,0.0000154,0.0000055
12021,0.0049101,0.0000153,0.0000055
12022,0.0049090,0.0000153,0.0000055
12023,0.0049078,0.0000153,0.0000055
12024,0.0049067,0.0000153,0.0000055
12025,0.0049055,0.0000153,0.0000055
12026,0.0049044,0.0000153,0.0000055
12027,0.0049032,0.0000153,0.0000055
12028,0.0049021,0.0000153,0.0000055
12029,0.0049009,0.0000153,0.0000055
12030,0.0048998,0.0000153,0.0000055
12031,0.0048986,0.0000153,0.0000055
12032,0.0048974,0.0000153,0.0000055
12033,0.0048963,0.0000153,0.0000055
12034,0.0048951,0.0000153,0.0000055
12035,0.0048940,0.0000153,0.0000055
12036,0.0048928,0.0000153,0.0000055
12037,0.0048917,0.0000153,0.0000055
12038,0.0048905,0.0000153,0.0000055
12039,0.0048894,0.0000153,0.0000055
12040,0.0048882,0.0000153,0.0000055
12041,0.0048871,0.0000153,0.0000055
12042,0.0048859,0.0000153,0.0000055
12043,0.0048848,0.0000153,0.0000054
12044,0.0048836,0.0000153,0.0000054
12045,0.0048825,0.0000152,0.0000054
12046,0.0048813,0.0000152,0.0000054
12047,0.0048802,0.0000152,0.0000054
12048,0.0048791,0.0000152,0.0000054
12049,0.0048779,0.0000152,0.0000054
12050,0.0048768,0.0000152,0.0000054
12051,0.0048756,0.0000152,0.0000054
12052,0.0048745,0.0000152,0.0000054
12053,0.0048733,0.0000152,0.0000054
12054,0.0048722,0.0000152,0.0000054
12055,0.0048710,0.0000152,0.0000054
12056,0.0048699,0.0000152,0.0000054
12057,0.0048687,0.0000152,0.0000054
12058,0.0048676,0.0000152,0.0000054
12059,0.0048664,0.0000152,0.0000054
12060,0.0048653,0.0000152,0.0000054
12061,0.0048642,0.0000152,0.0000054
12062,0.0048630,0.0000152,0.0000054
12063,0.0048619,0.0000152,0.0000054
12064,0.0048607,0.0000152,0.0000054
12065,0.0048596,0.0000152,0.0000054
12066,0.0048584,0.0000152,0.0000054
12067,0.0048573,0.0000152,0.0000054
12068,0.0048562,0.0000152,0.0000054
12069,0.0048550,0.0000152,0.0000054
12070,0.0048539,0.0000151,0.0000054
12071,0.0048527,0.0000151,0.0000054
12072,0.0048516,0.0000151,0.0000054
12073,0.0048505,0.0000151,0.0000054
12074,0.0048493,0.0000151,0.0000054
12075,0.0048482,0.0000151,0.0000054
12076,0.0048470,0.0000151,0.0000054
12077,0.0048459,0.0000151,0.0000054
12078,0.0048448,0.0000151,0.0000054
12079,0.0048436,0.0000151,0.0000054
12080,0.0048425,0.0000151,0.0000054
12081,0.0048414,0.0000151,0.0000054
12082,0.0048402,0.0000151,0.0000054
12083,0.0048391,0.0000151,0.0000054
12084,0.0048379,0.0000151,0.0000054
12085,0.0048368,0.0000151,0.0000054
12086,0.0048357,0.0000151,0.0000054
12087,0.0048345,0.0000151,0.0000054
12088,0.0048334,0.0000151,0.0000054
12089,0.0048323,0.0000151,0.0000054
12090,0.0048311,0.0000151,0.0000054
12091,0.0048300,0.0000151,0.0000054
12092,0.0048289,0.0000151,0.0000054
12093,0.0048277,0.0000151,0.0000054
12094,0.0048266,0.0000151,0.0000054
12095,0.0048255,0.0000150,0.0000054
12096,0.0048243,0.0000150,0.0000054
12097,0.0048232,0.0000150,0.0000054
12098,0.0048221,0.0000150,0.0000054
12099,0.0048209,0.0000150,0.0000054
12100,0.0048198,0.0000150,0.0000054
12101,0.0048187,0.0000150,0.0000054
12102,0.0048175,0.0000150,0.0000054
12103,0.0048164,0.0000150,0.0000054
12104,0.0048153,0.0000150,0.0000054
12105,0.0048142,0.0000150,0.0000054
12106,0.0048130,0.0000150,0.0000054
12107,0.0048119,0.0000150,0.0000054
12108,0.0048108,0.0000150,0.0000053
12109,0.0048096,0.0000150,0.0000053
12110,0.0048085,0.0000150,0.0000053
12111,0.0048074,0.0000150,0.0000053
12112,0.0048062,0.0000150,0.0000053
12113,0.0048051,0.0000150,0.0000053
12114,0.0048040,0.0000150,0.0000053
12115,0.0048029,0.0000150,0.0000053
12116,0.0048017,0.0000150,0.0000053
12117,0.0048006,0.0000150,0.0000053
12118,0.0047995,0.0000150,0.0000053
12119,0.0047984,0.0000150,0.0000053
12120,0.0047972,0.0000150,0.0000053
12121,0.0047961,0.0000149,0.0000053
12122,0.0047950,0.0000149,0.0000053
12123,0.0047939,0.0000149,0.0000053
12124,0.0047927,0.0000149,0.0000053
12125,0.0047916,0.0000149,0.0000053
12126,0.0047905,0.0000149,0.0000053
12127,0.0047894,0.0000149,0.0000053
12128,0.0047882,0.0000149,0.0000053
12129,0.0047871,0.0000149,0.0000053
12130,0.0047860,0.0000149,0.0000053
12131,0.0047849,0.0000149,0.0000053
12132,0.0047838,0.0000149,0.0000053
12133,0.0047826,0.0000149,0.0000053
12134,0.0047815,0.0000149,0.0000053
12135,0.0047804,0.0000149,0.0000053
12136,0.0047793,0.0000149,0.0000053
12137,0.0047781,0.0000149,0.0000053
12138,0.0047770,0.0000149,0.0000053
12139,0.0047759,0.0000149,0.0000053
12140,0.0047748,0.0000149,0.0000053
12141,0.0047737,0.0000149,0.0000053
12142,0.0047725,0.0000149,0.0000053
12143,0.0047714,0.0000149,0.0000053
12144,0.0047703,0.0000149,0.0000053
12145,0.0047692,0.0000149,0.0000053
12146,0.0047681,0.0000148,0.0000053
12147,0.0047670,0.0000148,0.0000053
12148,0.0047658,0.0000148,0.0000053
12149,0.0047647,0.0000148,0.0000053
12150,0.0047636,0.0000148,0.0000053
12151,0.0047625,0.0000148,0.0000053
12152,0.0047614,0.0000148,0.0000053
12153,0.0047603,0.0000148,0.0000053
12154,0.0047591,0.0000148,0.0000053
12155,0.0047580,0.0000148,0.0000053
12156,0.0047569,0.0000148,0.0000053
12157,0.0047558,0.0000148,0.0000053
12158,0.0047547,0.0000148,0.0000053
12159,0.0047536,0.0000148,0.0000053
12160,0.0047525,0.0000148,0.0000053
12161,0.0047513,0.0000148,0.0000053
12162,0.0047502,0.0000148,0.0000053
12163,0.0047491,0.0000148,0.0000053
12164,0.0047480,0.0000148,0.0000053
12165,0.0047469,0.0000148,0.0000053
12166,0.0047458,0.0000148,0.0000053
12167,0.0047447,0.0000148,0.0000053
12168,0.0047436,0.0000148,0.0000053
12169,0.0047424,0.0000148,0.0000053
12170,0.0047413,0.0000148,0.0000053
12171,0.0047402,0.0000148,0.0000053
12172,0.0047391,0.0000147,0.0000053
12173,0.0047380,0.0000147,0.0000053
12174,0.0047369,0.0000147,0.0000053
12175,0.0047358,0.0000147,0.0000053
12176,0.0047347,0.0000147,0.0000052
12177,0.0047336,0.0000147,0.0000052
12178,0.0047325,0.0000147,0.0000052
12179,0.0047314,0.0000147,0.0000052
12180,0.0047302,0.0000147,0.0000052
12181,0.0047291,0.0000147,0.0000052
12182,0.0047280,0.0000147,0.0000052
12183,0.0047269,0.0000147,0.0000052
12184,0.0047258,0.0000147,0.0000052
12185,0.0047247,0.0000147,0.0000052
12186,0.0047236,0.0000147,0.0000052
12187,0.0047225,0.0000147,0.0000052
12188,0.0047214,0.0000147,0.0000052
12189,0.0047203,0.0000147,0.0000052
12190,0.0047192,0.0000147,0.0000052
12191,0.0047181,0.0000147,0.0000052
12192,0.0047170,0.0000147,0.0000052
12193,0.0047159,0.0000147,0.0000052
12194,0.0047148,0.0000147,0.0000052
12195,0.0047137,0.0000147,0.0000052
12196,0.0047126,0.0000147,0.0000052
12197,0.0047115,0.0000147,0.0000052
12198,0.0047104,0.0000146,0.0000052
12199,0.0047093,0.0000146,0.0000052
12200,0.0047082,0.0000146,0.0000052
12201,0.0047071,0.0000146,0.0000052
12202,0.0047060,0.0000146,0.0000052
12203,0.0047049,0.0000146,0.0000052
12204,0.0047038,0.0000146,0.0000052
12205,0.0047027,0.0000146,0.0000052
12206,0.0047016,0.0000146,0.0000052
12207,0.0047005,0.0000146,0.0000052
12208,0.0046994,0.0000146,0.0000052
12209,0.0046983,0.0000146,0.0000052
12210,0.0046972,0.0000146,0.0000052
12211,0.0046961,0.0000146,0.0000052
12212,0.0046950,0.0000146,0.0000052
12213,0.0046939,0.0000146,0.0000052
12214,0.0046928,0.0000146,0.0000052
12215,0.0046917,0.0000146,0.0000052
12216,0.0046906,0.0000146,0.0000052
12217,0.0046895,0.0000146,0.0000052
12218,0.0046884,0.0000146,0.0000052
12219,0.0046873,0.0000146,0.0000052
12220,0.0046862,0.0000146,0.0000052
12221,0.0046851,0.0000146,0.0000052
12222,0.0046840,0.0000146,0.0000052
12223,0.0046829,0.0000146,0.0000052
12224,0.0046818,0.0000145,0.0000052
12225,0.0046807,0.0000145,0.0000052
12226,0.0046796,0.0000145,0.0000052
12227,0.0046785,0.0000145,0.0000052
12228,0.0046774,0.0000145,0.0000052
12229,0.0046763,0.0000145,0.0000052
12230,0.0046752,0.0000145,0.0000052
12231,0.0046741,0.0000145,0.0000052
12232,0.0046731,0.0000145,0.0000052
12233,0.0046720,0.0000145,0.0000052
12234,0.0046709,0.0000145,0.0000052
12235,0.0046698,0.0000145,0.0000052
12236,0.0046687,0.0000145,0.0000052
12237,0.0046676,0.0000145,0.0000052
12238,0.0046665,0.0000145,0.0000052
12239,0.0046654,0.0000145,0.0000052
12240,0.0046643,0.0000145,0.0000052
12241,0.0046632,0.0000145,0.0000052
12242,0.0046621,0.0000145,0.0000052
12243,0.0046611,0.0000145,0.0000052
12244,0.0046600,0.0000145,0.0000051
12245,0.0046589,0.0000145,0.0000051
12246,0.0046578,0.0000145,0.0000051
12247,0.0046567,0.0000145,0.0000051
12248,0.0046556,0.0000145,0.0000051
12249,0.0046545,0.0000145,0.0000051
12250,0.0046534,0.0000144,0.0000051
12251,0.0046524,0.0000144,0.0000051
12252,0.0046513,0.0000144,0.0000051
12253,0.0046502,0.0000144,0.0000051
12254,0.0046491,0.0000144,0.0000051
12255,0.0046480,0.0000144,0.0000051
12256,0.0046469,0.0000144,0.0000051
12257,0.0046458,0.0000144,0.0000051
12258,0.0046448,0.0000144,0.0000051
12259,0.0046437,0.0000144,0.0000051
12260,0.0046426,0.0000144,0.0000051
12261,0.0046415,0.0000144,0.0000051
12262,0.0046404,0.0000144,0.0000051
12263,0.0046393,0.0000144,0.0000051
12264,0.0046383,0.0000144,0.0000051
12265,0.0046372,0.0000144,0.0000051
12266,0.0046361,0.0000144,0.0000051
12267,0.0046350,0.0000144,0.0000051
12268,0.0046339,0.0000144,0.0000051
12269,0.0046328,0.0000144,0.0000051
12270,0.0046318,0.0000144,0.0000051
12271,0.0046307,0.0000144,0.0000051
12272,0.0046296,0.0000144,0.0000051
12273,0.0046285,0.0000144,0.0000051
12274,0.0046274,0.0000144,0.0000051
12275,0.0046264,0.0000144,0.0000051
12276,0.0046253,0.0000144,0.0000051
12277,0.0046242,0.0000143,0.0000051
12278,0.0046231,0.0000143,0.0000051
12279,0.0046220,0.0000143,0.0000051
12280,0.0046210,0.0000143,0.0000051
12281,0.0046199,0.0000143,0.0000051
12282,0.0046188,0.0000143,0.0000051
12283,0.0046177,0.0000143,0.0000051
12284,0.0046166,0.0000143,0.0000051
12285,0.0046156,0.0000143,0.0000051
12286,0.0046145,0.0000143,0.0000051
12287,0.0046134,0.0000143,0.0000051
12288,0.0046123,0.0000143,0.0000051
12289,0.0046113,0.0000143,0.0000051
12290,0.0046102,0.0000143,0.0000051
12291,0.0046091,0.0000143,0.0000051
12292,0.0046080,0.0000143,0.0000051
12293,0.0046070,0.0000143,0.0000051
12294,0.0046059,0.0000143,0.0000051
12295,0.0046048,0.0000143,0.0000051
12296,0.0046037,0.0000143,0.0000051
12297,0.0046027,0.0000143,0.0000051
12298,0.0046016,0.0000143,0.0000051
12299,0.0046005,0.0000143,0.0000051
12300,0.0045995,0.0000143,0.0000051
12301,0.0045984,0.0000143,0.0000051
12302,0.0045973,0.0000143,0.0000051
12303,0.0045962,0.0000142,0.0000051
12304,0.0045952,0.0000142,0.0000051
12305,0.0045941,0.0000142,0.0000051
12306,0.0045930,0.0000142,0.0000051
12307,0.0045919,0.0000142,0.0000051
12308,0.0045909,0.0000142,0.0000051
12309,0.0045898,0.0000142,0.0000051
12310,0.0045887,0.0000142,0.0000051
12311,0.0045877,0.0000142,0.0000051
12312,0.0045866,0.0000142,0.0000051
12313,0.0045855,0.0000142,0.0000051
12314,0.0045845,0.0000142,0.0000051
12315,0.0045834,0.0000142,0.0000050
12316,0.0045823,0.0000142,0.0000050
12317,0.0045813,0.0000142,0.0000050
12318,0.0045802,0.0000142,0.0000050
12319,0.0045791,0.0000142,0.0000050
12320,0.0045781,0.0000142,0.0000050
12321,0.0045770,0.0000142,0.0000050
12322,0.0045759,0.0000142,0.0000050
12323,0.0045749,0.0000142,0.0000050
12324,0.0045738,0.0000142,0.0000050
12325,0.0045727,0.0000142,0.0000050
12326,0.0045717,0.0000142,0.0000050
12327,0.0045706,0.0000142,0.0000050
12328,0.0045695,0.0000142,0.0000050
12329,0.0045685,0.0000142,0.0000050
12330,0.0045674,0.0000141,0.0000050
12331,0.0045663,0.0000141,0.0000050
12332,0.0045653,0.0000141,0.0000050
12333,0.0045642,0.0000141,0.0000050
12334,0.0045631,0.0000141,0.0000050
12335,0.0045621,0.0000141,0.0000050
12336,0.0045610,0.0000141,0.0000050
12337,0.0045600,0.0000141,0.0000050
12338,0.0045589,0.0000141,0.0000050
12339,0.0045578,0.0000141,0.0000050
12340,0.0045568,0.0000141,0.0000050
12341,0.0045557,0.0000141,0.0000050
12342,0.0045546,0.0000141,0.0000050
12343,0.0045536,0.0000141,0.0000050
12344,0.0045525,0.0000141,0.0000050
12345,0.0045515,0.0000141,0.0000050
12346,0.0045504,0.0000141,0.0000050
12347,0.0045493,0.0000141,0.0000050
12348,0.0045483,0.0000141,0.0000050
12349,0.0045472,0.0000141,0.0000050
12350,0.0045462,0.0000141,0.0000050
12351,0.0045451,0.0000141,0.0000050
12352,0.0045441,0.0000141,0.0000050
12353,0.0045430,0.0000141,0.0000050
12354,0.0045419,0.0000141,0.0000050
12355,0.0045409,0.0000141,0.0000050
12356,0.0045398,0.0000141,0.0000050
12357,0.0045388,0.0000140,0.0000050
12358,0.0045377,0.0000140,0.0000050
12359,0.0045367,0.0000140,0.0000050
12360,0.0045356,0.0000140,0.0000050
12361,0.0045345,0.0000140,0.0000050
12362,0.0045335,0.0000140,0.0000050
12363,0.0045324,0.0000140,0.0000050
12364,0.0045314,0.0000140,0.0000050
12365,0.0045303,0.0000140,0.0000050
12366,0.0045293,0.0000140,0.0000050
12367,0.0045282,0.0000140,0.0000050
12368,0.0045272,0.0000140,0.0000050
12369,0.0045261,0.0000140,0.0000050
12370,0.0045251,0.0000140,0.0000050
12371,0.0045240,0.0000140,0.0000050
12372,0.0045230,0.0000140,0.0000050
12373,0.0045219,0.0000140,0.0000050
12374,0.0045209,0.0000140,0.0000050
12375,0.0045198,0.0000140,0.0000050
12376,0.0045187,0.0000140,0.0000050
12377,0.0045177,0.0000140,0.0000050
12378,0.0045166,0.0000140,0.0000050
12379,0.0045156,0.0000140,0.0000050
12380,0.0045145,0.0000140,0.0000050
12381,0.0045135,0.0000140,0.0000050
12382,0.0045124,0.0000140,0.0000050
12383,0.0045114,0.0000140,0.0000050
12384,0.0045103,0.0000139,0.0000050
12385,0.0045093,0.0000139,0.0000050
12386,0.0045083,0.0000139,0.0000049
12387,0.0045072,0.0000139,0.0000049
12388,0.0045062,0.0000139,0.0000049
12389,0.0045051,0.0000139,0.0000049
12390,0.0045041,0.0000139,0.0000049
12391,0.0045030,0.0000139,0.0000049
12392,0.0045020,0.0000139,0.0000049
12393,0.0045009,0.0000139,0.0000049
12394,0.0044999,0.0000139,0.0000049
12395,0.0044988,0.0000139,0.0000049
12396,0.0044978,0.0000139,0.0000049
12397,0.0044967,0.0000139,0.0000049
12398,0.0044957,0.0000139,0.0000049
12399,0.0044946,0.0000139,0.0000049
12400,0.0044936,0.0000139,0.0000049
12401,0.0044926,0.0000139,0.0000049
12402,0.0044915,0.0000139,0.0000049
12403,0.0044905,0.0000139,0.0000049
12404,0.0044894,0.0000139,0.0000049
12405,0.0044884,0.0000139,0.0000049
12406,0.0044873,0.0000139,0.0000049
12407,0.0044863,0.0000139,0.0000049
12408,0.0044853,0.0000139,0.0000049
12409,0.0044842,0.0000139,0.0000049
12410,0.0044832,0.0000139,0.0000049
12411,0.0044821,0.0000139,0.0000049
12412,0.0044811,0.0000138,0.0000049
12413,0.0044800,0.0000138,0.0000049
12414,0.0044790,0.0000138,0.0000049
12415,0.0044780,0.0000138,0.0000049
12416,0.0044769,0.0000138,0.0000049
12417,0.0044759,0.0000138,0.0000049
12418,0.0044748,0.0000138,0.0000049
12419,0.0044738,0.0000138,0.0000049
12420,0.0044728,0.0000138,0.0000049
12421,0.0044717,0.0000138,0.0000049
12422,0.0044707,0.0000138,0.0000049
12423,0.0044696,0.0000138,0.0000049
12424,0.0044686,0.0000138,0.0000049
12425,0.0044676,0.0000138,0.0000049
12426,0.0044665,0.0000138,0.0000049
12427,0.0044655,0.0000138,0.0000049
12428,0.0044645,0.0000138,0.0000049
12429,0.0044634,0.0000138,0.0000049
12430,0.0044624,0.0000138,0.0000049
12431,0.0044614,0.0000138,0.0000049
12432,0.0044603,0.0000138,0.0000049
12433,0.0044593,0.0000138,0.0000049
12434,0.0044582,0.0000138,0.0000049
12435,0.0044572,0.0000138,0.0000049
12436,0.0044562,0.0000138,0.0000049
12437,0.0044551,0.0000138,0.0000049
12438,0.0044541,0.0000138,0.0000049
12439,0.0044531,0.0000138,0.0000049
12440,0.0044520,0.0000137,0.0000049
12441,0.0044510,0.0000137,0.0000049
12442,0.0044500,0.0000137,0.0000049
12443,0.0044489,0.0000137,0.0000049
12444,0.0044479,0.0000137,0.0000049
12445,0.0044469,0.0000137,0.0000049
12446,0.0044458,0.0000137,0.0000049
12447,0.0044448,0.0000137,0.0000049
12448,0.0044438,0.0000137,0.0000049
12449,0.0044428,0.0000137,0.0000049
12450,0.0044417,0.0000137,0.0000049
12451,0.0044407,0.0000137,0.0000049
12452,0.0044397,0.0000137,0.0000049
12453,0.0044386,0.0000137,0.0000049
12454,0.0044376,0.0000137,0.0000049
12455,0.0044366,0.0000137,0.0000049
12456,0.0044355,0.0000137,0.0000049
12457,0.0044345,0.0000137,0.0000049
12458,0.0044335,0.0000137,0.0000049
12459,0.0044325,0.0000137,0.0000049
12460,0.0044314,0.0000137,0.0000048
12461,0.0044304,0.0000137,0.0000048
12462,0.0044294,0.0000137,0.0000048
12463,0.0044283,0.0000137,0.0000048
12464,0.0044273,0.0000137,0.0000048
12465,0.0044263,0.0000137,0.0000048
12466,0.0044253,0.0000137,0.0000048
12467,0.0044242,0.0000137,0.0000048
12468,0.0044232,0.0000136,0.0000048
12469,0.0044222,0.0000136,0.0000048
12470,0.0044212,0.0000136,0.0000048
12471,0.0044201,0.0000136,0.0000048
12472,0.0044191,0.0000136,0.0000048
12473,0.0044181,0.0000136,0.0000048
12474,0.0044171,0.0000136,0.0000048
12475,0.0044160,0.0000136,0.0000048
12476,0.0044150,0.0000136,0.0000048
12477,0.0044140,0.0000136,0.0000048
12478,0.0044130,0.0000136,0.0000048
12479,0.0044119,0.0000136,0.0000048
12480,0.0044109,0.0000136,0.0000048
12481,0.0044099,0.0000136,0.0000048
12482,0.0044089,0.0000136,0.0000048
12483,0.0044079,0.0000136,0.0000048
12484,0.0044068,0.0000136,0.0000048
12485,0.0044058,0.0000136,0.0000048
12486,0.0044048,0.0000136,0.0000048
12487,0.0044038,0.0000136,0.0000048
12488,0.0044028,0.0000136,0.0000048
12489,0.0044017,0.0000136,0.0000048
12490,0.0044007,0.0000136,0.0000048
12491,0.0043997,0.0000136,0.0000048
12492,0.0043987,0.0000136,0.0000048
12493,0.0043977,0.0000136,0.0000048
12494,0.0043966,0.0000136,0.0000048
12495,0.0043956,0.0000136,0.0000048
12496,0.0043946,0.0000135,0.0000048
12497,0.0043936,0.0000135,0.0000048
12498,0.0043926,0.0000135,0.0000048
12499,0.0043915,0.0000135,0.0000048
12500,0.0043905,0.0000135,0.0000048
12501,0.0043895,0.0000135,0.0000048
12502,0.0043885,0.0000135,0.0000048
12503,0.0043875,0.0000135,0.0000048
12504,0.0043865,0.0000135,0.0000048
12505,0.0043854,0.0000135,0.0000048
12506,0.0043844,0.0000135,0.0000048
12507,0.0043834,0.0000135,0.0000048
12508,0.0043824,0.0000135,0.0000048
12509,0.0043814,0.0000135,0.0000048
12510,0.0043804,0.0000135,0.0000048
12511,0.0043794,0.0000135,0.0000048
12512,0.0043783,0.0000135,0.0000048
12513,0.0043773,0.0000135,0.0000048
12514,0.0043763,0.0000135,0.0000048
12515,0.0043753,0.0000135,0.0000048
12516,0.0043743,0.0000135,0.0000048
12517,0.0043733,0.0000135,0.0000048
12518,0.0043723,0.0000135,0.0000048
12519,0.0043712,0.0000135,0.0000048
12520,0.0043702,0.0000135,0.0000048
12521,0.0043692,0.0000135,0.0000048
12522,0.0043682,0.0000135,0.0000048
12523,0.0043672,0.0000135,0.0000048
12524,0.0043662,0.0000134,0.0000048
12525,0.0043652,0.0000134,0.0000048
12526,0.0043642,0.0000134,0.0000048
12527,0.0043632,0.0000134,0.0000048
12528,0.0043622,0.0000134,0.0000048
12529,0.0043611,0.0000134,0.0000048
12530,0.0043601,0.0000134,0.0000048
12531,0.0043591,0.0000134,0.0000048
12532,0.0043581,0.0000134,0.0000048
12533,0.0043571,0.0000134,0.0000048
12534,0.0043561,0.0000134,0.0000048
12535,0.0043551,0.0000134,0.0000047
12536,0.0043541,0.0000134,0.0000047
12537,0.0043531,0.0000134,0.0000047
12538,0.0043521,0.0000134,0.0000047
12539,0.0043511,0.0000134,0.0000047
12540,0.0043501,0.0000134,0.0000047
12541,0.0043490,0.0000134,0.0000047
12542,0.0043480,0.0000134,0.0000047
12543,0.0043470,0.0000134,0.0000047
12544,0.0043460,0.0000134,0.0000047
12545,0.0043450,0.0000134,0.0000047
12546,0.0043440,0.0000134,0.0000047
12547,0.0043430,0.0000134,0.0000047
12548,0.0043420,0.0000134,0.0000047
12549,0.0043410,0.0000134,0.0000047
12550,0.0043400,0.0000134,0.0000047
12551,0.0043390,0.0000134,0.0000047
12552,0.0043380,0.0000134,0.0000047
12553,0.0043370,0.0000133,0.0000047
12554,0.0043360,0.0000133,0.0000047
12555,0.0043350,0.0000133,0.0000047
12556,0.0043340,0.0000133,0.0000047
12557,0.0043330,0.0000133,0.0000047
12558,0.0043320,0.0000133,0.0000047
12559,0.0043310,0.0000133,0.0000047
12560,0.0043300,0.0000133,0.0000047
12561,0.0043290,0.0000133,0.0000047
12562,0.0043280,0.0000133,0.0000047
12563,0.0043270,0.0000133,0.0000047
12564,0.0043260,0.0000133,0.0000047
12565,0.0043250,0.0000133,0.0000047
12566,0.0043240,0.0000133,0.0000047
12567,0.0043230,0.0000133,0.0000047
12568,0.0043220,0.0000133,0.0000047
12569,0.0043210,0.0000133,0.0000047
12570,0.0043200,0.0000133,0.0000047
12571,0.0043190,0.0000133,0.0000047
12572,0.0043180,0.0000133,0.0000047
12573,0.0043170,0.0000133,0.0000047
12574,0.0043160,0.0000133,0.0000047
12575,0.0043150,0.0000133,0.0000047
12576,0.0043140,0.0000133,0.0000047
12577,0.0043130,0.0000133,0.0000047
12578,0.0043120,0.0000133,0.0000047
12579,0.0043110,0.0000133,0.0000047
12580,0.0043100,0.0000133,0.0000047
12581,0.0043090,0.0000133,0.0000047
12582,0.0043080,0.0000132,0.0000047
12583,0.0043070,0.0000132,0.0000047
12584,0.0043060,0.0000132,0.0000047
12585,0.0043050,0.0000132,0.0000047
12586,0.0043040,0.0000132,0.0000047
12587,0.0043030,0.0000132,0.0000047
12588,0.0043021,0.0000132,0.0000047
12589,0.0043011,0.0000132,0.0000047
12590,0.0043001,0.0000132,0.0000047
12591,0.0042991,0.0000132,0.0000047
12592,0.0042981,0.0000132,0.0000047
12593,0.0042971,0.0000132,0.0000047
12594,0.0042961,0.0000132,0.0000047
12595,0.0042951,0.0000132,0.0000047
12596,0.0042941,0.0000132,0.0000047
12597,0.0042931,0.0000132,0.0000047
12598,0.0042921,0.0000132,0.0000047
12599,0.0042911,0.0000132,0.0000047
12600,0.0042901,0.0000132,0.0000047
12601,0.0042892,0.0000132,0.0000047
12602,0.0042882,0.0000132,0.0000047
12603,0.0042872,0.0000132,0.0000047
12604,0.0042862,0.0000132,0.0000047
12605,0.0042852,0.0000132,0.0000047
12606,0.0042842,0.0000132,0.0000047
12607,0.0042832,0.0000132,0.0000047
12608,0.0042822,0.0000132,0.0000047
12609,0.0042812,0.0000132,0.0000047
12610,0.0042803,0.0000132,0.0000047
12611,0.0042793,0.0000131,0.0000047
12612,0.0042783,0.0000131,0.0000046
12613,0.0042773,0.0000131,0.0000046
12614,0.0042763,0.0000131,0.0000046
12615,0.0042753,0.0000131,0.0000046
12616,0.0042743,0.0000131,0.0000046
12617,0.0042733,0.0000131,0.0000046
12618,0.0042724,0.0000131,0.0000046
12619,0.0042714,0.0000131,0.0000046
12620,0.0042704,0.0000131,0.0000046
12621,0.0042694,0.0000131,0.0000046
12622,0.0042684,0.0000131,0.0000046
12623,0.0042674,0.0000131,0.0000046
12624,0.0042664,0.0000131,0.0000046
12625,0.0042655,0.0000131,0.0000046
12626,0.0042645,0.0000131,0.0000046
12627,0.0042635,0.0000131,0.0000046
12628,0.0042625,0.0000131,0.0000046
12629,0.0042615,0.0000131,0.0000046
12630,0.0042605,0.0000131,0.0000046
12631,0.0042596,0.0000131,0.0000046
12632,0.0042586,0.0000131,0.0000046
12633,0.0042576,0.0000131,0.0000046
12634,0.0042566,0.0000131,0.0000046
12635,0.0042556,0.0000131,0.0000046
12636,0.0042547,0.0000131,0.0000046
12637,0.0042537,0.0000131,0.0000046
12638,0.0042527,0.0000131,0.0000046
12639,0.0042517,0.0000131,0.0000046
12640,0.0042507,0.0000130,0.0000046
12641,0.0042498,0.0000130,0.0000046
12642,0.0042488,0.0000130,0.0000046
12643,0.0042478,0.0000130,0.0000046
12644,0.0042468,0.0000130,0.0000046
12645,0.0042458,0.0000130,0.0000046
12646,0.0042449,0.0000130,0.0000046
12647,0.0042439,0.0000130,0.0000046
12648,0.0042429,0.0000130,0.0000046
12649,0.0042419,0.0000130,0.0000046
12650,0.0042409,0.0000130,0.0000046
12651,0.0042400,0.0000130,0.0000046
12652,0.0042390,0.0000130,0.0000046
12653,0.0042380,0.0000130,0.0000046
12654,0.0042370,0.0000130,0.0000046
12655,0.0042361,0.0000130,0.0000046
12656,0.0042351,0.0000130,0.0000046
12657,0.0042341,0.0000130,0.0000046
12658,0.0042331,0.0000130,0.0000046
12659,0.0042322,0.0000130,0.0000046
12660,0.0042312,0.0000130,0.0000046
12661,0.0042302,0.0000130,0.0000046
12662,0.0042292,0.0000130,0.0000046
12663,0.0042283,0.0000130,0.0000046
12664,0.0042273,0.0000130,0.0000046
12665,0.0042263,0.0000130,0.0000046
12666,0.0042253,0.0000130,0.0000046
12667,0.0042244,0.0000130,0.0000046
12668,0.0042234,0.0000130,0.0000046
12669,0.0042224,0.0000130,0.0000046
12670,0.0042214,0.0000129,0.0000046
12671,0.0042205,0.0000129,0.0000046
12672,0.0042195,0.0000129,0.0000046
12673,0.0042185,0.0000129,0.0000046
12674,0.0042176,0.0000129,0.0000046
12675,0.0042166,0.0000129,0.0000046
12676,0.0042156,0.0000129,0.0000046
12677,0.0042146,0.0000129,0.0000046
12678,0.0042137,0.0000129,0.0000046
12679,0.0042127,0.0000129,0.0000046
12680,0.0042117,0.0000129,0.0000046
12681,0.0042108,0.0000129,0.0000046
12682,0.0042098,0.0000129,0.0000046
12683,0.0042088,0.0000129,0.0000046
12684,0.0042079,0.0000129,0.0000046
12685,0.0042069,0.0000129,0.0000046
12686,0.0042059,0.0000129,0.0000046
12687,0.0042050,0.0000129,0.0000046
12688,0.0042040,0.0000129,0.0000046
12689,0.0042030,0.0000129,0.0000046
12690,0.0042020,0.0000129,0.0000045
12691,0.0042011,0.0000129,0.0000045
12692,0.0042001,0.0000129,0.0000045
12693,0.0041991,0.0000129,0.0000045
12694,0.0041982,0.0000129,0.0000045
12695,0.0041972,0.0000129,0.0000045
12696,0.0041962,0.0000129,0.0000045
12697,0.0041953,0.0000129,0.0000045
12698,0.0041943,0.0000129,0.0000045
12699,0.0041934,0.0000129,0.0000045
12700,0.0041924,0.0000128,0.0000045
12701,0.0041914,0.0000128,0.0000045
12702,0.0041905,0.0000128,0.0000045
12703,0.0041895,0.0000128,0.0000045
12704,0.0041885,0.0000128,0.0000045
12705,0.0041876,0.0000128,0.0000045
12706,0.0041866,0.0000128,0.0000045
12707,0.0041856,0.0000128,0.0000045
12708,0.0041847,0.0000128,0.0000045
12709,0.0041837,0.0000128,0.0000045
12710,0.0041828,0.0000128,0.0000045
12711,0.0041818,0.0000128,0.0000045
12712,0.0041808,0.0000128,0.0000045
12713,0.0041799,0.0000128,0.0000045
12714,0.0041789,0.0000128,0.0000045
12715,0.0041779,0.0000128,0.0000045
12716,0.0041770,0.0000128,0.0000045
12717,0.0041760,0.0000128,0.0000045
12718,0.0041751,0.0000128,0.0000045
12719,0.0041741,0.0000128,0.0000045
12720,0.0041731,0.0000128,0.0000045
12721,0.0041722,0.0000128,0.0000045
12722,0.0041712,0.0000128,0.0000045
12723,0.0041703,0.0000128,0.0000045
12724,0.0041693,0.0000128,0.0000045
12725,0.0041683,0.0000128,0.0000045
12726,0.0041674,0.0000128,0.0000045
12727,0.0041664,0.0000128,0.0000045
12728,0.0041655,0.0000128,0.0000045
12729,0.0041645,0.0000128,0.0000045
12730,0.0041636,0.0000127,0.0000045
12731,0.0041626,0.0000127,0.0000045
12732,0.0041616,0.0000127,0.0000045
12733,0.0041607,0.0000127,0.0000045
12734,0.0041597,0.0000127,0.0000045
12735,0.0041588,0.0000127,0.0000045
12736,0.0041578,0.0000127,0.0000045
12737,0.0041569,0.0000127,0.0000045
12738,0.0041559,0.0000127,0.0000045
12739,0.0041550,0.0000127,0.0000045
12740,0.0041540,0.0000127,0.0000045
12741,0.0041530,0.0000127,0.0000045
12742,0.0041521,0.0000127,0.0000045
12743,0.0041511,0.0000127,0.0000045
12744,0.0041502,0.0000127,0.0000045
12745,0.0041492,0.0000127,0.0000045
12746,0.0041483,0.0000127,0.0000045
12747,0.0041473,0.0000127,0.0000045
12748,0.0041464,0.0000127,0.0000045
12749,0.0041454,0.0000127,0.0000045
12750,0.0041445,0.0000127,0.0000045
12751,0.0041435,0.0000127,0.0000045
12752,0.0041426,0.0000127,0.0000045
12753,0.0041416,0.0000127,0.0000045
12754,0.0041407,0.0000127,0.0000045
12755,0.0041397,0.0000127,0.0000045
12756,0.0041388,0.0000127,0.0000045
12757,0.0041378,0.0000127,0.0000045
12758,0.0041369,0.0000127,0.0000045
12759,0.0041359,0.0000127,0.0000045
12760,0.0041350,0.0000126,0.0000045
12761,0.0041340,0.0000126,0.0000045
12762,0.0041331,0.0000126,0.0000045
12763,0.0041321,0.0000126,0.0000045
12764,0.0041312,0.0000126,0.0000045
12765,0.0041302,0.0000126,0.0000045
12766,0.0041293,0.0000126,0.0000045
12767,0.0041283,0.0000126,0.0000045
12768,0.0041274,0.0000126,0.0000045
12769,0.0041264,0.0000126,0.0000045
12770,0.0041255,0.0000126,0.0000045
12771,0.0041245,0.0000126,0.0000044
12772,0.0041236,0.0000126,0.0000044
12773,0.0041226,0.0000126,0.0000044
12774,0.0041217,0.0000126,0.0000044
12775,0.0041207,0.0000126,0.0000044
12776,0.0041198,0.0000126,0.0000044
12777,0.0041189,0.0000126,0.0000044
12778,0.0041179,0.0000126,0.0000044
12779,0.0041170,0.0000126,0.0000044
12780,0.0041160,0.0000126,0.0000044
12781,0.0041151,0.0000126,0.0000044
12782,0.0041141,0.0000126,0.0000044
12783,0.0041132,0.0000126,0.0000044
12784,0.0041122,0.0000126,0.0000044
12785,0.0041113,0.0000126,0.0000044
12786,0.0041104,0.0000126,0.0000044
12787,0.0041094,0.0000126,0.0000044
12788,0.0041085,0.0000126,0.0000044
12789,0.0041075,0.0000126,0.0000044
12790,0.0041066,0.0000126,0.0000044
12791,0.0041056,0.0000125,0.0000044
12792,0.0041047,0.0000125,0.0000044
12793,0.0041038,0.0000125,0.0000044
12794,0.0041028,0.0000125,0.0000044
12795,0.0041019,0.0000125,0.0000044
12796,0.0041009,0.0000125,0.0000044
12797,0.0041000,0.0000125,0.0000044
12798,0.0040991,0.0000125,0.0000044
12799,0.0040981,0.0000125,0.0000044
12800,0.0040972,0.0000125,0.0000044
12801,0.0040962,0.0000125,0.0000044
12802,0.0040953,0.0000125,0.0000044
12803,0.0040944,0.0000125,0.0000044
12804,0.0040934,0.0000125,0.0000044
12805,0.0040925,0.0000125,0.0000044
12806,0.0040915,0.0000125,0.0000044
12807,0.0040906,0.0000125,0.0000044
12808,0.0040897,0.0000125,0.0000044
12809,0.0040887,0.0000125,0.0000044
12810,0.0040878,0.0000125,0.0000044
12811,0.0040869,0.0000125,0.0000044
12812,0.0040859,0.0000125,0.0000044
12813,0.0040850,0.0000125,0.0000044
12814,0.0040840,0.0000125,0.0000044
12815,0.0040831,0.0000125,0.0000044
12816,0.0040822,0.0000125,0.0000044
12817,0.0040812,0.0000125,0.0000044
12818,0.0040803,0.0000125,0.0000044
12819,0.0040794,0.0000125,0.0000044
12820,0.0040784,0.0000125,0.0000044
12821,0.0040775,0.0000125,0.0000044
12822,0.0040766,0.0000124,0.0000044
12823,0.0040756,0.0000124,0.0000044
12824,0.0040747,0.0000124,0.0000044
12825,0.0040738,0.0000124,0.0000044
12826,0.0040728,0.0000124,0.0000044
12827,0.0040719,0.0000124,0.0000044
12828,0.0040710,0.0000124,0.0000044
12829,0.0040700,0.0000124,0.0000044
12830,0.0040691,0.0000124,0.0000044
12831,0.0040682,0.0000124,0.0000044
12832,0.0040672,0.0000124,0.0000044
12833,0.0040663,0.0000124,0.0000044
12834,0.0040654,0.0000124,0.0000044
12835,0.0040644,0.0000124,0.0000044
12836,0.0040635,0.0000124,0.0000044
12837,0.0040626,0.0000124,0.0000044
12838,0.0040616,0.0000124,0.0000044
12839,0.0040607,0.0000124,0.0000044
12840,0.0040598,0.0000124,0.0000044
12841,0.0040589,0.0000124,0.0000044
12842,0.0040579,0.0000124,0.0000044
12843,0.0040570,0.0000124,0.0000044
12844,0.0040561,0.0000124,0.0000044
12845,0.0040551,0.0000124,0.0000044
12846,0.0040542,0.0000124,0.0000044
12847,0.0040533,0.0000124,0.0000044
12848,0.0040524,0.0000124,0.0000044
12849,0.0040514,0.0000124,0.0000044
12850,0.0040505,0.0000124,0.0000044
12851,0.0040496,0.0000124,0.0000044
12852,0.0040486,0.0000124,0.0000044
12853,0.0040477,0.0000123,0.0000044
12854,0.0040468,0.0000123,0.0000043
12855,0.0040459,0.0000123,0.0000043
12856,0.0040449,0.0000123,0.0000043
12857,0.0040440,0.0000123,0.0000043
12858,0.0040431,0.0000123,0.0000043
12859,0.0040422,0.0000123,0.0000043
12860,0.0040412,0.0000123,0.0000043
12861,0.0040403,0.0000123,0.0000043
12862,0.0040394,0.0000123,0.0000043
12863,0.0040385,0.0000123,0.0000043
12864,0.0040375,0.0000123,0.0000043
12865,0.0040366,0.0000123,0.0000043
12866,0.0040357,0.0000123,0.0000043
12867,0.0040348,0.0000123,0.0000043
12868,0.0040338,0.0000123,0.0000043
12869,0.0040329,0.0000123,0.0000043
12870,0.0040320,0.0000123,0.0000043
12871,0.0040311,0.0000123,0.0000043
12872,0.0040302,0.0000123,0.0000043
12873,0.0040292,0.0000123,0.0000043
12874,0.0040283,0.0000123,0.0000043
12875,0.0040274,0.0000123,0.0000043
12876,0.0040265,0.0000123,0.0000043
12877,0.0040256,0.0000123,0.0000043
12878,0.0040246,0.0000123,0.0000043
12879,0.0040237,0.0000123,0.0000043
12880,0.0040228,0.0000123,0.0000043
12881,0.0040219,0.0000123,0.0000043
12882,0.0040209,0.0000123,0.0000043
12883,0.0040200,0.0000123,0.0000043
12884,0.0040191,0.0000123,0.0000043
12885,0.0040182,0.0000122,0.0000043
12886,0.0040173,0.0000122,0.0000043
12887,0.0040164,0.0000122,0.0000043
12888,0.0040154,0.0000122,0.0000043
12889,0.0040145,0.0000122,0.0000043
12890,0.0040136,0.0000122,0.0000043
12891,0.0040127,0.0000122,0.0000043
12892,0.0040118,0.0000122,0.0000043
12893,0.0040108,0.0000122,0.0000043
12894,0.0040099,0.0000122,0.0000043
12895,0.0040090,0.0000122,0.0000043
12896,0.0040081,0.0000122,0.0000043
12897,0.0040072,0.0000122,0.0000043
12898,0.0040063,0.0000122,0.0000043
12899,0.0040054,0.0000122,0.0000043
12900,0.0040044,0.0000122,0.0000043
12901,0.0040035,0.0000122,0.0000043
12902,0.0040026,0.0000122,0.0000043
12903,0.0040017,0.0000122,0.0000043
12904,0.0040008,0.0000122,0.0000043
12905,0.0039999,0.0000122,0.0000043
12906,0.0039989,0.0000122,0.0000043
12907,0.0039980,0.0000122,0.0000043
12908,0.0039971,0.0000122,0.0000043
12909,0.0039962,0.0000122,0.0000043
12910,0.0039953,0.0000122,0.0000043
12911,0.0039944,0.0000122,0.0000043
12912,0.0039935,0.0000122,0.0000043
12913,0.0039926,0.0000122,0.0000043
12914,0.0039916,0.0000122,0.0000043
12915,0.0039907,0.0000122,0.0000043
12916,0.0039898,0.0000121,0.0000043
12917,0.0039889,0.0000121,0.0000043
12918,0.0039880,0.0000121,0.0000043
12919,0.0039871,0.0000121,0.0000043
12920,0.0039862,0.0000121,0.0000043
12921,0.0039853,0.0000121,0.0000043
12922,0.0039844,0.0000121,0.0000043
12923,0.0039834,0.0000121,0.0000043
12924,0.0039825,0.0000121,0.0000043
12925,0.0039816,0.0000121,0.0000043
12926,0.0039807,0.0000121,0.0000043
12927,0.0039798,0.0000121,0.0000043
12928,0.0039789,0.0000121,0.0000043
12929,0.0039780,0.0000121,0.0000043
12930,0.0039771,0.0000121,0.0000043
12931,0.0039762,0.0000121,0.0000043
12932,0.0039753,0.0000121,0.0000043
12933,0.0039744,0.0000121,0.0000043
12934,0.0039735,0.0000121,0.0000043
12935,0.0039725,0.0000121,0.0000043
12936,0.0039716,0.0000121,0.0000043
12937,0.0039707,0.0000121,0.0000043
12938,0.0039698,0.0000121,0.0000043
12939,0.0039689,0.0000121,0.0000042
12940,0.0039680,0.0000121,0.0000042
12941,0.0039671,0.0000121,0.0000042
12942,0.0039662,0.0000121,0.0000042
12943,0.0039653,0.0000121,0.0000042
12944,0.0039644,0.0000121,0.0000042
12945,0.0039635,0.0000121,0.0000042
12946,0.0039626,0.0000121,0.0000042
12947,0.0039617,0.0000121,0.0000042
12948,0.0039608,0.0000120,0.0000042
12949,0.0039599,0.0000120,0.0000042
12950,0.0039590,0.0000120,0.0000042
12951,0.0039581,0.0000120,0.0000042
12952,0.0039572,0.0000120,0.0000042
12953,0.0039563,0.0000120,0.0000042
12954,0.0039554,0.0000120,0.0000042
12955,0.0039545,0.0000120,0.0000042
12956,0.0039536,0.0000120,0.0000042
12957,0.0039527,0.0000120,0.0000042
12958,0.0039518,0.0000120,0.0000042
12959,0.0039509,0.0000120,0.0000042
12960,0.0039499,0.0000120,0.0000042
12961,0.0039490,0.0000120,0.0000042
12962,0.0039481,0.0000120,0.0000042
12963,0.0039472,0.0000120,0.0000042
12964,0.0039463,0.0000120,0.0000042
12965,0.0039454,0.0000120,0.0000042
12966,0.0039445,0.0000120,0.0000042
12967,0.0039436,0.0000120,0.0000042
12968,0.0039427,0.0000120,0.0000042
12969,0.0039419,0.0000120,0.0000042
12970,0.0039410,0.0000120,0.0000042
12971,0.0039401,0.0000120,0.0000042
12972,0.0039392,0.0000120,0.0000042
12973,0.0039383,0.0000120,0.0000042
12974,0.0039374,0.0000120,0.0000042
12975,0.0039365,0.0000120,0.0000042
12976,0.0039356,0.0000120,0.0000042
12977,0.0039347,0.0000120,0.0000042
12978,0.0039338,0.0000120,0.0000042
12979,0.0039329,0.0000120,0.0000042
12980,0.0039320,0.0000120,0.0000042
12981,0.0039311,0.0000119,0.0000042
12982,0.0039302,0.0000119,0.0000042
12983,0.0039293,0.0000119,0.0000042
12984,0.0039284,0.0000119,0.0000042
12985,0.0039275,0.0000119,0.0000042
12986,0.0039266,0.0000119,0.0000042
12987,0.0039257,0.0000119,0.0000042
12988,0.0039248,0.0000119,0.0000042
12989,0.0039239,0.0000119,0.0000042
12990,0.0039230,0.0000119,0.0000042
12991,0.0039221,0.0000119,0.0000042
12992,0.0039212,0.0000119,0.0000042
12993,0.0039203,0.0000119,0.0000042
12994,0.0039195,0.0000119,0.0000042
12995,0.0039186,0.0000119,0.0000042
12996,0.0039177,0.0000119,0.0000042
12997,0.0039168,0.0000119,0.0000042
12998,0.0039159,0.0000119,0.0000042
12999,0.0039150,0.0000119,0.0000042
13000,0.0039141,0.0000119,0.0000042
13001,0.0039132,0.0000119,0.0000042
13002,0.0039123,0.0000119,0.0000042
13003,0.0039114,0.0000119,0.0000042
13004,0.0039105,0.0000119,0.0000042
13005,0.0039096,0.0000119,0.0000042
13006,0.0039088,0.0000119,0.0000042
13007,0.0039079,0.0000119,0.0000042
13008,0.0039070,0.0000119,0.0000042
13009,0.0039061,0.0000119,0.0000042
13010,0.0039052,0.0000119,0.0000042
13011,0.0039043,0.0000119,0.0000042
13012,0.0039034,0.0000119,0.0000042
13013,0.0039025,0.0000118,0.0000042
13014,0.0039016,0.0000118,0.0000042
13015,0.0039008,0.0000118,0.0000042
13016,0.0038999,0.0000118,0.0000042
13017,0.0038990,0.0000118,0.0000042
13018,0.0038981,0.0000118,0.0000042
13019,0.0038972,0.0000118,0.0000042
13020,0.0038963,0.0000118,0.0000042
13021,0.0038954,0.0000118,0.0000042
13022,0.0038945,0.0000118,0.0000042
13023,0.0038937,0.0000118,0.0000042
13024,0.0038928,0.0000118,0.0000042
13025,0.0038919,0.0000118,0.0000042
13026,0.0038910,0.0000118,0.0000041
13027,0.0038901,0.0000118,0.0000041
13028,0.0038892,0.0000118,0.0000041
13029,0.0038883,0.0000118,0.0000041
13030,0.0038875,0.0000118,0.0000041
13031,0.0038866,0.0000118,0.0000041
13032,0.0038857,0.0000118,0.0000041
13033,0.0038848,0.0000118,0.0000041
13034,0.0038839,0.0000118,0.0000041
13035,0.0038830,0.0000118,0.0000041
13036,0.0038822,0.0000118,0.0000041
13037,0.0038813,0.0000118,0.0000041
13038,0.0038804,0.0000118,0.0000041
13039,0.0038795,0.0000118,0.0000041
13040,0.0038786,0.0000118,0.0000041
13041,0.0038777,0.0000118,0.0000041
13042,0.0038769,0.0000118,0.0000041
13043,0.0038760,0.0000118,0.0000041
13044,0.0038751,0.0000118,0.0000041
13045,0.0038742,0.0000118,0.0000041
13046,0.0038733,0.0000117,0.0000041
13047,0.0038725,0.0000117,0.0000041
13048,0.0038716,0.0000117,0.0000041
13049,0.0038707,0.0000117,0.0000041
13050,0.0038698,0.0000117,0.0000041
13051,0.0038689,0.0000117,0.0000041
13052,0.0038681,0.0000117,0.0000041
13053,0.0038672,0.0000117,0.0000041
13054,0.0038663,0.0000117,0.0000041
13055,0.0038654,0.0000117,0.0000041
13056,0.0038645,0.0000117,0.0000041
13057,0.0038637,0.0000117,0.0000041
13058,0.0038628,0.0000117,0.0000041
13059,0.0038619,0.0000117,0.0000041
13060,0.0038610,0.0000117,0.0000041
13061,0.0038601,0.0000117,0.0000041
13062,0.0038593,0.0000117,0.0000041
13063,0.0038584,0.0000117,0.0000041
13064,0.0038575,0.0000117,0.0000041
13065,0.0038566,0.0000117,0.0000041
13066,0.0038558,0.0000117,0.0000041
13067,0.0038549,0.0000117,0.0000041
13068,0.0038540,0.0000117,0.0000041
13069,0.0038531,0.0000117,0.0000041
13070,0.0038523,0.0000117,0.0000041
13071,0.0038514,0.0000117,0.0000041
13072,0.0038505,0.0000117,0.0000041
13073,0.0038496,0.0000117,0.0000041
13074,0.0038488,0.0000117,0.0000041
13075,0.0038479,0.0000117,0.0000041
13076,0.0038470,0.0000117,0.0000041
13077,0.0038461,0.0000117,0.0000041
13078,0.0038453,0.0000117,0.0000041
13079,0.0038444,0.0000117,0.0000041
13080,0.0038435,0.0000116,0.0000041
13081,0.0038426,0.0000116,0.0000041
13082,0.0038418,0.0000116,0.0000041
13083,0.0038409,0.0000116,0.0000041
13084,0.0038400,0.0000116,0.0000041
13085,0.0038392,0.0000116,0.0000041
13086,0.0038383,0.0000116,0.0000041
13087,0.0038374,0.0000116,0.0000041
13088,0.0038365,0.0000116,0.0000041
13089,0.0038357,0.0000116,0.0000041
13090,0.0038348,0.0000116,0.0000041
13091,0.0038339,0.0000116,0.0000041
13092,0.0038331,0.0000116,0.0000041
13093,0.0038322,0.0000116,0.0000041
13094,0.0038313,0.0000116,0.0000041
13095,0.0038304,0.0000116,0.0000041
13096,0.0038296,0.0000116,0.0000041
13097,0.0038287,0.0000116,0.0000041
13098,0.0038278,0.0000116,0.0000041
13099,0.0038270,0.0000116,0.0000041
13100,0.0038261,0.0000116,0.0000041
13101,0.0038252,0.0000116,0.0000041
13102,0.0038244,0.0000116,0.0000041
13103,0.0038235,0.0000116,0.0000041
13104,0.0038226,0.0000116,0.0000041
13105,0.0038218,0.0000116,0.0000041
13106,0.0038209,0.0000116,0.0000041
13107,0.0038200,0.0000116,0.0000041
13108,0.0038192,0.0000116,0.0000041
13109,0.0038183,0.0000116,0.0000041
13110,0.0038174,0.0000116,0.0000041
13111,0.0038166,0.0000116,0.0000041
13112,0.0038157,0.0000116,0.0000041
13113,0.0038148,0.0000115,0.0000041
13114,0.0038140,0.0000115,0.0000041
13115,0.0038131,0.0000115,0.0000040
13116,0.0038122,0.0000115,0.0000040
13117,0.0038114,0.0000115,0.0000040
13118,0.0038105,0.0000115,0.0000040
13119,0.0038096,0.0000115,0.0000040
13120,0.0038088,0.0000115,0.0000040
13121,0.0038079,0.0000115,0.0000040
13122,0.0038070,0.0000115,0.0000040
13123,0.0038062,0.0000115,0.0000040
13124,0.0038053,0.0000115,0.0000040
13125,0.0038045,0.0000115,0.0000040
13126,0.0038036,0.0000115,0.0000040
13127,0.0038027,0.0000115,0.0000040
13128,0.0038019,0.0000115,0.0000040
13129,0.0038010,0.0000115,0.0000040
13130,0.0038001,0.0000115,0.0000040
13131,0.0037993,0.0000115,0.0000040
13132,0.0037984,0.0000115,0.0000040
13133,0.0037976,0.0000115,0.0000040
13134,0.0037967,0.0000115,0.0000040
13135,0.0037958,0.0000115,0.0000040
13136,0.0037950,0.0000115,0.0000040
13137,0.0037941,0.0000115,0.0000040
13138,0.0037933,0.0000115,0.0000040
13139,0.0037924,0.0000115,0.0000040
13140,0.0037915,0.0000115,0.0000040
13141,0.0037907,0.0000115,0.0000040
13142,0.0037898,0.0000115,0.0000040
13143,0.0037890,0.0000115,0.0000040
13144,0.0037881,0.0000115,0.0000040
13145,0.0037872,0.0000115,0.0000040
13146,0.0037864,0.0000115,0.0000040
13147,0.0037855,0.0000114,0.0000040
13148,0.0037847,0.0000114,0.0000040
13149,0.0037838,0.0000114,0.0000040
13150,0.0037830,0.0000114,0.0000040
13151,0.0037821,0.0000114,0.0000040
13152,0.0037812,0.0000114,0.0000040
13153,0.0037804,0.0000114,0.0000040
13154,0.0037795,0.0000114,0.0000040
13155,0.0037787,0.0000114,0.0000040
13156,0.0037778,0.0000114,0.0000040
13157,0.0037770,0.0000114,0.0000040
13158,0.0037761,0.0000114,0.0000040
13159,0.0037752,0.0000114,0.0000040
13160,0.0037744,0.0000114,0.0000040
13161,0.0037735,0.0000114,0.0000040
13162,0.0037727,0.0000114,0.0000040
13163,0.0037718,0.0000114,0.0000040
13164,0.0037710,0.0000114,0.0000040
13165,0.0037701,0.0000114,0.0000040
13166,0.0037693,0.0000114,0.0000040
13167,0.0037684,0.0000114,0.0000040
13168,0.0037676,0.0000114,0.0000040
13169,0.0037667,0.0000114,0.0000040
13170,0.0037658,0.0000114,0.0000040
13171,0.0037650,0.0000114,0.0000040
13172,0.0037641,0.0000114,0.0000040
13173,0.0037633,0.0000114,0.0000040
13174,0.0037624,0.0000114,0.0000040
13175,0.0037616,0.0000114,0.0000040
13176,0.0037607,0.0000114,0.0000040
13177,0.0037599,0.0000114,0.0000040
13178,0.0037590,0.0000114,0.0000040
13179,0.0037582,0.0000114,0.0000040
13180,0.0037573,0.0000114,0.0000040
13181,0.0037565,0.0000113,0.0000040
13182,0.0037556,0.0000113,0.0000040
13183,0.0037548,0.0000113,0.0000040
13184,0.0037539,0.0000113,0.0000040
13185,0.0037531,0.0000113,0.0000040
13186,0.0037522,0.0000113,0.0000040
13187,0.0037514,0.0000113,0.0000040
13188,0.0037505,0.0000113,0.0000040
13189,0.0037497,0.0000113,0.0000040
13190,0.0037488,0.0000113,0.0000040
13191,0.0037480,0.0000113,0.0000040
13192,0.0037471,0.0000113,0.0000040
13193,0.0037463,0.0000113,0.0000040
13194,0.0037454,0.0000113,0.0000040
13195,0.0037446,0.0000113,0.0000040
13196,0.0037437,0.0000113,0.0000040
13197,0.0037429,0.0000113,0.0000040
13198,0.0037421,0.0000113,0.0000040
13199,0.0037412,0.0000113,0.0000040
13200,0.0037404,0.0000113,0.0000040
13201,0.0037395,0.0000113,0.0000040
13202,0.0037387,0.0000113,0.0000040
13203,0.0037378,0.0000113,0.0000040
13204,0.0037370,0.0000113,0.0000040
13205,0.0037361,0.0000113,0.0000040
13206,0.0037353,0.0000113,0.0000040
13207,0.0037344,0.0000113,0.0000039
13208,0.0037336,0.0000113,0.0000039
13209,0.0037328,0.0000113,0.0000039
13210,0.0037319,0.0000113,0.0000039
13211,0.0037311,0.0000113,0.0000039
13212,0.0037302,0.0000113,0.0000039
13213,0.0037294,0.0000113,0.0000039
13214,0.0037285,0.0000113,0.0000039
13215,0.0037277,0.0000113,0.0000039
13216,0.0037269,0.0000112,0.0000039
13217,0.0037260,0.0000112,0.0000039
13218,0.0037252,0.0000112,0.0000039
13219,0.0037243,0.0000112,0.0000039
13220,0.0037235,0.0000112,0.0000039
13221,0.0037226,0.0000112,0.0000039
13222,0.0037218,0.0000112,0.0000039
13223,0.0037210,0.0000112,0.0000039
13224,0.0037201,0.0000112,0.0000039
13225,0.0037193,0.0000112,0.0000039
13226,0.0037184,0.0000112,0.0000039
13227,0.0037176,0.0000112,0.0000039
13228,0.0037168,0.0000112,0.0000039
13229,0.0037159,0.0000112,0.0000039
13230,0.0037151,0.0000112,0.0000039
13231,0.0037142,0.0000112,0.0000039
13232,0.0037134,0.0000112,0.0000039
13233,0.0037126,0.0000112,0.0000039
13234,0.0037117,0.0000112,0.0000039
13235,0.0037109,0.0000112,0.0000039
13236,0.0037100,0.0000112,0.0000039
13237,0.0037092,0.0000112,0.0000039
13238,0.0037084,0.0000112,0.0000039
13239,0.0037075,0.0000112,0.0000039
13240,0.0037067,0.0000112,0.0000039
13241,0.0037059,0.0000112,0.0000039
13242,0.0037050,0.0000112,0.0000039
13243,0.0037042,0.0000112,0.0000039
13244,0.0037033,0.0000112,0.0000039
13245,0.0037025,0.0000112,0.0000039
13246,0.0037017,0.0000112,0.0000039
13247,0.0037008,0.0000112,0.0000039
13248,0.0037000,0.0000112,0.0000039
13249,0.0036992,0.0000112,0.0000039
13250,0.0036983,0.0000112,0.0000039
13251,0.0036975,0.0000111,0.0000039
13252,0.0036967,0.0000111,0.0000039
13253,0.0036958,0.0000111,0.0000039
13254,0.0036950,0.0000111,0.0000039
13255,0.0036942,0.0000111,0.0000039
13256,0.0036933,0.0000111,0.0000039
13257,0.0036925,0.0000111,0.0000039
13258,0.0036917,0.0000111,0.0000039
13259,0.0036908,0.0000111,0.0000039
13260,0.0036900,0.0000111,0.0000039
13261,0.0036892,0.0000111,0.0000039
13262,0.0036883,0.0000111,0.0000039
13263,0.0036875,0.0000111,0.0000039
13264,0.0036867,0.0000111,0.0000039
13265,0.0036858,0.0000111,0.0000039
13266,0.0036850,0.0000111,0.0000039
13267,0.0036842,0.0000111,0.0000039
13268,0.0036833,0.0000111,0.0000039
13269,0.0036825,0.0000111,0.0000039
13270,0.0036817,0.0000111,0.0000039
13271,0.0036808,0.0000111,0.0000039
13272,0.0036800,0.0000111,0.0000039
13273,0.0036792,0.0000111,0.0000039
13274,0.0036783,0.0000111,0.0000039
13275,0.0036775,0.0000111,0.0000039
13276,0.0036767,0.0000111,0.0000039
13277,0.0036759,0.0000111,0.0000039
13278,0.0036750,0.0000111,0.0000039
13279,0.0036742,0.0000111,0.0000039
13280,0.0036734,0.0000111,0.0000039
13281,0.0036725,0.0000111,0.0000039
13282,0.0036717,0.0000111,0.0000039
13283,0.0036709,0.0000111,0.0000039
13284,0.0036701,0.0000111,0.0000039
13285,0.0036692,0.0000111,0.0000039
13286,0.0036684,0.0000110,0.0000039
13287,0.0036676,0.0000110,0.0000039
13288,0.0036667,0.0000110,0.0000039
13289,0.0036659,0.0000110,0.0000039
13290,0.0036651,0.0000110,0.0000039
13291,0.0036643,0.0000110,0.0000039
13292,0.0036634,0.0000110,0.0000039
13293,0.0036626,0.0000110,0.0000039
13294,0.0036618,0.0000110,0.0000039
13295,0.0036610,0.0000110,0.0000039
13296,0.0036601,0.0000110,0.0000039
13297,0.0036593,0.0000110,0.0000039
13298,0.0036585,0.0000110,0.0000039
13299,0.0036577,0.0000110,0.0000039
13300,0.0036568,0.0000110,0.0000039
13301,0.0036560,0.0000110,0.0000039
13302,0.0036552,0.0000110,0.0000038
13303,0.0036544,0.0000110,0.0000038
13304,0.0036535,0.0000110,0.0000038
13305,0.0036527,0.0000110,0.0000038
13306,0.0036519,0.0000110,0.0000038
13307,0.0036511,0.0000110,0.0000038
13308,0.0036502,0.0000110,0.0000038
13309,0.0036494,0.0000110,0.0000038
13310,0.0036486,0.0000110,0.0000038
13311,0.0036478,0.0000110,0.0000038
13312,0.0036470,0.0000110,0.0000038
13313,0.0036461,0.0000110,0.0000038
13314,0.0036453,0.0000110,0.0000038
13315,0.0036445,0.0000110,0.0000038
13316,0.0036437,0.0000110,0.0000038
13317,0.0036428,0.0000110,0.0000038
13318,0.0036420,0.0000110,0.0000038
13319,0.0036412,0.0000110,0.0000038
13320,0.0036404,0.0000110,0.0000038
13321,0.0036396,0.0000110,0.0000038
13322,0.0036387,0.0000109,0.0000038
13323,0.0036379,0.0000109,0.0000038
13324,0.0036371,0.0000109,0.0000038
13325,0.0036363,0.0000109,0.0000038
13326,0.0036355,0.0000109,0.0000038
13327,0.0036347,0.0000109,0.0000038
13328,0.0036338,0.0000109,0.0000038
13329,0.0036330,0.0000109,0.0000038
13330,0.0036322,0.0000109,0.0000038
13331,0.0036314,0.0000109,0.0000038
13332,0.0036306,0.0000109,0.0000038
13333,0.0036297,0.0000109,0.0000038
13334,0.0036289,0.0000109,0.0000038
13335,0.0036281,0.0000109,0.0000038
13336,0.0036273,0.0000109,0.0000038
13337,0.0036265,0.0000109,0.0000038
13338,0.0036257,0.0000109,0.0000038
13339,0.0036248,0.0000109,0.0000038
13340,0.0036240,0.0000109,0.0000038
13341,0.0036232,0.0000109,0.0000038
13342,0.0036224,0.0000109,0.0000038
13343,0.0036216,0.0000109,0.0000038
13344,0.0036208,0.0000109,0.0000038
13345,0.0036199,0.0000109,0.0000038
13346,0.0036191,0.0000109,0.0000038
13347,0.0036183,0.0000109,0.0000038
13348,0.0036175,0.0000109,0.0000038
13349,0.0036167,0.0000109,0.0000038
13350,0.0036159,0.0000109,0.0000038
13351,0.0036151,0.0000109,0.0000038
13352,0.0036142,0.0000109,0.0000038
13353,0.0036134,0.0000109,0.0000038
13354,0.0036126,0.0000109,0.0000038
13355,0.0036118,0.0000109,0.0000038
13356,0.0036110,0.0000109,0.0000038
13357,0.0036102,0.0000109,0.0000038
13358,0.0036094,0.0000108,0.0000038
13359,0.0036086,0.0000108,0.0000038
13360,0.0036077,0.0000108,0.0000038
13361,0.0036069,0.0000108,0.0000038
13362,0.0036061,0.0000108,0.0000038
13363,0.0036053,0.0000108,0.0000038
13364,0.0036045,0.0000108,0.0000038
13365,0.0036037,0.0000108,0.0000038
13366,0.0036029,0.0000108,0.0000038
13367,0.0036021,0.0000108,0.0000038
13368,0.0036013,0.0000108,0.0000038
13369,0.0036005,0.0000108,0.0000038
13370,0.0035996,0.0000108,0.0000038
13371,0.0035988,0.0000108,0.0000038
13372,0.0035980,0.0000108,0.0000038
13373,0.0035972,0.0000108,0.0000038
13374,0.0035964,0.0000108,0.0000038
13375,0.0035956,0.0000108,0.0000038
13376,0.0035948,0.0000108,0.0000038
13377,0.0035940,0.0000108,0.0000038
13378,0.0035932,0.0000108,0.0000038
13379,0.0035924,0.0000108,0.0000038
13380,0.0035916,0.0000108,0.0000038
13381,0.0035907,0.0000108,0.0000038
13382,0.0035899,0.0000108,0.0000038
13383,0.0035891,0.0000108,0.0000038
13384,0.0035883,0.0000108,0.0000038
13385,0.0035875,0.0000108,0.0000038
13386,0.0035867,0.0000108,0.0000038
13387,0.0035859,0.0000108,0.0000038
13388,0.0035851,0.0000108,0.0000038
13389,0.0035843,0.0000108,0.0000038
13390,0.0035835,0.0000108,0.0000038
13391,0.0035827,0.0000108,0.0000038
13392,0.0035819,0.0000108,0.0000038
13393,0.0035811,0.0000108,0.0000038
13394,0.0035803,0.0000107,0.0000038
13395,0.0035795,0.0000107,0.0000038
13396,0.0035787,0.0000107,0.0000038
13397,0.0035779,0.0000107,0.0000038
13398,0.0035771,0.0000107,0.0000038
13399,0.0035762,0.0000107,0.0000037
13400,0.0035754,0.0000107,0.0000037
13401,0.0035746,0.0000107,0.0000037
13402,0.0035738,0.0000107,0.0000037
13403,0.0035730,0.0000107,0.0000037
13404,0.0035722,0.0000107,0.0000037
13405,0.0035714,0.0000107,0.0000037
13406,0.0035706,0.0000107,0.0000037
13407,0.0035698,0.0000107,0.0000037
13408,0.0035690,0.0000107,0.0000037
13409,0.0035682,0.0000107,0.0000037
13410,0.0035674,0.0000107,0.0000037
13411,0.0035666,0.0000107,0.0000037
13412,0.0035658,0.0000107,0.0000037
13413,0.0035650,0.0000107,0.0000037
13414,0.0035642,0.0000107,0.0000037
13415,0.0035634,0.0000107,0.0000037
13416,0.0035626,0.0000107,0.0000037
13417,0.0035618,0.0000107,0.0000037
13418,0.0035610,0.0000107,0.0000037
13419,0.0035602,0.0000107,0.0000037
13420,0.0035594,0.0000107,0.0000037
13421,0.0035586,0.0000107,0.0000037
13422,0.0035578,0.0000107,0.0000037
13423,0.0035570,0.0000107,0.0000037
13424,0.0035562,0.0000107,0.0000037
13425,0.0035554,0.0000107,0.0000037
13426,0.0035546,0.0000107,0.0000037
13427,0.0035538,0.0000107,0.0000037
13428,0.0035530,0.0000107,0.0000037
13429,0.0035522,0.0000107,0.0000037
13430,0.0035514,0.0000107,0.0000037
13431,0.0035506,0.0000106,0.0000037
13432,0.0035498,0.0000106,0.0000037
13433,0.0035490,0.0000106,0.0000037
13434,0.0035483,0.0000106,0.0000037
13435,0.0035475,0.0000106,0.0000037
13436,0.0035467,0.0000106,0.0000037
13437,0.0035459,0.0000106,0.0000037
13438,0.0035451,0.0000106,0.0000037
13439,0.0035443,0.0000106,0.0000037
13440,0.0035435,0.0000106,0.0000037
13441,0.0035427,0.0000106,0.0000037
13442,0.0035419,0.0000106,0.0000037
13443,0.0035411,0.0000106,0.0000037
13444,0.0035403,0.0000106,0.0000037
13445,0.0035395,0.0000106,0.0000037
13446,0.0035387,0.0000106,0.0000037
13447,0.0035379,0.0000106,0.0000037
13448,0.0035371,0.0000106,0.0000037
13449,0.0035363,0.0000106,0.0000037
13450,0.0035355,0.0000106,0.0000037
13451,0.0035347,0.0000106,0.0000037
13452,0.0035340,0.0000106,0.0000037
13453,0.0035332,0.0000106,0.0000037
13454,0.0035324,0.0000106,0.0000037
13455,0.0035316,0.0000106,0.0000037
13456,0.0035308,0.0000106,0.0000037
13457,0.0035300,0.0000106,0.0000037
13458,0.0035292,0.0000106,0.0000037
13459,0.0035284,0.0000106,0.0000037
13460,0.0035276,0.0000106,0.0000037
13461,0.0035268,0.0000106,0.0000037
13462,0.0035260,0.0000106,0.0000037
13463,0.0035252,0.0000106,0.0000037
13464,0.0035245,0.0000106,0.0000037
13465,0.0035237,0.0000106,0.0000037
13466,0.0035229,0.0000106,0.0000037
13467,0.0035221,0.0000106,0.0000037
13468,0.0035213,0.0000105,0.0000037
13469,0.0035205,0.0000105,0.0000037
13470,0.0035197,0.0000105,0.0000037
13471,0.0035189,0.0000105,0.0000037
13472,0.0035181,0.0000105,0.0000037
13473,0.0035174,0.0000105,0.0000037
13474,0.0035166,0.0000105,0.0000037
13475,0.0035158,0.0000105,0.0000037
13476,0.0035150,0.0000105,0.0000037
13477,0.0035142,0.0000105,0.0000037
13478,0.0035134,0.0000105,0.0000037
13479,0.0035126,0.0000105,0.0000037
13480,0.0035118,0.0000105,0.0000037
13481,0.0035111,0.0000105,0.0000037
13482,0.0035103,0.0000105,0.0000037
13483,0.0035095,0.0000105,0.0000037
13484,0.0035087,0.0000105,0.0000037
13485,0.0035079,0.0000105,0.0000037
13486,0.0035071,0.0000105,0.0000037
13487,0.0035063,0.0000105,0.0000037
13488,0.0035055,0.0000105,0.0000037
13489,0.0035048,0.0000105,0.0000037
13490,0.0035040,0.0000105,0.0000037
13491,0.0035032,0.0000105,0.0000037
13492,0.0035024,0.0000105,0.0000037
13493,0.0035016,0.0000105,0.0000037
13494,0.0035008,0.0000105,0.0000037
13495,0.0035001,0.0000105,0.0000037
13496,0.0034993,0.0000105,0.0000037
13497,0.0034985,0.0000105,0.0000037
13498,0.0034977,0.0000105,0.0000037
13499,0.0034969,0.0000105,0.0000036
13500,0.0034961,0.0000105,0.0000036
13501,0.0034954,0.0000105,0.0000036
13502,0.0034946,0.0000105,0.0000036
13503,0.0034938,0.0000105,0.0000036
13504,0.0034930,0.0000105,0.0000036
13505,0.0034922,0.0000104,0.0000036
13506,0.0034914,0.0000104,0.0000036
13507,0.0034907,0.0000104,0.0000036
13508,0.0034899,0.0000104,0.0000036
13509,0.0034891,0.0000104,0.0000036
13510,0.0034883,0.0000104,0.0000036
13511,0.0034875,0.0000104,0.0000036
13512,0.0034868,0.0000104,0.0000036
13513,0.0034860,0.0000104,0.0000036
13514,0.0034852,0.0000104,0.0000036
13515,0.0034844,0.0000104,0.0000036
13516,0.0034836,0.0000104,0.0000036
13517,0.0034829,0.0000104,0.0000036
13518,0.0034821,0.0000104,0.0000036
13519,0.0034813,0.0000104,0.0000036
13520,0.0034805,0.0000104,0.0000036
13521,0.0034797,0.0000104,0.0000036
13522,0.0034790,0.0000104,0.0000036
13523,0.0034782,0.0000104,0.0000036
13524,0.0034774,0.0000104,0.0000036
13525,0.0034766,0.0000104,0.0000036
13526,0.0034759,0.0000104,0.0000036
13527,0.0034751,0.0000104,0.0000036
13528,0.0034743,0.0000104,0.0000036
13529,0.0034735,0.0000104,0.0000036
13530,0.0034727,0.0000104,0.0000036
13531,0.0034720,0.0000104,0.0000036
13532,0.0034712,0.0000104,0.0000036
13533,0.0034704,0.0000104,0.0000036
13534,0.0034696,0.0000104,0.0000036
13535,0.0034689,0.0000104,0.0000036
13536,0.0034681,0.0000104,0.0000036
13537,0.0034673,0.0000104,0.0000036
13538,0.0034665,0.0000104,0.0000036
13539,0.0034658,0.0000104,0.0000036
13540,0.0034650,0.0000104,0.0000036
13541,0.0034642,0.0000104,0.0000036
13542,0.0034634,0.0000104,0.0000036
13543,0.0034627,0.0000103,0.0000036
13544,0.0034619,0.0000103,0.0000036
13545,0.0034611,0.0000103,0.0000036
13546,0.0034603,0.0000103,0.0000036
13547,0.0034596,0.0000103,0.0000036
13548,0.0034588,0.0000103,0.0000036
13549,0.0034580,0.0000103,0.0000036
13550,0.0034572,0.0000103,0.0000036
13551,0.0034565,0.0000103,0.0000036
13552,0.0034557,0.0000103,0.0000036
13553,0.0034549,0.0000103,0.0000036
13554,0.0034542,0.0000103,0.0000036
13555,0.0034534,0.0000103,0.0000036
13556,0.0034526,0.0000103,0.0000036
13557,0.0034518,0.0000103,0.0000036
13558,0.0034511,0.0000103,0.0000036
13559,0.0034503,0.0000103,0.0000036
13560,0.0034495,0.0000103,0.0000036
13561,0.0034488,0.0000103,0.0000036
13562,0.0034480,0.0000103,0.0000036
13563,0.0034472,0.0000103,0.0000036
13564,0.0034464,0.0000103,0.0000036
13565,0.0034457,0.0000103,0.0000036
13566,0.0034449,0.0000103,0.0000036
13567,0.0034441,0.0000103,0.0000036
13568,0.0034434,0.0000103,0.0000036
13569,0.0034426,0.0000103,0.0000036
13570,0.0034418,0.0000103,0.0000036
13571,0.0034411,0.0000103,0.0000036
13572,0.0034403,0.0000103,0.0000036
13573,0.0034395,0.0000103,0.0000036
13574,0.0034388,0.0000103,0.0000036
13575,0.0034380,0.0000103,0.0000036
13576,0.0034372,0.0000103,0.0000036
13577,0.0034365,0.0000103,0.0000036
13578,0.0034357,0.0000103,0.0000036
13579,0.0034349,0.0000103,0.0000036
13580,0.0034342,0.0000103,0.0000036
13581,0.0034334,0.0000102,0.0000036
13582,0.0034326,0.0000102,0.0000036
13583,0.0034319,0.0000102,0.0000036
13584,0.0034311,0.0000102,0.0000036
13585,0.0034303,0.0000102,0.0000036
13586,0.0034296,0.0000102,0.0000036
13587,0.0034288,0.0000102,0.0000036
13588,0.0034280,0.0000102,0.0000036
13589,0.0034273,0.0000102,0.0000036
13590,0.0034265,0.0000102,0.0000036
13591,0.0034257,0.0000102,0.0000036
13592,0.0034250,0.0000102,0.0000036
13593,0.0034242,0.0000102,0.0000036
13594,0.0034234,0.0000102,0.0000036
13595,0.0034227,0.0000102,0.0000036
13596,0.0034219,0.0000102,0.0000036
13597,0.0034211,0.0000102,0.0000036
13598,0.0034204,0.0000102,0.0000036
13599,0.0034196,0.0000102,0.0000036
13600,0.0034189,0.0000102,0.0000036
13601,0.0034181,0.0000102,0.0000036
13602,0.0034173,0.0000102,0.0000036
13603,0.0034166,0.0000102,0.0000035
13604,0.0034158,0.0000102,0.0000035
13605,0.0034150,0.0000102,0.0000035
13606,0.0034143,0.0000102,0.0000035
13607,0.0034135,0.0000102,0.0000035
13608,0.0034128,0.0000102,0.0000035
13609,0.0034120,0.0000102,0.0000035
13610,0.0034112,0.0000102,0.0000035
13611,0.0034105,0.0000102,0.0000035
13612,0.0034097,0.0000102,0.0000035
13613,0.0034090,0.0000102,0.0000035
13614,0.0034082,0.0000102,0.0000035
13615,0.0034074,0.0000102,0.0000035
13616,0.0034067,0.0000102,0.0000035
13617,0.0034059,0.0000102,0.0000035
13618,0.0034052,0.0000102,0.0000035
13619,0.0034044,0.0000102,0.0000035
13620,0.0034036,0.0000101,0.0000035
13621,0.0034029,0.0000101,0.0000035
13622,0.0034021,0.0000101,0.0000035
13623,0.0034014,0.0000101,0.0000035
13624,0.0034006,0.0000101,0.0000035
13625,0.0033998,0.0000101,0.0000035
13626,0.0033991,0.0000101,0.0000035
13627,0.0033983,0.0000101,0.0000035
13628,0.0033976,0.0000101,0.0000035
13629,0.0033968,0.0000101,0.0000035
13630,0.0033961,0.0000101,0.0000035
13631,0.0033953,0.0000101,0.0000035
13632,0.0033945,0.0000101,0.0000035
13633,0.0033938,0.0000101,0.0000035
13634,0.0033930,0.0000101,0.0000035
13635,0.0033923,0.0000101,0.0000035
13636,0.0033915,0.0000101,0.0000035
13637,0.0033908,0.0000101,0.0000035
13638,0.0033900,0.0000101,0.0000035
13639,0.0033892,0.0000101,0.0000035
13640,0.0033885,0.0000101,0.0000035
13641,0.0033877,0.0000101,0.0000035
13642,0.0033870,0.0000101,0.0000035
13643,0.0033862,0.0000101,0.0000035
13644,0.0033855,0.0000101,0.0000035
13645,0.0033847,0.0000101,0.0000035
13646,0.0033840,0.0000101,0.0000035
13647,0.0033832,0.0000101,0.0000035
13648,0.0033825,0.0000101,0.0000035
13649,0.0033817,0.0000101,0.0000035
13650,0.0033810,0.0000101,0.0000035
13651,0.0033802,0.0000101,0.0000035
13652,0.0033794,0.0000101,0.0000035
13653,0.0033787,0.0000101,0.0000035
13654,0.0033779,0.0000101,0.0000035
13655,0.0033772,0.0000101,0.0000035
13656,0.0033764,0.0000101,0.0000035
13657,0.0033757,0.0000101,0.0000035
13658,0.0033749,0.0000101,0.0000035
13659,0.0033742,0.0000100,0.0000035
13660,0.0033734,0.0000100,0.0000035
13661,0.0033727,0.0000100,0.0000035
13662,0.0033719,0.0000100,0.0000035
13663,0.0033712,0.0000100,0.0000035
13664,0.0033704,0.0000100,0.0000035
13665,0.0033697,0.0000100,0.0000035
13666,0.0033689,0.0000100,0.0000035
13667,0.0033682,0.0000100,0.0000035
13668,0.0033674,0.0000100,0.0000035
13669,0.0033667,0.0000100,0.0000035
13670,0.0033659,0.0000100,0.0000035
13671,0.0033652,0.0000100,0.0000035
13672,0.0033644,0.0000100,0.0000035
13673,0.0033637,0.0000100,0.0000035
13674,0.0033629,0.0000100,0.0000035
13675,0.0033622,0.0000100,0.0000035
13676,0.0033614,0.0000100,0.0000035
13677,0.0033607,0.0000100,0.0000035
13678,0.0033599,0.0000100,0.0000035
13679,0.0033592,0.0000100,0.0000035
13680,0.0033584,0.0000100,0.0000035
13681,0.0033577,0.0000100,0.0000035
13682,0.0033570,0.0000100,0.0000035
13683,0.0033562,0.0000100,0.0000035
13684,0.0033555,0.0000100,0.0000035
13685,0.0033547,0.0000100,0.0000035
13686,0.0033540,0.0000100,0.0000035
13687,0.0033532,0.0000100,0.0000035
13688,0.0033525,0.0000100,0.0000035
13689,0.0033517,0.0000100,0.0000035
13690,0.0033510,0.0000100,0.0000035
13691,0.0033502,0.0000100,0.0000035
13692,0.0033495,0.0000100,0.0000035
13693,0.0033487,0.0000100,0.0000035
13694,0.0033480,0.0000100,0.0000035
13695,0.0033473,0.0000100,0.0000035
13696,0.0033465,0.0000100,0.0000035
13697,0.0033458,0.0000100,0.0000035
13698,0.0033450,0.0000100,0.0000035
13699,0.0033443,0.0000099,0.0000035
13700,0.0033435,0.0000099,0.0000035
13701,0.0033428,0.0000099,0.0000035
13702,0.0033420,0.0000099,0.0000035
13703,0.0033413,0.0000099,0.0000035
13704,0.0033406,0.0000099,0.0000035
13705,0.0033398,0.0000099,0.0000035
13706,0.0033391,0.0000099,0.0000035
13707,0.0033383,0.0000099,0.0000035
13708,0.0033376,0.0000099,0.0000035
13709,0.0033369,0.0000099,0.0000034
13710,0.0033361,0.0000099,0.0000034
13711,0.0033354,0.0000099,0.0000034
13712,0.0033346,0.0000099,0.0000034
13713,0.0033339,0.0000099,0.0000034
13714,0.0033331,0.0000099,0.0000034
13715,0.0033324,0.0000099,0.0000034
13716,0.0033317,0.0000099,0.0000034
13717,0.0033309,0.0000099,0.0000034
13718,0.0033302,0.0000099,0.0000034
13719,0.0033294,0.0000099,0.0000034
13720,0.0033287,0.0000099,0.0000034
13721,0.0033280,0.0000099,0.0000034
13722,0.0033272,0.0000099,0.0000034
13723,0.0033265,0.0000099,0.0000034
13724,0.0033257,0.0000099,0.0000034
13725,0.0033250,0.0000099,0.0000034
13726,0.0033243,0.0000099,0.0000034
13727,0.0033235,0.0000099,0.0000034
13728,0.0033228,0.0000099,0.0000034
13729,0.0033221,0.0000099,0.0000034
13730,0.0033213,0.0000099,0.0000034
13731,0.0033206,0.0000099,0.0000034
13732,0.0033198,0.0000099,0.0000034
13733,0.0033191,0.0000099,0.0000034
13734,0.0033184,0.0000099,0.0000034
13735,0.0033176,0.0000099,0.0000034
13736,0.0033169,0.0000099,0.0000034
13737,0.0033162,0.0000099,0.0000034
13738,0.0033154,0.0000099,0.0000034
13739,0.0033147,0.0000098,0.0000034
13740,0.0033139,0.0000098,0.0000034
13741,0.0033132,0.0000098,0.0000034
13742,0.0033125,0.0000098,0.0000034
13743,0.0033117,0.0000098,0.0000034
13744,0.0033110,0.0000098,0.0000034
13745,0.0033103,0.0000098,0.0000034
13746,0.0033095,0.0000098,0.0000034
13747,0.0033088,0.0000098,0.0000034
13748,0.0033081,0.0000098,0.0000034
13749,0.0033073,0.0000098,0.0000034
13750,0.0033066,0.0000098,0.0000034
13751,0.0033059,0.0000098,0.0000034
13752,0.0033051,0.0000098,0.0000034
13753,0.0033044,0.0000098,0.0000034
13754,0.0033037,0.0000098,0.0000034
13755,0.0033029,0.0000098,0.0000034
13756,0.0033022,0.0000098,0.0000034
13757,0.0033015,0.0000098,0.0000034
13758,0.0033007,0.0000098,0.0000034
13759,0.0033000,0.0000098,0.0000034
13760,0.0032993,0.0000098,0.0000034
13761,0.0032985,0.0000098,0.0000034
13762,0.0032978,0.0000098,0.0000034
13763,0.0032971,0.0000098,0.0000034
13764,0.0032963,0.0000098,0.0000034
13765,0.0032956,0.0000098,0.0000034
13766,0.0032949,0.0000098,0.0000034
13767,0.0032941,0.0000098,0.0000034
13768,0.0032934,0.0000098,0.0000034
13769,0.0032927,0.0000098,0.0000034
13770,0.0032920,0.0000098,0.0000034
13771,0.0032912,0.0000098,0.0000034
13772,0.0032905,0.0000098,0.0000034
13773,0.0032898,0.0000098,0.0000034
13774,0.0032890,0.0000098,0.0000034
13775,0.0032883,0.0000098,0.0000034
13776,0.0032876,0.0000098,0.0000034
13777,0.0032868,0.0000098,0.0000034
13778,0.0032861,0.0000098,0.0000034
13779,0.0032854,0.0000097,0.0000034
13780,0.0032847,0.0000097,0.0000034
13781,0.0032839,0.0000097,0.0000034
13782,0.0032832,0.0000097,0.0000034
13783,0.0032825,0.0000097,0.0000034
13784,0.0032817,0.0000097,0.0000034
13785,0.0032810,0.0000097,0.0000034
13786,0.0032803,0.0000097,0.0000034
13787,0.0032796,0.0000097,0.0000034
13788,0.0032788,0.0000097,0.0000034
13789,0.0032781,0.0000097,0.0000034
13790,0.0032774,0.0000097,0.0000034
13791,0.0032767,0.0000097,0.0000034
13792,0.0032759,0.0000097,0.0000034
13793,0.0032752,0.0000097,0.0000034
13794,0.0032745,0.0000097,0.0000034
13795,0.0032738,0.0000097,0.0000034
13796,0.0032730,0.0000097,0.0000034
13797,0.0032723,0.0000097,0.0000034
13798,0.0032716,0.0000097,0.0000034
13799,0.0032708,0.0000097,0.0000034
13800,0.0032701,0.0000097,0.0000034
13801,0.0032694,0.0000097,0.0000034
13802,0.0032687,0.0000097,0.0000034
13803,0.0032680,0.0000097,0.0000034
13804,0.0032672,0.0000097,0.0000034
13805,0.0032665,0.0000097,0.0000034
13806,0.0032658,0.0000097,0.0000034
13807,0.0032651,0.0000097,0.0000034
13808,0.0032643,0.0000097,0.0000034
13809,0.0032636,0.0000097,0.0000034
13810,0.0032629,0.0000097,0.0000034
13811,0.0032622,0.0000097,0.0000034
13812,0.0032614,0.0000097,0.0000034
13813,0.0032607,0.0000097,0.0000034
13814,0.0032600,0.0000097,0.0000034
13815,0.0032593,0.0000097,0.0000034
13816,0.0032586,0.0000097,0.0000034
13817,0.0032578,0.0000097,0.0000034
13818,0.0032571,0.0000097,0.0000034
13819,0.0032564,0.0000097,0.0000034
13820,0.0032557,0.0000096,0.0000033
13821,0.0032549,0.0000096,0.0000033
13822,0.0032542,0.0000096,0.0000033
13823,0.0032535,0.0000096,0.0000033
13824,0.0032528,0.0000096,0.0000033
13825,0.0032521,0.0000096,0.0000033
13826,0.0032513,0.0000096,0.0000033
13827,0.0032506,0.0000096,0.0000033
13828,0.0032499,0.0000096,0.0000033
13829,0.0032492,0.0000096,0.0000033
13830,0.0032485,0.0000096,0.0000033
13831,0.0032477,0.0000096,0.0000033
13832,0.0032470,0.0000096,0.0000033
13833,0.0032463,0.0000096,0.0000033
13834,0.0032456,0.0000096,0.0000033
13835,0.0032449,0.0000096,0.0000033
13836,0.0032442,0.0000096,0.0000033
13837,0.0032434,0.0000096,0.0000033
13838,0.0032427,0.0000096,0.0000033
13839,0.0032420,0.0000096,0.0000033
13840,0.0032413,0.0000096,0.0000033
13841,0.0032406,0.0000096,0.0000033
13842,0.0032398,0.0000096,0.0000033
13843,0.0032391,0.0000096,0.0000033
13844,0.0032384,0.0000096,0.0000033
13845,0.0032377,0.0000096,0.0000033
13846,0.0032370,0.0000096,0.0000033
13847,0.0032363,0.0000096,0.0000033
13848,0.0032355,0.0000096,0.0000033
13849,0.0032348,0.0000096,0.0000033
13850,0.0032341,0.0000096,0.0000033
13851,0.0032334,0.0000096,0.0000033
13852,0.0032327,0.0000096,0.0000033
13853,0.0032320,0.0000096,0.0000033
13854,0.0032313,0.0000096,0.0000033
13855,0.0032305,0.0000096,0.0000033
13856,0.0032298,0.0000096,0.0000033
13857,0.0032291,0.0000096,0.0000033
13858,0.0032284,0.0000096,0.0000033
13859,0.0032277,0.0000096,0.0000033
13860,0.0032270,0.0000096,0.0000033
13861,0.0032263,0.0000096,0.0000033
13862,0.0032255,0.0000095,0.0000033
13863,0.0032248,0.0000095,0.0000033
13864,0.0032241,0.0000095,0.0000033
13865,0.0032234,0.0000095,0.0000033
13866,0.0032227,0.0000095,0.0000033
13867,0.0032220,0.0000095,0.0000033
13868,0.0032213,0.0000095,0.0000033
13869,0.0032206,0.0000095,0.0000033
13870,0.0032198,0.0000095,0.0000033
13871,0.0032191,0.0000095,0.0000033
13872,0.0032184,0.0000095,0.0000033
13873,0.0032177,0.0000095,0.0000033
13874,0.0032170,0.0000095,0.0000033
13875,0.0032163,0.0000095,0.0000033
13876,0.0032156,0.0000095,0.0000033
13877,0.0032149,0.0000095,0.0000033
13878,0.0032142,0.0000095,0.0000033
13879,0.0032134,0.0000095,0.0000033
13880,0.0032127,0.0000095,0.0000033
13881,0.0032120,0.0000095,0.0000033
13882,0.0032113,0.0000095,0.0000033
13883,0.0032106,0.0000095,0.0000033
13884,0.0032099,0.0000095,0.0000033
13885,0.0032092,0.0000095,0.0000033
13886,0.0032085,0.0000095,0.0000033
13887,0.0032078,0.0000095,0.0000033
13888,0.0032071,0.0000095,0.0000033
13889,0.0032064,0.0000095,0.0000033
13890,0.0032056,0.0000095,0.0000033
13891,0.0032049,0.0000095,0.0000033
13892,0.0032042,0.0000095,0.0000033
13893,0.0032035,0.0000095,0.0000033
13894,0.0032028,0.0000095,0.0000033
13895,0.0032021,0.0000095,0.0000033
13896,0.0032014,0.0000095,0.0000033
13897,0.0032007,0.0000095,0.0000033
13898,0.0032000,0.0000095,0.0000033
13899,0.0031993,0.0000095,0.0000033
13900,0.0031986,0.0000095,0.0000033
13901,0.0031979,0.0000095,0.0000033
13902,0.0031972,0.0000095,0.0000033
13903,0.0031965,0.0000094,0.0000033
13904,0.0031957,0.0000094,0.0000033
13905,0.0031950,0.0000094,0.0000033
13906,0.0031943,0.0000094,0.0000033
13907,0.0031936,0.0000094,0.0000033
13908,0.0031929,0.0000094,0.0000033
13909,0.0031922,0.0000094,0.0000033
13910,0.0031915,0.0000094,0.0000033
13911,0.0031908,0.0000094,0.0000033
13912,0.0031901,0.0000094,0.0000033
13913,0.0031894,0.0000094,0.0000033
13914,0.0031887,0.0000094,0.0000033
13915,0.0031880,0.0000094,0.0000033
13916,0.0031873,0.0000094,0.0000033
13917,0.0031866,0.0000094,0.0000033
13918,0.0031859,0.0000094,0.0000033
13919,0.0031852,0.0000094,0.0000033
13920,0.0031845,0.0000094,0.0000033
13921,0.0031838,0.0000094,0.0000033
13922,0.0031831,0.0000094,0.0000033
13923,0.0031824,0.0000094,0.0000033
13924,0.0031817,0.0000094,0.0000033
13925,0.0031810,0.0000094,0.0000033
13926,0.0031803,0.0000094,0.0000033
13927,0.0031796,0.0000094,0.0000033
13928,0.0031789,0.0000094,0.0000033
13929,0.0031782,0.0000094,0.0000033
13930,0.0031775,0.0000094,0.0000033
13931,0.0031768,0.0000094,0.0000033
13932,0.0031761,0.0000094,0.0000033
13933,0.0031754,0.0000094,0.0000033
13934,0.0031747,0.0000094,0.0000032
13935,0.0031740,0.0000094,0.0000032
13936,0.0031733,0.0000094,0.0000032
13937,0.0031726,0.0000094,0.0000032
13938,0.0031719,0.0000094,0.0000032
13939,0.0031712,0.0000094,0.0000032
13940,0.0031705,0.0000094,0.0000032
13941,0.0031698,0.0000094,0.0000032
13942,0.0031691,0.0000094,0.0000032
13943,0.0031684,0.0000094,0.0000032
13944,0.0031677,0.0000094,0.0000032
13945,0.0031670,0.0000094,0.0000032
13946,0.0031663,0.0000093,0.0000032
13947,0.0031656,0.0000093,0.0000032
13948,0.0031649,0.0000093,0.0000032
13949,0.0031642,0.0000093,0.0000032
13950,0.0031635,0.0000093,0.0000032
13951,0.0031628,0.0000093,0.0000032
13952,0.0031621,0.0000093,0.0000032
13953,0.0031614,0.0000093,0.0000032
13954,0.0031607,0.0000093,0.0000032
13955,0.0031600,0.0000093,0.0000032
13956,0.0031593,0.0000093,0.0000032
13957,0.0031586,0.0000093,0.0000032
13958,0.0031579,0.0000093,0.0000032
13959,0.0031572,0.0000093,0.0000032
13960,0.0031565,0.0000093,0.0000032
13961,0.0031558,0.0000093,0.0000032
13962,0.0031551,0.0000093,0.0000032
13963,0.0031544,0.0000093,0.0000032
13964,0.0031537,0.0000093,0.0000032
13965,0.0031530,0.0000093,0.0000032
13966,0.0031523,0.0000093,0.0000032
13967,0.0031516,0.0000093,0.0000032
13968,0.0031509,0.0000093,0.0000032
13969,0.0031503,0.0000093,0.0000032
13970,0.0031496,0.0000093,0.0000032
13971,0.0031489,0.0000093,0.0000032
13972,0.0031482,0.0000093,0.0000032
13973,0.0031475,0.0000093,0.0000032
13974,0.0031468,0.0000093,0.0000032
13975,0.0031461,0.0000093,0.0000032
13976,0.0031454,0.0000093,0.0000032
13977,0.0031447,0.0000093,0.0000032
13978,0.0031440,0.0000093,0.0000032
13979,0.0031433,0.0000093,0.0000032
13980,0.0031426,0.0000093,0.0000032
13981,0.0031419,0.0000093,0.0000032
13982,0.0031412,0.0000093,0.0000032
13983,0.0031405,0.0000093,0.0000032
13984,0.0031399,0.0000093,0.0000032
13985,0.0031392,0.0000093,0.0000032
13986,0.0031385,0.0000093,0.0000032
13987,0.0031378,0.0000093,0.0000032
13988,0.0031371,0.0000093,0.0000032
13989,0.0031364,0.0000092,0.0000032
13990,0.0031357,0.0000092,0.0000032
13991,0.0031350,0.0000092,0.0000032
13992,0.0031343,0.0000092,0.0000032
13993,0.0031336,0.0000092,0.0000032
13994,0.0031330,0.0000092,0.0000032
13995,0.0031323,0.0000092,0.0000032
13996,0.0031316,0.0000092,0.0000032
13997,0.0031309,0.0000092,0.0000032
13998,0.0031302,0.0000092,0.0000032
13999,0.0031295,0.0000092,0.0000032
14000,0.0031288,0.0000092,0.0000032
14001,0.0031281,0.0000092,0.0000032
14002,0.0031274,0.0000092,0.0000032
14003,0.0031268,0.0000092,0.0000032
14004,0.0031261,0.0000092,0.0000032
14005,0.0031254,0.0000092,0.0000032
14006,0.0031247,0.0000092,0.0000032
14007,0.0031240,0.0000092,0.0000032
14008,0.0031233,0.0000092,0.0000032
14009,0.0031226,0.0000092,0.0000032
14010,0.0031219,0.0000092,0.0000032
14011,0.0031213,0.0000092,0.0000032
14012,0.0031206,0.0000092,0.0000032
14013,0.0031199,0.0000092,0.0000032
14014,0.0031192,0.0000092,0.0000032
14015,0.0031185,0.0000092,0.0000032
14016,0.0031178,0.0000092,0.0000032
14017,0.0031171,0.0000092,0.0000032
14018,0.0031164,0.0000092,0.0000032
14019,0.0031158,0.0000092,0.0000032
14020,0.0031151,0.0000092,0.0000032
14021,0.0031144,0.0000092,0.0000032
14022,0.0031137,0.0000092,0.0000032
14023,0.0031130,0.0000092,0.0000032
14024,0.0031123,0.0000092,0.0000032
14025,0.0031117,0.0000092,0.0000032
14026,0.0031110,0.0000092,0.0000032
14027,0.0031103,0.0000092,0.0000032
14028,0.0031096,0.0000092,0.0000032
14029,0.0031089,0.0000092,0.0000032
14030,0.0031082,0.0000092,0.0000032
14031,0.0031076,0.0000092,0.0000032
14032,0.0031069,0.0000091,0.0000032
14033,0.0031062,0.0000091,0.0000032
14034,0.0031055,0.0000091,0.0000032
14035,0.0031048,0.0000091,0.0000032
14036,0.0031041,0.0000091,0.0000032
14037,0.0031035,0.0000091,0.0000032
14038,0.0031028,0.0000091,0.0000032
14039,0.0031021,0.0000091,0.0000032
14040,0.0031014,0.0000091,0.0000032
14041,0.0031007,0.0000091,0.0000032
14042,0.0031000,0.0000091,0.0000032
14043,0.0030994,0.0000091,0.0000032
14044,0.0030987,0.0000091,0.0000032
14045,0.0030980,0.0000091,0.0000032
14046,0.0030973,0.0000091,0.0000032
14047,0.0030966,0.0000091,0.0000032
14048,0.0030960,0.0000091,0.0000032
14049,0.0030953,0.0000091,0.0000032
14050,0.0030946,0.0000091,0.0000032
14051,0.0030939,0.0000091,0.0000031
14052,0.0030932,0.0000091,0.0000031
14053,0.0030926,0.0000091,0.0000031
14054,0.0030919,0.0000091,0.0000031
14055,0.0030912,0.0000091,0.0000031
14056,0.0030905,0.0000091,0.0000031
14057,0.0030898,0.0000091,0.0000031
14058,0.0030892,0.0000091,0.0000031
14059,0.0030885,0.0000091,0.0000031
14060,0.0030878,0.0000091,0.0000031
14061,0.0030871,0.0000091,0.0000031
14062,0.0030865,0.0000091,0.0000031
14063,0.0030858,0.0000091,0.0000031
14064,0.0030851,0.0000091,0.0000031
14065,0.0030844,0.0000091,0.0000031
14066,0.0030837,0.0000091,0.0000031
14067,0.0030831,0.0000091,0.0000031
14068,0.0030824,0.0000091,0.0000031
14069,0.0030817,0.0000091,0.0000031
14070,0.0030810,0.0000091,0.0000031
14071,0.0030804,0.0000091,0.0000031
14072,0.0030797,0.0000091,0.0000031
14073,0.0030790,0.0000091,0.0000031
14074,0.0030783,0.0000091,0.0000031
14075,0.0030777,0.0000091,0.0000031
14076,0.0030770,0.0000090,0.0000031
14077,0.0030763,0.0000090,0.0000031
14078,0.0030756,0.0000090,0.0000031
14079,0.0030750,0.0000090,0.0000031
14080,0.0030743,0.0000090,0.0000031
14081,0.0030736,0.0000090,0.0000031
14082,0.0030729,0.0000090,0.0000031
14083,0.0030723,0.0000090,0.0000031
14084,0.0030716,0.0000090,0.0000031
14085,0.0030709,0.0000090,0.0000031
14086,0.0030702,0.0000090,0.0000031
14087,0.0030696,0.0000090,0.0000031
14088,0.0030689,0.0000090,0.0000031
14089,0.0030682,0.0000090,0.0000031
14090,0.0030675,0.0000090,0.0000031
14091,0.0030669,0.0000090,0.0000031
14092,0.0030662,0.0000090,0.0000031
14093,0.0030655,0.0000090,0.0000031
14094,0.0030648,0.0000090,0.0000031
14095,0.0030642,0.0000090,0.0000031
14096,0.0030635,0.0000090,0.0000031
14097,0.0030628,0.0000090,0.0000031
14098,0.0030622,0.0000090,0.0000031
14099,0.0030615,0.0000090,0.0000031
14100,0.0030608,0.0000090,0.0000031
14101,0.0030601,0.0000090,0.0000031
14102,0.0030595,0.0000090,0.0000031
14103,0.0030588,0.0000090,0.0000031
14104,0.0030581,0.0000090,0.0000031
14105,0.0030575,0.0000090,0.0000031
14106,0.0030568,0.0000090,0.0000031
14107,0.0030561,0.0000090,0.0000031
14108,0.0030555,0.0000090,0.0000031
14109,0.0030548,0.0000090,0.0000031
14110,0.0030541,0.0000090,0.0000031
14111,0.0030534,0.0000090,0.0000031
14112,0.0030528,0.0000090,0.0000031
14113,0.0030521,0.0000090,0.0000031
14114,0.0030514,0.0000090,0.0000031
14115,0.0030508,0.0000090,0.0000031
14116,0.0030501,0.0000090,0.0000031
14117,0.0030494,0.0000090,0.0000031
14118,0.0030488,0.0000090,0.0000031
14119,0.0030481,0.0000090,0.0000031
14120,0.0030474,0.0000089,0.0000031
14121,0.0030468,0.0000089,0.0000031
14122,0.0030461,0.0000089,0.0000031
14123,0.0030454,0.0000089,0.0000031
14124,0.0030448,0.0000089,0.0000031
14125,0.0030441,0.0000089,0.0000031
14126,0.0030434,0.0000089,0.0000031
14127,0.0030427,0.0000089,0.0000031
14128,0.0030421,0.0000089,0.0000031
14129,0.0030414,0.0000089,0.0000031
14130,0.0030408,0.0000089,0.0000031
14131,0.0030401,0.0000089,0.0000031
14132,0.0030394,0.0000089,0.0000031
14133,0.0030388,0.0000089,0.0000031
14134,0.0030381,0.0000089,0.0000031
14135,0.0030374,0.0000089,0.0000031
14136,0.0030368,0.0000089,0.0000031
14137,0.0030361,0.0000089,0.0000031
14138,0.0030354,0.0000089,0.0000031
14139,0.0030348,0.0000089,0.0000031
14140,0.0030341,0.0000089,0.0000031
14141,0.0030334,0.0000089,0.0000031
14142,0.0030328,0.0000089,0.0000031
14143,0.0030321,0.0000089,0.0000031
14144,0.0030314,0.0000089,0.0000031
14145,0.0030308,0.0000089,0.0000031
14146,0.0030301,0.0000089,0.0000031
14147,0.0030294,0.0000089,0.0000031
14148,0.0030288,0.0000089,0.0000031
14149,0.0030281,0.0000089,0.0000031
14150,0.0030275,0.0000089,0.0000031
14151,0.0030268,0.0000089,0.0000031
14152,0.0030261,0.0000089,0.0000031
14153,0.0030255,0.0000089,0.0000031
14154,0.0030248,0.0000089,0.0000031
14155,0.0030241,0.0000089,0.0000031
14156,0.0030235,0.0000089,0.0000031
14157,0.0030228,0.0000089,0.0000031
14158,0.0030222,0.0000089,0.0000031
14159,0.0030215,0.0000089,0.0000031
14160,0.0030208,0.0000089,0.0000031
14161,0.0030202,0.0000089,0.0000031
14162,0.0030195,0.0000089,0.0000031
14163,0.0030189,0.0000089,0.0000031
14164,0.0030182,0.0000089,0.0000031
14165,0.0030175,0.0000088,0.0000031
14166,0.0030169,0.0000088,0.0000031
14167,0.0030162,0.0000088,0.0000031
14168,0.0030156,0.0000088,0.0000031
14169,0.0030149,0.0000088,0.0000031
14170,0.0030142,0.0000088,0.0000031
14171,0.0030136,0.0000088,0.0000031
14172,0.0030129,0.0000088,0.0000031
14173,0.0030123,0.0000088,0.0000031
14174,0.0030116,0.0000088,0.0000030
14175,0.0030109,0.0000088,0.0000030
14176,0.0030103,0.0000088,0.0000030
14177,0.0030096,0.0000088,0.0000030
14178,0.0030090,0.0000088,0.0000030
14179,0.0030083,0.0000088,0.0000030
14180,0.0030076,0.0000088,0.0000030
14181,0.0030070,0.0000088,0.0000030
14182,0.0030063,0.0000088,0.0000030
14183,0.0030057,0.0000088,0.0000030
14184,0.0030050,0.0000088,0.0000030
14185,0.0030044,0.0000088,0.0000030
14186,0.0030037,0.0000088,0.0000030
14187,0.0030030,0.0000088,0.0000030
14188,0.0030024,0.0000088,0.0000030
14189,0.0030017,0.0000088,0.0000030
14190,0.0030011,0.0000088,0.0000030
14191,0.0030004,0.0000088,0.0000030
14192,0.0029998,0.0000088,0.0000030
14193,0.0029991,0.0000088,0.0000030
14194,0.0029984,0.0000088,0.0000030
14195,0.0029978,0.0000088,0.0000030
14196,0.0029971,0.0000088,0.0000030
14197,0.0029965,0.0000088,0.0000030
14198,0.0029958,0.0000088,0.0000030
14199,0.0029952,0.0000088,0.0000030
14200,0.0029945,0.0000088,0.0000030
14201,0.0029939,0.0000088,0.0000030
14202,0.0029932,0.0000088,0.0000030
14203,0.0029926,0.0000088,0.0000030
14204,0.0029919,0.0000088,0.0000030
14205,0.0029912,0.0000088,0.0000030
14206,0.0029906,0.0000088,0.0000030
14207,0.0029899,0.0000088,0.0000030
14208,0.0029893,0.0000088,0.0000030
14209,0.0029886,0.0000088,0.0000030
14210,0.0029880,0.0000088,0.0000030
14211,0.0029873,0.0000087,0.0000030
14212,0.0029867,0.0000087,0.0000030
14213,0.0029860,0.0000087,0.0000030
14214,0.0029854,0.0000087,0.0000030
14215,0.0029847,0.0000087,0.0000030
14216,0.0029841,0.0000087,0.0000030
14217,0.0029834,0.0000087,0.0000030
14218,0.0029828,0.0000087,0.0000030
14219,0.0029821,0.0000087,0.0000030
14220,0.0029815,0.0000087,0.0000030
14221,0.0029808,0.0000087,0.0000030
14222,0.0029802,0.0000087,0.0000030
14223,0.0029795,0.0000087,0.0000030
14224,0.0029789,0.0000087,0.0000030
14225,0.0029782,0.0000087,0.0000030
14226,0.0029776,0.0000087,0.0000030
14227,0.0029769,0.0000087,0.0000030
14228,0.0029763,0.0000087,0.0000030
14229,0.0029756,0.0000087,0.0000030
14230,0.0029750,0.0000087,0.0000030
14231,0.0029743,0.0000087,0.0000030
14232,0.0029737,0.0000087,0.0000030
14233,0.0029730,0.0000087,0.0000030
14234,0.0029724,0.0000087,0.0000030
14235,0.0029717,0.0000087,0.0000030
14236,0.0029711,0.0000087,0.0000030
14237,0.0029704,0.0000087,0.0000030
14238,0.0029698,0.0000087,0.0000030
14239,0.0029691,0.0000087,0.0000030
14240,0.0029685,0.0000087,0.0000030
14241,0.0029678,0.0000087,0.0000030
14242,0.0029672,0.0000087,0.0000030
14243,0.0029665,0.0000087,0.0000030
14244,0.0029659,0.0000087,0.0000030
14245,0.0029652,0.0000087,0.0000030
14246,0.0029646,0.0000087,0.0000030
14247,0.0029639,0.0000087,0.0000030
14248,0.0029633,0.0000087,0.0000030
14249,0.0029626,0.0000087,0.0000030
14250,0.0029620,0.0000087,0.0000030
14251,0.0029613,0.0000087,0.0000030
14252,0.0029607,0.0000087,0.0000030
14253,0.0029601,0.0000087,0.0000030
14254,0.0029594,0.0000087,0.0000030
14255,0.0029588,0.0000087,0.0000030
14256,0.0029581,0.0000087,0.0000030
14257,0.0029575,0.0000086,0.0000030
14258,0.0029568,0.0000086,0.0000030
14259,0.0029562,0.0000086,0.0000030
14260,0.0029555,0.0000086,0.0000030
14261,0.0029549,0.0000086,0.0000030
14262,0.0029542,0.0000086,0.0000030
14263,0.0029536,0.0000086,0.0000030
14264,0.0029530,0.0000086,0.0000030
14265,0.0029523,0.0000086,0.0000030
14266,0.0029517,0.0000086,0.0000030
14267,0.0029510,0.0000086,0.0000030
14268,0.0029504,0.0000086,0.0000030
14269,0.0029497,0.0000086,0.0000030
14270,0.0029491,0.0000086,0.0000030
14271,0.0029485,0.0000086,0.0000030
14272,0.0029478,0.0000086,0.0000030
14273,0.0029472,0.0000086,0.0000030
14274,0.0029465,0.0000086,0.0000030
14275,0.0029459,0.0000086,0.0000030
14276,0.0029452,0.0000086,0.0000030
14277,0.0029446,0.0000086,0.0000030
14278,0.0029440,0.0000086,0.0000030
14279,0.0029433,0.0000086,0.0000030
14280,0.0029427,0.0000086,0.0000030
14281,0.0029420,0.0000086,0.0000030
14282,0.0029414,0.0000086,0.0000030
14283,0.0029408,0.0000086,0.0000030
14284,0.0029401,0.0000086,0.0000030
14285,0.0029395,0.0000086,0.0000030
14286,0.0029388,0.0000086,0.0000030
14287,0.0029382,0.0000086,0.0000030
14288,0.0029375,0.0000086,0.0000030
14289,0.0029369,0.0000086,0.0000030
14290,0.0029363,0.0000086,0.0000030
14291,0.0029356,0.0000086,0.0000030
14292,0.0029350,0.0000086,0.0000030
14293,0.0029343,0.0000086,0.0000030
14294,0.0029337,0.0000086,0.0000030
14295,0.0029331,0.0000086,0.0000030
14296,0.0029324,0.0000086,0.0000030
14297,0.0029318,0.0000086,0.0000030
14298,0.0029312,0.0000086,0.0000030
14299,0.0029305,0.0000086,0.0000030
14300,0.0029299,0.0000086,0.0000029
14301,0.0029292,0.0000086,0.0000029
14302,0.0029286,0.0000086,0.0000029
14303,0.0029280,0.0000086,0.0000029
14304,0.0029273,0.0000085,0.0000029
14305,0.0029267,0.0000085,0.0000029
14306,0.0029260,0.0000085,0.0000029
14307,0.0029254,0.0000085,0.0000029
14308,0.0029248,0.0000085,0.0000029
14309,0.0029241,0.0000085,0.0000029
14310,0.0029235,0.0000085,0.0000029
14311,0.0029229,0.0000085,0.0000029
14312,0.0029222,0.0000085,0.0000029
14313,0.0029216,0.0000085,0.0000029
14314,0.0029210,0.0000085,0.0000029
14315,0.0029203,0.0000085,0.0000029
14316,0.0029197,0.0000085,0.0000029
14317,0.0029190,0.0000085,0.0000029
14318,0.0029184,0.0000085,0.0000029
14319,0.0029178,0.0000085,0.0000029
14320,0.0029171,0.0000085,0.0000029
14321,0.0029165,0.0000085,0.0000029
14322,0.0029159,0.0000085,0.0000029
14323,0.0029152,0.0000085,0.0000029
14324,0.0029146,0.0000085,0.0000029
14325,0.0029140,0.0000085,0.0000029
14326,0.0029133,0.0000085,0.0000029
14327,0.0029127,0.0000085,0.0000029
14328,0.0029121,0.0000085,0.0000029
14329,0.0029114,0.0000085,0.0000029
14330,0.0029108,0.0000085,0.0000029
14331,0.0029102,0.0000085,0.0000029
14332,0.0029095,0.0000085,0.0000029
14333,0.0029089,0.0000085,0.0000029
14334,0.0029083,0.0000085,0.0000029
14335,0.0029076,0.0000085,0.0000029
14336,0.0029070,0.0000085,0.0000029
14337,0.0029064,0.0000085,0.0000029
14338,0.0029057,0.0000085,0.0000029
14339,0.0029051,0.0000085,0.0000029
14340,0.0029045,0.0000085,0.0000029
14341,0.0029038,0.0000085,0.0000029
14342,0.0029032,0.0000085,0.0000029
14343,0.0029026,0.0000085,0.0000029
14344,0.0029019,0.0000085,0.0000029
14345,0.0029013,0.0000085,0.0000029
14346,0.0029007,0.0000085,0.0000029
14347,0.0029001,0.0000085,0.0000029
14348,0.0028994,0.0000085,0.0000029
14349,0.0028988,0.0000085,0.0000029
14350,0.0028982,0.0000085,0.0000029
14351,0.0028975,0.0000084,0.0000029
14352,0.0028969,0.0000084,0.0000029
14353,0.0028963,0.0000084,0.0000029
14354,0.0028956,0.0000084,0.0000029
14355,0.0028950,0.0000084,0.0000029
14356,0.0028944,0.0000084,0.0000029
14357,0.0028938,0.0000084,0.0000029
14358,0.0028931,0.0000084,0.0000029
14359,0.0028925,0.0000084,0.0000029
14360,0.0028919,0.0000084,0.0000029
14361,0.0028912,0.0000084,0.0000029
14362,0.0028906,0.0000084,0.0000029
14363,0.0028900,0.0000084,0.0000029
14364,0.0028894,0.0000084,0.0000029
14365,0.0028887,0.0000084,0.0000029
14366,0.0028881,0.0000084,0.0000029
14367,0.0028875,0.0000084,0.0000029
14368,0.0028868,0.0000084,0.0000029
14369,0.0028862,0.0000084,0.0000029
14370,0.0028856,0.0000084,0.0000029
14371,0.0028850,0.0000084,0.0000029
14372,0.0028843,0.0000084,0.0000029
14373,0.0028837,0.0000084,0.0000029
14374,0.0028831,0.0000084,0.0000029
14375,0.0028825,0.0000084,0.0000029
14376,0.0028818,0.0000084,0.0000029
14377,0.0028812,0.0000084,0.0000029
14378,0.0028806,0.0000084,0.0000029
14379,0.0028799,0.0000084,0.0000029
14380,0.0028793,0.0000084,0.0000029
14381,0.0028787,0.0000084,0.0000029
14382,0.0028781,0.0000084,0.0000029
14383,0.0028774,0.0000084,0.0000029
14384,0.0028768,0.0000084,0.0000029
14385,0.0028762,0.0000084,0.0000029
14386,0.0028756,0.0000084,0.0000029
14387,0.0028749,0.0000084,0.0000029
14388,0.0028743,0.0000084,0.0000029
14389,0.0028737,0.0000084,0.0000029
14390,0.0028731,0.0000084,0.0000029
14391,0.0028724,0.0000084,0.0000029
14392,0.0028718,0.0000084,0.0000029
14393,0.0028712,0.0000084,0.0000029
14394,0.0028706,0.0000084,0.0000029
14395,0.0028700,0.0000084,0.0000029
14396,0.0028693,0.0000084,0.0000029
14397,0.0028687,0.0000084,0.0000029
14398,0.0028681,0.0000084,0.0000029
14399,0.0028675,0.0000083,0.0000029
14400,0.0028668,0.0000083,0.0000029
14401,0.0028662,0.0000083,0.0000029
14402,0.0028656,0.0000083,0.0000029
14403,0.0028650,0.0000083,0.0000029
14404,0.0028644,0.0000083,0.0000029
14405,0.0028637,0.0000083,0.0000029
14406,0.0028631,0.0000083,0.0000029
14407,0.0028625,0.0000083,0.0000029
14408,0.0028619,0.0000083,0.0000029
14409,0.0028612,0.0000083,0.0000029
14410,0.0028606,0.0000083,0.0000029
14411,0.0028600,0.0000083,0.0000029
14412,0.0028594,0.0000083,0.0000029
14413,0.0028588,0.0000083,0.0000029
14414,0.0028581,0.0000083,0.0000029
14415,0.0028575,0.0000083,0.0000029
14416,0.0028569,0.0000083,0.0000029
14417,0.0028563,0.0000083,0.0000029
14418,0.0028557,0.0000083,0.0000029
14419,0.0028550,0.0000083,0.0000029
14420,0.0028544,0.0000083,0.0000029
14421,0.0028538,0.0000083,0.0000029
14422,0.0028532,0.0000083,0.0000029
14423,0.0028526,0.0000083,0.0000029
14424,0.0028519,0.0000083,0.0000029
14425,0.0028513,0.0000083,0.0000029
14426,0.0028507,0.0000083,0.0000029
14427,0.0028501,0.0000083,0.0000029
14428,0.0028495,0.0000083,0.0000029
14429,0.0028489,0.0000083,0.0000029
14430,0.0028482,0.0000083,0.0000029
14431,0.0028476,0.0000083,0.0000029
14432,0.0028470,0.0000083,0.0000028
14433,0.0028464,0.0000083,0.0000028
14434,0.0028458,0.0000083,0.0000028
14435,0.0028452,0.0000083,0.0000028
14436,0.0028445,0.0000083,0.0000028
14437,0.0028439,0.0000083,0.0000028
14438,0.0028433,0.0000083,0.0000028
14439,0.0028427,0.0000083,0.0000028
14440,0.0028421,0.0000083,0.0000028
14441,0.0028415,0.0000083,0.0000028
14442,0.0028408,0.0000083,0.0000028
14443,0.0028402,0.0000083,0.0000028
14444,0.0028396,0.0000083,0.0000028
14445,0.0028390,0.0000083,0.0000028
14446,0.0028384,0.0000083,0.0000028
14447,0.0028378,0.0000083,0.0000028
14448,0.0028371,0.0000082,0.0000028
14449,0.0028365,0.0000082,0.0000028
14450,0.0028359,0.0000082,0.0000028
14451,0.0028353,0.0000082,0.0000028
14452,0.0028347,0.0000082,0.0000028
14453,0.0028341,0.0000082,0.0000028
14454,0.0028335,0.0000082,0.0000028
14455,0.0028328,0.0000082,0.0000028
14456,0.0028322,0.0000082,0.0000028
14457,0.0028316,0.0000082,0.0000028
14458,0.0028310,0.0000082,0.0000028
14459,0.0028304,0.0000082,0.0000028
14460,0.0028298,0.0000082,0.0000028
14461,0.0028292,0.0000082,0.0000028
14462,0.0028285,0.0000082,0.0000028
14463,0.0028279,0.0000082,0.0000028
14464,0.0028273,0.0000082,0.0000028
14465,0.0028267,0.0000082,0.0000028
14466,0.0028261,0.0000082,0.0000028
14467,0.0028255,0.0000082,0.0000028
14468,0.0028249,0.0000082,0.0000028
14469,0.0028243,0.0000082,0.0000028
14470,0.0028236,0.0000082,0.0000028
14471,0.0028230,0.0000082,0.0000028
14472,0.0028224,0.0000082,0.0000028
14473,0.0028218,0.0000082,0.0000028
14474,0.0028212,0.0000082,0.0000028
14475,0.0028206,0.0000082,0.0000028
14476,0.0028200,0.0000082,0.0000028
14477,0.0028194,0.0000082,0.0000028
14478,0.0028188,0.0000082,0.0000028
14479,0.0028182,0.0000082,0.0000028
14480,0.0028175,0.0000082,0.0000028
14481,0.0028169,0.0000082,0.0000028
14482,0.0028163,0.0000082,0.0000028
14483,0.0028157,0.0000082,0.0000028
14484,0.0028151,0.0000082,0.0000028
14485,0.0028145,0.0000082,0.0000028
14486,0.0028139,0.0000082,0.0000028
14487,0.0028133,0.0000082,0.0000028
14488,0.0028127,0.0000082,0.0000028
14489,0.0028121,0.0000082,0.0000028
14490,0.0028114,0.0000082,0.0000028
14491,0.0028108,0.0000082,0.0000028
14492,0.0028102,0.0000082,0.0000028
14493,0.0028096,0.0000082,0.0000028
14494,0.0028090,0.0000082,0.0000028
14495,0.0028084,0.0000082,0.0000028
14496,0.0028078,0.0000082,0.0000028
14497,0.0028072,0.0000081,0.0000028
14498,0.0028066,0.0000081,0.0000028
14499,0.0028060,0.0000081,0.0000028
14500,0.0028054,0.0000081,0.0000028
14501,0.0028048,0.0000081,0.0000028
14502,0.0028042,0.0000081,0.0000028
14503,0.0028035,0.0000081,0.0000028
14504,0.0028029,0.0000081,0.0000028
14505,0.0028023,0.0000081,0.0000028
14506,0.0028017,0.0000081,0.0000028
14507,0.0028011,0.0000081,0.0000028
14508,0.0028005,0.0000081,0.0000028
14509,0.0027999,0.0000081,0.0000028
14510,0.0027993,0.0000081,0.0000028
14511,0.0027987,0.0000081,0.0000028
14512,0.0027981,0.0000081,0.0000028
14513,0.0027975,0.0000081,0.0000028
14514,0.0027969,0.0000081,0.0000028
14515,0.0027963,0.0000081,0.0000028
14516,0.0027957,0.0000081,0.0000028
14517,0.0027951,0.0000081,0.0000028
14518,0.0027945,0.0000081,0.0000028
14519,0.0027939,0.0000081,0.0000028
14520,0.0027933,0.0000081,0.0000028
14521,0.0027927,0.0000081,0.0000028
14522,0.0027921,0.0000081,0.0000028
14523,0.0027914,0.0000081,0.0000028
14524,0.0027908,0.0000081,0.0000028
14525,0.0027902,0.0000081,0.0000028
14526,0.0027896,0.0000081,0.0000028
14527,0.0027890,0.0000081,0.0000028
14528,0.0027884,0.0000081,0.0000028
14529,0.0027878,0.0000081,0.0000028
14530,0.0027872,0.0000081,0.0000028
14531,0.0027866,0.0000081,0.0000028
14532,0.0027860,0.0000081,0.0000028
14533,0.0027854,0.0000081,0.0000028
14534,0.0027848,0.0000081,0.0000028
14535,0.0027842,0.0000081,0.0000028
14536,0.0027836,0.0000081,0.0000028
14537,0.0027830,0.0000081,0.0000028
14538,0.0027824,0.0000081,0.0000028
14539,0.0027818,0.0000081,0.0000028
14540,0.0027812,0.0000081,0.0000028
14541,0.0027806,0.0000081,0.0000028
14542,0.0027800,0.0000081,0.0000028
14543,0.0027794,0.0000081,0.0000028
14544,0.0027788,0.0000081,0.0000028
14545,0.0027782,0.0000081,0.0000028
14546,0.0027776,0.0000081,0.0000028
14547,0.0027770,0.0000080,0.0000028
14548,0.0027764,0.0000080,0.0000028
14549,0.0027758,0.0000080,0.0000028
14550,0.0027752,0.0000080,0.0000028
14551,0.0027746,0.0000080,0.0000028
14552,0.0027740,0.0000080,0.0000028
14553,0.0027734,0.0000080,0.0000028
14554,0.0027728,0.0000080,0.0000028
14555,0.0027722,0.0000080,0.0000028
14556,0.0027716,0.0000080,0.0000028
14557,0.0027710,0.0000080,0.0000028
14558,0.0027704,0.0000080,0.0000028
14559,0.0027698,0.0000080,0.0000028
14560,0.0027692,0.0000080,0.0000028
14561,0.0027686,0.0000080,0.0000028
14562,0.0027680,0.0000080,0.0000028
14563,0.0027674,0.0000080,0.0000028
14564,0.0027668,0.0000080,0.0000028
14565,0.0027662,0.0000080,0.0000028
14566,0.0027656,0.0000080,0.0000028
14567,0.0027650,0.0000080,0.0000028
14568,0.0027644,0.0000080,0.0000028
14569,0.0027638,0.0000080,0.0000027
14570,0.0027632,0.0000080,0.0000027
14571,0.0027626,0.0000080,0.0000027
14572,0.0027621,0.0000080,0.0000027
14573,0.0027615,0.0000080,0.0000027
14574,0.0027609,0.0000080,0.0000027
14575,0.0027603,0.0000080,0.0000027
14576,0.0027597,0.0000080,0.0000027
14577,0.0027591,0.0000080,0.0000027
14578,0.0027585,0.0000080,0.0000027
14579,0.0027579,0.0000080,0.0000027
14580,0.0027573,0.0000080,0.0000027
14581,0.0027567,0.0000080,0.0000027
14582,0.0027561,0.0000080,0.0000027
14583,0.0027555,0.0000080,0.0000027
14584,0.0027549,0.0000080,0.0000027
14585,0.0027543,0.0000080,0.0000027
14586,0.0027537,0.0000080,0.0000027
14587,0.0027531,0.0000080,0.0000027
14588,0.0027525,0.0000080,0.0000027
14589,0.0027519,0.0000080,0.0000027
14590,0.0027513,0.0000080,0.0000027
14591,0.0027508,0.0000080,0.0000027
14592,0.0027502,0.0000080,0.0000027
14593,0.0027496,0.0000080,0.0000027
14594,0.0027490,0.0000080,0.0000027
14595,0.0027484,0.0000080,0.0000027
14596,0.0027478,0.0000080,0.0000027
14597,0.0027472,0.0000080,0.0000027
14598,0.0027466,0.0000079,0.0000027
14599,0.0027460,0.0000079,0.0000027
14600,0.0027454,0.0000079,0.0000027
14601,0.0027448,0.0000079,0.0000027
14602,0.0027442,0.0000079,0.0000027
14603,0.0027436,0.0000079,0.0000027
14604,0.0027431,0.0000079,0.0000027
14605,0.0027425,0.0000079,0.0000027
14606,0.0027419,0.0000079,0.0000027
14607,0.0027413,0.0000079,0.0000027
14608,0.0027407,0.0000079,0.0000027
14609,0.0027401,0.0000079,0.0000027
14610,0.0027395,0.0000079,0.0000027
14611,0.0027389,0.0000079,0.0000027
14612,0.0027383,0.0000079,0.0000027
14613,0.0027377,0.0000079,0.0000027
14614,0.0027371,0.0000079,0.0000027
14615,0.0027366,0.0000079,0.0000027
14616,0.0027360,0.0000079,0.0000027
14617,0.0027354,0.0000079,0.0000027
14618,0.0027348,0.0000079,0.0000027
14619,0.0027342,0.0000079,0.0000027
14620,0.0027336,0.0000079,0.0000027
14621,0.0027330,0.0000079,0.0000027
14622,0.0027324,0.0000079,0.0000027
14623,0.0027318,0.0000079,0.0000027
14624,0.0027313,0.0000079,0.0000027
14625,0.0027307,0.0000079,0.0000027
14626,0.0027301,0.0000079,0.0000027
14627,0.0027295,0.0000079,0.0000027
14628,0.0027289,0.0000079,0.0000027
14629,0.0027283,0.0000079,0.0000027
14630,0.0027277,0.0000079,0.0000027
14631,0.0027271,0.0000079,0.0000027
14632,0.0027265,0.0000079,0.0000027
14633,0.0027260,0.0000079,0.0000027
14634,0.0027254,0.0000079,0.0000027
14635,0.0027248,0.0000079,0.0000027
14636,0.0027242,0.0000079,0.0000027
14637,0.0027236,0.0000079,0.0000027
14638,0.0027230,0.0000079,0.0000027
14639,0.0027224,0.0000079,0.0000027
14640,0.0027219,0.0000079,0.0000027
14641,0.0027213,0.0000079,0.0000027
14642,0.0027207,0.0000079,0.0000027
14643,0.0027201,0.0000079,0.0000027
14644,0.0027195,0.0000079,0.0000027
14645,0.0027189,0.0000079,0.0000027
14646,0.0027183,0.0000079,0.0000027
14647,0.0027178,0.0000079,0.0000027
14648,0.0027172,0.0000079,0.0000027
14649,0.0027166,0.0000078,0.0000027
14650,0.0027160,0.0000078,0.0000027
14651,0.0027154,0.0000078,0.0000027
14652,0.0027148,0.0000078,0.0000027
14653,0.0027142,0.0000078,0.0000027
14654,0.0027137,0.0000078,0.0000027
14655,0.0027131,0.0000078,0.0000027
14656,0.0027125,0.0000078,0.0000027
14657,0.0027119,0.0000078,0.0000027
14658,0.0027113,0.0000078,0.0000027
14659,0.0027107,0.0000078,0.0000027
14660,0.0027102,0.0000078,0.0000027
14661,0.0027096,0.0000078,0.0000027
14662,0.0027090,0.0000078,0.0000027
14663,0.0027084,0.0000078,0.0000027
14664,0.0027078,0.0000078,0.0000027
14665,0.0027072,0.0000078,0.0000027
14666,0.0027067,0.0000078,0.0000027
14667,0.0027061,0.0000078,0.0000027
14668,0.0027055,0.0000078,0.0000027
14669,0.0027049,0.0000078,0.0000027
14670,0.0027043,0.0000078,0.0000027
14671,0.0027038,0.0000078,0.0000027
14672,0.0027032,0.0000078,0.0000027
14673,0.0027026,0.0000078,0.0000027
14674,0.0027020,0.0000078,0.0000027
14675,0.0027014,0.0000078,0.0000027
14676,0.0027008,0.0000078,0.0000027
14677,0.0027003,0.0000078,0.0000027
14678,0.0026997,0.0000078,0.0000027
14679,0.0026991,0.0000078,0.0000027
14680,0.0026985,0.0000078,0.0000027
14681,0.0026979,0.0000078,0.0000027
14682,0.0026974,0.0000078,0.0000027
14683,0.0026968,0.0000078,0.0000027
14684,0.0026962,0.0000078,0.0000027
14685,0.0026956,0.0000078,0.0000027
14686,0.0026950,0.0000078,0.0000027
14687,0.0026945,0.0000078,0.0000027
14688,0.0026939,0.0000078,0.0000027
14689,0.0026933,0.0000078,0.0000027
14690,0.0026927,0.0000078,0.0000027
14691,0.0026921,0.0000078,0.0000027
14692,0.0026916,0.0000078,0.0000027
14693,0.0026910,0.0000078,0.0000027
14694,0.0026904,0.0000078,0.0000027
14695,0.0026898,0.0000078,0.0000027
14696,0.0026893,0.0000078,0.0000027
14697,0.0026887,0.0000078,0.0000027
14698,0.0026881,0.0000078,0.0000027
14699,0.0026875,0.0000078,0.0000027
14700,0.0026869,0.0000078,0.0000027
14701,0.0026864,0.0000077,0.0000027
14702,0.0026858,0.0000077,0.0000027
14703,0.0026852,0.0000077,0.0000027
14704,0.0026846,0.0000077,0.0000027
14705,0.0026841,0.0000077,0.0000027
14706,0.0026835,0.0000077,0.0000027
14707,0.0026829,0.0000077,0.0000027
14708,0.0026823,0.0000077,0.0000027
14709,0.0026818,0.0000077,0.0000027
14710,0.0026812,0.0000077,0.0000027
14711,0.0026806,0.0000077,0.0000027
14712,0.0026800,0.0000077,0.0000026
14713,0.0026794,0.0000077,0.0000026
14714,0.0026789,0.0000077,0.0000026
14715,0.0026783,0.0000077,0.0000026
14716,0.0026777,0.0000077,0.0000026
14717,0.0026771,0.0000077,0.0000026
14718,0.0026766,0.0000077,0.0000026
14719,0.0026760,0.0000077,0.0000026
14720,0.0026754,0.0000077,0.0000026
14721,0.0026748,0.0000077,0.0000026
14722,0.0026743,0.0000077,0.0000026
14723,0.0026737,0.0000077,0.0000026
14724,0.0026731,0.0000077,0.0000026
14725,0.0026725,0.0000077,0.0000026
14726,0.0026720,0.0000077,0.0000026
14727,0.0026714,0.0000077,0.0000026
14728,0.0026708,0.0000077,0.0000026
14729,0.0026703,0.0000077,0.0000026
14730,0.0026697,0.0000077,0.0000026
14731,0.0026691,0.0000077,0.0000026
14732,0.0026685,0.0000077,0.0000026
14733,0.0026680,0.0000077,0.0000026
14734,0.0026674,0.0000077,0.0000026
14735,0.0026668,0.0000077,0.0000026
14736,0.0026662,0.0000077,0.0000026
14737,0.0026657,0.0000077,0.0000026
14738,0.0026651,0.0000077,0.0000026
14739,0.0026645,0.0000077,0.0000026
14740,0.0026640,0.0000077,0.0000026
14741,0.0026634,0.0000077,0.0000026
14742,0.0026628,0.0000077,0.0000026
14743,0.0026622,0.0000077,0.0000026
14744,0.0026617,0.0000077,0.0000026
14745,0.0026611,0.0000077,0.0000026
14746,0.0026605,0.0000077,0.0000026
14747,0.0026600,0.0000077,0.0000026
14748,0.0026594,0.0000077,0.0000026
14749,0.0026588,0.0000077,0.0000026
14750,0.0026582,0.0000077,0.0000026
14751,0.0026577,0.0000077,0.0000026
14752,0.0026571,0.0000077,0.0000026
14753,0.0026565,0.0000077,0.0000026
14754,0.0026560,0.0000076,0.0000026
14755,0.0026554,0.0000076,0.0000026
14756,0.0026548,0.0000076,0.0000026
14757,0.0026543,0.0000076,0.0000026
14758,0.0026537,0.0000076,0.0000026
14759,0.0026531,0.0000076,0.0000026
14760,0.0026525,0.0000076,0.0000026
14761,0.0026520,0.0000076,0.0000026
14762,0.0026514,0.0000076,0.0000026
14763,0.0026508,0.0000076,0.0000026
14764,0.0026503,0.0000076,0.0000026
14765,0.0026497,0.0000076,0.0000026
14766,0.0026491,0.0000076,0.0000026
14767,0.0026486,0.0000076,0.0000026
14768,0.0026480,0.0000076,0.0000026
14769,0.0026474,0.0000076,0.0000026
14770,0.0026469,0.0000076,0.0000026
14771,0.0026463,0.0000076,0.0000026
14772,0.0026457,0.0000076,0.0000026
14773,0.0026452,0.0000076,0.0000026
14774,0.0026446,0.0000076,0.0000026
14775,0.0026440,0.0000076,0.0000026
14776,0.0026435,0.0000076,0.0000026
14777,0.0026429,0.0000076,0.0000026
14778,0.0026423,0.0000076,0.0000026
14779,0.0026418,0.0000076,0.0000026
14780,0.0026412,0.0000076,0.0000026
14781,0.0026406,0.0000076,0.0000026
14782,0.0026401,0.0000076,0.0000026
14783,0.0026395,0.0000076,0.0000026
14784,0.0026389,0.0000076,0.0000026
14785,0.0026384,0.0000076,0.0000026
14786,0.0026378,0.0000076,0.0000026
14787,0.0026372,0.0000076,0.0000026
14788,0.0026367,0.0000076,0.0000026
14789,0.0026361,0.0000076,0.0000026
14790,0.0026355,0.0000076,0.0000026
14791,0.0026350,0.0000076,0.0000026
14792,0.0026344,0.0000076,0.0000026
14793,0.0026338,0.0000076,0.0000026
14794,0.0026333,0.0000076,0.0000026
14795,0.0026327,0.0000076,0.0000026
14796,0.0026322,0.0000076,0.0000026
14797,0.0026316,0.0000076,0.0000026
14798,0.0026310,0.0000076,0.0000026
14799,0.0026305,0.0000076,0.0000026
14800,0.0026299,0.0000076,0.0000026
14801,0.0026293,0.0000076,0.0000026
14802,0.0026288,0.0000076,0.0000026
14803,0.0026282,0.0000076,0.0000026
14804,0.0026277,0.0000076,0.0000026
14805,0.0026271,0.0000076,0.0000026
14806,0.0026265,0.0000076,0.0000026
14807,0.0026260,0.0000076,0.0000026
14808,0.0026254,0.0000075,0.0000026
14809,0.0026248,0.0000075,0.0000026
14810,0.0026243,0.0000075,0.0000026
14811,0.0026237,0.0000075,0.0000026
14812,0.0026232,0.0000075,0.0000026
14813,0.0026226,0.0000075,0.0000026
14814,0.0026220,0.0000075,0.0000026
14815,0.0026215,0.0000075,0.0000026
14816,0.0026209,0.0000075,0.0000026
14817,0.0026203,0.0000075,0.0000026
14818,0.0026198,0.0000075,0.0000026
14819,0.0026192,0.0000075,0.0000026
14820,0.0026187,0.0000075,0.0000026
14821,0.0026181,0.0000075,0.0000026
14822,0.0026175,0.0000075,0.0000026
14823,0.0026170,0.0000075,0.0000026
14824,0.0026164,0.0000075,0.0000026
14825,0.0026159,0.0000075,0.0000026
14826,0.0026153,0.0000075,0.0000026
14827,0.0026147,0.0000075,0.0000026
14828,0.0026142,0.0000075,0.0000026
14829,0.0026136,0.0000075,0.0000026
14830,0.0026131,0.0000075,0.0000026
14831,0.0026125,0.0000075,0.0000026
14832,0.0026119,0.0000075,0.0000026
14833,0.0026114,0.0000075,0.0000026
14834,0.0026108,0.0000075,0.0000026
14835,0.0026103,0.0000075,0.0000026
14836,0.0026097,0.0000075,0.0000026
14837,0.0026092,0.0000075,0.0000026
14838,0.0026086,0.0000075,0.0000026
14839,0.0026080,0.0000075,0.0000026
14840,0.0026075,0.0000075,0.0000026
14841,0.0026069,0.0000075,0.0000026
14842,0.0026064,0.0000075,0.0000026
14843,0.0026058,0.0000075,0.0000026
14844,0.0026053,0.0000075,0.0000026
14845,0.0026047,0.0000075,0.0000026
14846,0.0026041,0.0000075,0.0000026
14847,0.0026036,0.0000075,0.0000026
14848,0.0026030,0.0000075,0.0000026
14849,0.0026025,0.0000075,0.0000026
14850,0.0026019,0.0000075,0.0000026
14851,0.0026014,0.0000075,0.0000026
14852,0.0026008,0.0000075,0.0000026
14853,0.0026002,0.0000075,0.0000026
14854,0.0025997,0.0000075,0.0000026
14855,0.0025991,0.0000075,0.0000026
14856,0.0025986,0.0000075,0.0000026
14857,0.0025980,0.0000075,0.0000026
14858,0.0025975,0.0000075,0.0000026
14859,0.0025969,0.0000075,0.0000026
14860,0.0025964,0.0000075,0.0000026
14861,0.0025958,0.0000075,0.0000025
14862,0.0025952,0.0000074,0.0000025
14863,0.0025947,0.0000074,0.0000025
14864,0.0025941,0.0000074,0.0000025
14865,0.0025936,0.0000074,0.0000025
14866,0.0025930,0.0000074,0.0000025
14867,0.0025925,0.0000074,0.0000025
14868,0.0025919,0.0000074,0.0000025
14869,0.0025914,0.0000074,0.0000025
14870,0.0025908,0.0000074,0.0000025
14871,0.0025903,0.0000074,0.0000025
14872,0.0025897,0.0000074,0.0000025
14873,0.0025891,0.0000074,0.0000025
14874,0.0025886,0.0000074,0.0000025
14875,0.0025880,0.0000074,0.0000025
14876,0.0025875,0.0000074,0.0000025
14877,0.0025869,0.0000074,0.0000025
14878,0.0025864,0.0000074,0.0000025
14879,0.0025858,0.0000074,0.0000025
14880,0.0025853,0.0000074,0.0000025
14881,0.0025847,0.0000074,0.0000025
14882,0.0025842,0.0000074,0.0000025
14883,0.0025836,0.0000074,0.0000025
14884,0.0025831,0.0000074,0.0000025
14885,0.0025825,0.0000074,0.0000025
14886,0.0025820,0.0000074,0.0000025
14887,0.0025814,0.0000074,0.0000025
14888,0.0025809,0.0000074,0.0000025
14889,0.0025803,0.0000074,0.0000025
14890,0.0025798,0.0000074,0.0000025
14891,0.0025792,0.0000074,0.0000025
14892,0.0025787,0.0000074,0.0000025
14893,0.0025781,0.0000074,0.0000025
14894,0.0025776,0.0000074,0.0000025
14895,0.0025770,0.0000074,0.0000025
14896,0.0025765,0.0000074,0.0000025
14897,0.0025759,0.0000074,0.0000025
14898,0.0025754,0.0000074,0.0000025
14899,0.0025748,0.0000074,0.0000025
14900,0.0025743,0.0000074,0.0000025
14901,0.0025737,0.0000074,0.0000025
14902,0.0025732,0.0000074,0.0000025
14903,0.0025726,0.0000074,0.0000025
14904,0.0025721,0.0000074,0.0000025
14905,0.0025715,0.0000074,0.0000025
14906,0.0025710,0.0000074,0.0000025
14907,0.0025704,0.0000074,0.0000025
14908,0.0025699,0.0000074,0.0000025
14909,0.0025693,0.0000074,0.0000025
14910,0.0025688,0.0000074,0.0000025
14911,0.0025682,0.0000074,0.0000025
14912,0.0025677,0.0000074,0.0000025
14913,0.0025671,0.0000074,0.0000025
14914,0.0025666,0.0000074,0.0000025
14915,0.0025660,0.0000074,0.0000025
14916,0.0025655,0.0000074,0.0000025
14917,0.0025649,0.0000073,0.0000025
14918,0.0025644,0.0000073,0.0000025
14919,0.0025638,0.0000073,0.0000025
14920,0.0025633,0.0000073,0.0000025
14921,0.0025627,0.0000073,0.0000025
14922,0.0025622,0.0000073,0.0000025
14923,0.0025617,0.0000073,0.0000025
14924,0.0025611,0.0000073,0.0000025
14925,0.0025606,0.0000073,0.0000025
14926,0.0025600,0.0000073,0.0000025
14927,0.0025595,0.0000073,0.0000025
14928,0.0025589,0.0000073,0.0000025
14929,0.0025584,0.0000073,0.0000025
14930,0.0025578,0.0000073,0.0000025
14931,0.0025573,0.0000073,0.0000025
14932,0.0025567,0.0000073,0.0000025
14933,0.0025562,0.0000073,0.0000025
14934,0.0025557,0.0000073,0.0000025
14935,0.0025551,0.0000073,0.0000025
14936,0.0025546,0.0000073,0.0000025
14937,0.0025540,0.0000073,0.0000025
14938,0.0025535,0.0000073,0.0000025
14939,0.0025529,0.0000073,0.0000025
14940,0.0025524,0.0000073,0.0000025
14941,0.0025518,0.0000073,0.0000025
14942,0.0025513,0.0000073,0.0000025
14943,0.0025508,0.0000073,0.0000025
14944,0.0025502,0.0000073,0.0000025
14945,0.0025497,0.0000073,0.0000025
14946,0.0025491,0.0000073,0.0000025
14947,0.0025486,0.0000073,0.0000025
14948,0.0025480,0.0000073,0.0000025
14949,0.0025475,0.0000073,0.0000025
14950,0.0025469,0.0000073,0.0000025
14951,0.0025464,0.0000073,0.0000025
14952,0.0025459,0.0000073,0.0000025
14953,0.0025453,0.0000073,0.0000025
14954,0.0025448,0.0000073,0.0000025
14955,0.0025442,0.0000073,0.0000025
14956,0.0025437,0.0000073,0.0000025
14957,0.0025432,0.0000073,0.0000025
14958,0.0025426,0.0000073,0.0000025
14959,0.0025421,0.0000073,0.0000025
14960,0.0025415,0.0000073,0.0000025
14961,0.0025410,0.0000073,0.0000025
14962,0.0025404,0.0000073,0.0000025
14963,0.0025399,0.0000073,0.0000025
14964,0.0025394,0.0000073,0.0000025
14965,0.0025388,0.0000073,0.0000025
14966,0.0025383,0.0000073,0.0000025
14967,0.0025377,0.0000073,0.0000025
14968,0.0025372,0.0000073,0.0000025
14969,0.0025367,0.0000073,0.0000025
14970,0.0025361,0.0000073,0.0000025
14971,0.0025356,0.0000073,0.0000025
14972,0.0025350,0.0000073,0.0000025
14973,0.0025345,0.0000072,0.0000025
14974,0.0025340,0.0000072,0.0000025
14975,0.0025334,0.0000072,0.0000025
14976,0.0025329,0.0000072,0.0000025
14977,0.0025323,0.0000072,0.0000025
14978,0.0025318,0.0000072,0.0000025
14979,0.0025313,0.0000072,0.0000025
14980,0.0025307,0.0000072,0.0000025
14981,0.0025302,0.0000072,0.0000025
14982,0.0025296,0.0000072,0.0000025
14983,0.0025291,0.0000072,0.0000025
14984,0.0025286,0.0000072,0.0000025
14985,0.0025280,0.0000072,0.0000025
14986,0.0025275,0.0000072,0.0000025
14987,0.0025270,0.0000072,0.0000025
14988,0.0025264,0.0000072,0.0000025
14989,0.0025259,0.0000072,0.0000025
14990,0.0025253,0.0000072,0.0000025
14991,0.0025248,0.0000072,0.0000025
14992,0.0025243,0.0000072,0.0000025
14993,0.0025237,0.0000072,0.0000025
14994,0.0025232,0.0000072,0.0000025
14995,0.0025227,0.0000072,0.0000025
14996,0.0025221,0.0000072,0.0000025
14997,0.0025216,0.0000072,0.0000025
14998,0.0025210,0.0000072,0.0000025
14999,0.0025205,0.0000072,0.0000025
15000,0.0025200,0.0000072,0.0000025
15001,0.0025194,0.0000072,0.0000025
15002,0.0025189,0.0000072,0.0000025
15003,0.0025184,0.0000072,0.0000025
15004,0.0025178,0.0000072,0.0000025
15005,0.0025173,0.0000072,0.0000025
15006,0.0025168,0.0000072,0.0000025
15007,0.0025162,0.0000072,0.0000025
15008,0.0025157,0.0000072,0.0000025
15009,0.0025152,0.0000072,0.0000025
15010,0.0025146,0.0000072,0.0000025
15011,0.0025141,0.0000072,0.0000025
15012,0.0025135,0.0000072,0.0000025
15013,0.0025130,0.0000072,0.0000025
15014,0.0025125,0.0000072,0.0000025
15015,0.0025119,0.0000072,0.0000025
15016,0.0025114,0.0000072,0.0000025
15017,0.0025109,0.0000072,0.0000024
15018,0.0025103,0.0000072,0.0000024
15019,0.0025098,0.0000072,0.0000024
15020,0.0025093,0.0000072,0.0000024
15021,0.0025087,0.0000072,0.0000024
15022,0.0025082,0.0000072,0.0000024
15023,0.0025077,0.0000072,0.0000024
15024,0.0025071,0.0000072,0.0000024
15025,0.0025066,0.0000072,0.0000024
15026,0.0025061,0.0000072,0.0000024
15027,0.0025055,0.0000072,0.0000024
15028,0.0025050,0.0000072,0.0000024
15029,0.0025045,0.0000072,0.0000024
15030,0.0025039,0.0000071,0.0000024
15031,0.0025034,0.0000071,0.0000024
15032,0.0025029,0.0000071,0.0000024
15033,0.0025023,0.0000071,0.0000024
15034,0.0025018,0.0000071,0.0000024
15035,0.0025013,0.0000071,0.0000024
15036,0.0025008,0.0000071,0.0000024
15037,0.0025002,0.0000071,0.0000024
15038,0.0024997,0.0000071,0.0000024
15039,0.0024992,0.0000071,0.0000024
15040,0.0024986,0.0000071,0.0000024
15041,0.0024981,0.0000071,0.0000024
15042,0.0024976,0.0000071,0.0000024
15043,0.0024970,0.0000071,0.0000024
15044,0.0024965,0.0000071,0.0000024
15045,0.0024960,0.0000071,0.0000024
15046,0.0024954,0.0000071,0.0000024
15047,0.0024949,0.0000071,0.0000024
15048,0.0024944,0.0000071,0.0000024
15049,0.0024939,0.0000071,0.0000024
15050,0.0024933,0.0000071,0.0000024
15051,0.0024928,0.0000071,0.0000024
15052,0.0024923,0.0000071,0.0000024
15053,0.0024917,0.0000071,0.0000024
15054,0.0024912,0.0000071,0.0000024
15055,0.0024907,0.0000071,0.0000024
15056,0.0024902,0.0000071,0.0000024
15057,0.0024896,0.0000071,0.0000024
15058,0.0024891,0.0000071,0.0000024
15059,0.0024886,0.0000071,0.0000024
15060,0.0024880,0.0000071,0.0000024
15061,0.0024875,0.0000071,0.0000024
15062,0.0024870,0.0000071,0.0000024
15063,0.0024865,0.0000071,0.0000024
15064,0.0024859,0.0000071,0.0000024
15065,0.0024854,0.0000071,0.0000024
15066,0.0024849,0.0000071,0.0000024
15067,0.0024843,0.0000071,0.0000024
15068,0.0024838,0.0000071,0.0000024
15069,0.0024833,0.0000071,0.0000024
15070,0.0024828,0.0000071,0.0000024
15071,0.0024822,0.0000071,0.0000024
15072,0.0024817,0.0000071,0.0000024
15073,0.0024812,0.0000071,0.0000024
15074,0.0024807,0.0000071,0.0000024
15075,0.0024801,0.0000071,0.0000024
15076,0.0024796,0.0000071,0.0000024
15077,0.0024791,0.0000071,0.0000024
15078,0.0024785,0.0000071,0.0000024
15079,0.0024780,0.0000071,0.0000024
15080,0.0024775,0.0000071,0.0000024
15081,0.0024770,0.0000071,0.0000024
15082,0.0024764,0.0000071,0.0000024
15083,0.0024759,0.0000071,0.0000024
15084,0.0024754,0.0000071,0.0000024
15085,0.0024749,0.0000071,0.0000024
15086,0.0024743,0.0000071,0.0000024
15087,0.0024738,0.0000071,0.0000024
15088,0.0024733,0.0000070,0.0000024
15089,0.0024728,0.0000070,0.0000024
15090,0.0024722,0.0000070,0.0000024
15091,0.0024717,0.0000070,0.0000024
15092,0.0024712,0.0000070,0.0000024
15093,0.0024707,0.0000070,0.0000024
15094,0.0024701,0.0000070,0.0000024
15095,0.0024696,0.0000070,0.0000024
15096,0.0024691,0.0000070,0.0000024
15097,0.0024686,0.0000070,0.0000024
15098,0.0024681,0.0000070,0.0000024
15099,0.0024675,0.0000070,0.0000024
15100,0.0024670,0.0000070,0.0000024
15101,0.0024665,0.0000070,0.0000024
15102,0.0024660,0.0000070,0.0000024
15103,0.0024654,0.0000070,0.0000024
15104,0.0024649,0.0000070,0.0000024
15105,0.0024644,0.0000070,0.0000024
15106,0.0024639,0.0000070,0.0000024
15107,0.0024633,0.0000070,0.0000024
15108,0.0024628,0.0000070,0.0000024
15109,0.0024623,0.0000070,0.0000024
15110,0.0024618,0.0000070,0.0000024
15111,0.0024613,0.0000070,0.0000024
15112,0.0024607,0.0000070,0.0000024
15113,0.0024602,0.0000070,0.0000024
15114,0.0024597,0.0000070,0.0000024
15115,0.0024592,0.0000070,0.0000024
15116,0.0024586,0.0000070,0.0000024
15117,0.0024581,0.0000070,0.0000024
15118,0.0024576,0.0000070,0.0000024
15119,0.0024571,0.0000070,0.0000024
15120,0.0024566,0.0000070,0.0000024
15121,0.0024560,0.0000070,0.0000024
15122,0.0024555,0.0000070,0.0000024
15123,0.0024550,0.0000070,0.0000024
15124,0.0024545,0.0000070,0.0000024
15125,0.0024540,0.0000070,0.0000024
15126,0.0024534,0.0000070,0.0000024
15127,0.0024529,0.0000070,0.0000024
15128,0.0024524,0.0000070,0.0000024
15129,0.0024519,0.0000070,0.0000024
15130,0.0024514,0.0000070,0.0000024
15131,0.0024508,0.0000070,0.0000024
15132,0.0024503,0.0000070,0.0000024
15133,0.0024498,0.0000070,0.0000024
15134,0.0024493,0.0000070,0.0000024
15135,0.0024488,0.0000070,0.0000024
15136,0.0024483,0.0000070,0.0000024
15137,0.0024477,0.0000070,0.0000024
15138,0.0024472,0.0000070,0.0000024
15139,0.0024467,0.0000070,0.0000024
15140,0.0024462,0.0000070,0.0000024
15141,0.0024457,0.0000070,0.0000024
15142,0.0024451,0.0000070,0.0000024
15143,0.0024446,0.0000070,0.0000024
15144,0.0024441,0.0000070,0.0000024
15145,0.0024436,0.0000070,0.0000024
15146,0.0024431,0.0000070,0.0000024
15147,0.0024426,0.0000069,0.0000024
15148,0.0024420,0.0000069,0.0000024
15149,0.0024415,0.0000069,0.0000024
15150,0.0024410,0.0000069,0.0000024
15151,0.0024405,0.0000069,0.0000024
15152,0.0024400,0.0000069,0.0000024
15153,0.0024395,0.0000069,0.0000024
15154,0.0024389,0.0000069,0.0000024
15155,0.0024384,0.0000069,0.0000024
15156,0.0024379,0.0000069,0.0000024
15157,0.0024374,0.0000069,0.0000024
15158,0.0024369,0.0000069,0.0000024
15159,0.0024364,0.0000069,0.0000024
15160,0.0024358,0.0000069,0.0000024
15161,0.0024353,0.0000069,0.0000024
15162,0.0024348,0.0000069,0.0000024
15163,0.0024343,0.0000069,0.0000024
15164,0.0024338,0.0000069,0.0000024
15165,0.0024333,0.0000069,0.0000024
15166,0.0024328,0.0000069,0.0000024
15167,0.0024322,0.0000069,0.0000024
15168,0.0024317,0.0000069,0.0000024
15169,0.0024312,0.0000069,0.0000024
15170,0.0024307,0.0000069,0.0000024
15171,0.0024302,0.0000069,0.0000024
15172,0.0024297,0.0000069,0.0000024
15173,0.0024292,0.0000069,0.0000024
15174,0.0024286,0.0000069,0.0000024
15175,0.0024281,0.0000069,0.0000024
15176,0.0024276,0.0000069,0.0000024
15177,0.0024271,0.0000069,0.0000024
15178,0.0024266,0.0000069,0.0000024
15179,0.0024261,0.0000069,0.0000024
15180,0.0024256,0.0000069,0.0000023
15181,0.0024250,0.0000069,0.0000023
15182,0.0024245,0.0000069,0.0000023
15183,0.0024240,0.0000069,0.0000023
15184,0.0024235,0.0000069,0.0000023
15185,0.0024230,0.0000069,0.0000023
15186,0.0024225,0.0000069,0.0000023
15187,0.0024220,0.0000069,0.0000023
15188,0.0024215,0.0000069,0.0000023
15189,0.0024209,0.0000069,0.0000023
15190,0.0024204,0.0000069,0.0000023
15191,0.0024199,0.0000069,0.0000023
15192,0.0024194,0.0000069,0.0000023
15193,0.0024189,0.0000069,0.0000023
15194,0.0024184,0.0000069,0.0000023
15195,0.0024179,0.0000069,0.0000023
15196,0.0024174,0.0000069,0.0000023
15197,0.0024169,0.0000069,0.0000023
15198,0.0024163,0.0000069,0.0000023
15199,0.0024158,0.0000069,0.0000023
15200,0.0024153,0.0000069,0.0000023
15201,0.0024148,0.0000069,0.0000023
15202,0.0024143,0.0000069,0.0000023
15203,0.0024138,0.0000069,0.0000023
15204,0.0024133,0.0000069,0.0000023
15205,0.0024128,0.0000069,0.0000023
15206,0.0024123,0.0000069,0.0000023
15207,0.0024117,0.0000068,0.0000023
15208,0.0024112,0.0000068,0.0000023
15209,0.0024107,0.0000068,0.0000023
15210,0.0024102,0.0000068,0.0000023
15211,0.0024097,0.0000068,0.0000023
15212,0.0024092,0.0000068,0.0000023
15213,0.0024087,0.0000068,0.0000023
15214,0.0024082,0.0000068,0.0000023
15215,0.0024077,0.0000068,0.0000023
15216,0.0024072,0.0000068,0.0000023
15217,0.0024067,0.0000068,0.0000023
15218,0.0024061,0.0000068,0.0000023
15219,0.0024056,0.0000068,0.0000023
15220,0.0024051,0.0000068,0.0000023
15221,0.0024046,0.0000068,0.0000023
15222,0.0024041,0.0000068,0.0000023
15223,0.0024036,0.0000068,0.0000023
15224,0.0024031,0.0000068,0.0000023
15225,0.0024026,0.0000068,0.0000023
15226,0.0024021,0.0000068,0.0000023
15227,0.0024016,0.0000068,0.0000023
15228,0.0024011,0.0000068,0.0000023
15229,0.0024006,0.0000068,0.0000023
15230,0.0024001,0.0000068,0.0000023
15231,0.0023996,0.0000068,0.0000023
15232,0.0023990,0.0000068,0.0000023
15233,0.0023985,0.0000068,0.0000023
15234,0.0023980,0.0000068,0.0000023
15235,0.0023975,0.0000068,0.0000023
15236,0.0023970,0.0000068,0.0000023
15237,0.0023965,0.0000068,0.0000023
15238,0.0023960,0.0000068,0.0000023
15239,0.0023955,0.0000068,0.0000023
15240,0.0023950,0.0000068,0.0000023
15241,0.0023945,0.0000068,0.0000023
15242,0.0023940,0.0000068,0.0000023
15243,0.0023935,0.0000068,0.0000023
15244,0.0023930,0.0000068,0.0000023
15245,0.0023925,0.0000068,0.0000023
15246,0.0023920,0.0000068,0.0000023
15247,0.0023915,0.0000068,0.0000023
15248,0.0023910,0.0000068,0.0000023
15249,0.0023905,0.0000068,0.0000023
15250,0.0023899,0.0000068,0.0000023
15251,0.0023894,0.0000068,0.0000023
15252,0.0023889,0.0000068,0.0000023
15253,0.0023884,0.0000068,0.0000023
15254,0.0023879,0.0000068,0.0000023
15255,0.0023874,0.0000068,0.0000023
15256,0.0023869,0.0000068,0.0000023
15257,0.0023864,0.0000068,0.0000023
15258,0.0023859,0.0000068,0.0000023
15259,0.0023854,0.0000068,0.0000023
15260,0.0023849,0.0000068,0.0000023
15261,0.0023844,0.0000068,0.0000023
15262,0.0023839,0.0000068,0.0000023
15263,0.0023834,0.0000068,0.0000023
15264,0.0023829,0.0000068,0.0000023
15265,0.0023824,0.0000068,0.0000023
15266,0.0023819,0.0000068,0.0000023
15267,0.0023814,0.0000067,0.0000023
15268,0.0023809,0.0000067,0.0000023
15269,0.0023804,0.0000067,0.0000023
15270,0.0023799,0.0000067,0.0000023
15271,0.0023794,0.0000067,0.0000023
15272,0.0023789,0.0000067,0.0000023
15273,0.0023784,0.0000067,0.0000023
15274,0.0023779,0.0000067,0.0000023
15275,0.0023774,0.0000067,0.0000023
15276,0.0023769,0.0000067,0.0000023
15277,0.0023764,0.0000067,0.0000023
15278,0.0023759,0.0000067,0.0000023
15279,0.0023754,0.0000067,0.0000023
15280,0.0023749,0.0000067,0.0000023
15281,0.0023744,0.0000067,0.0000023
15282,0.0023739,0.0000067,0.0000023
15283,0.0023734,0.0000067,0.0000023
15284,0.0023729,0.0000067,0.0000023
15285,0.0023724,0.0000067,0.0000023
15286,0.0023719,0.0000067,0.0000023
15287,0.0023714,0.0000067,0.0000023
15288,0.0023709,0.0000067,0.0000023
15289,0.0023704,0.0000067,0.0000023
15290,0.0023699,0.0000067,0.0000023
15291,0.0023694,0.0000067,0.0000023
15292,0.0023689,0.0000067,0.0000023
15293,0.0023684,0.0000067,0.0000023
15294,0.0023679,0.0000067,0.0000023
15295,0.0023674,0.0000067,0.0000023
15296,0.0023669,0.0000067,0.0000023
15297,0.0023664,0.0000067,0.0000023
15298,0.0023659,0.0000067,0.0000023
15299,0.0023654,0.0000067,0.0000023
15300,0.0023649,0.0000067,0.0000023
15301,0.0023644,0.0000067,0.0000023
15302,0.0023639,0.0000067,0.0000023
15303,0.0023634,0.0000067,0.0000023
15304,0.0023629,0.0000067,0.0000023
15305,0.0023624,0.0000067,0.0000023
15306,0.0023619,0.0000067,0.0000023
15307,0.0023614,0.0000067,0.0000023
15308,0.0023609,0.0000067,0.0000023
15309,0.0023604,0.0000067,0.0000023
15310,0.0023599,0.0000067,0.0000023
15311,0.0023594,0.0000067,0.0000023
15312,0.0023589,0.0000067,0.0000023
15313,0.0023584,0.0000067,0.0000023
15314,0.0023579,0.0000067,0.0000023
15315,0.0023574,0.0000067,0.0000023
15316,0.0023569,0.0000067,0.0000023
15317,0.0023564,0.0000067,0.0000023
15318,0.0023559,0.0000067,0.0000023
15319,0.0023554,0.0000067,0.0000023
15320,0.0023549,0.0000067,0.0000023
15321,0.0023544,0.0000067,0.0000023
15322,0.0023539,0.0000067,0.0000023
15323,0.0023535,0.0000067,0.0000023
15324,0.0023530,0.0000067,0.0000023
15325,0.0023525,0.0000067,0.0000023
15326,0.0023520,0.0000067,0.0000023
15327,0.0023515,0.0000067,0.0000023
15328,0.0023510,0.0000067,0.0000023
15329,0.0023505,0.0000066,0.0000023
15330,0.0023500,0.0000066,0.0000023
15331,0.0023495,0.0000066,0.0000023
15332,0.0023490,0.0000066,0.0000023
15333,0.0023485,0.0000066,0.0000023
15334,0.0023480,0.0000066,0.0000023
15335,0.0023475,0.0000066,0.0000023
15336,0.0023470,0.0000066,0.0000023
15337,0.0023465,0.0000066,0.0000023
15338,0.0023460,0.0000066,0.0000023
15339,0.0023455,0.0000066,0.0000023
15340,0.0023450,0.0000066,0.0000023
15341,0.0023446,0.0000066,0.0000023
15342,0.0023441,0.0000066,0.0000023
15343,0.0023436,0.0000066,0.0000023
15344,0.0023431,0.0000066,0.0000023
15345,0.0023426,0.0000066,0.0000023
15346,0.0023421,0.0000066,0.0000023
15347,0.0023416,0.0000066,0.0000023
15348,0.0023411,0.0000066,0.0000023
15349,0.0023406,0.0000066,0.0000023
15350,0.0023401,0.0000066,0.0000023
15351,0.0023396,0.0000066,0.0000022
15352,0.0023391,0.0000066,0.0000022
15353,0.0023386,0.0000066,0.0000022
15354,0.0023382,0.0000066,0.0000022
15355,0.0023377,0.0000066,0.0000022
15356,0.0023372,0.0000066,0.0000022
15357,0.0023367,0.0000066,0.0000022
15358,0.0023362,0.0000066,0.0000022
15359,0.0023357,0.0000066,0.0000022
15360,0.0023352,0.0000066,0.0000022
15361,0.0023347,0.0000066,0.0000022
15362,0.0023342,0.0000066,0.0000022
15363,0.0023337,0.0000066,0.0000022
15364,0.0023332,0.0000066,0.0000022
15365,0.0023327,0.0000066,0.0000022
15366,0.0023323,0.0000066,0.0000022
15367,0.0023318,0.0000066,0.0000022
15368,0.0023313,0.0000066,0.0000022
15369,0.0023308,0.0000066,0.0000022
15370,0.0023303,0.0000066,0.0000022
15371,0.0023298,0.0000066,0.0000022
15372,0.0023293,0.0000066,0.0000022
15373,0.0023288,0.0000066,0.0000022
15374,0.0023283,0.0000066,0.0000022
15375,0.0023279,0.0000066,0.0000022
15376,0.0023274,0.0000066,0.0000022
15377,0.0023269,0.0000066,0.0000022
15378,0.0023264,0.0000066,0.0000022
15379,0.0023259,0.0000066,0.0000022
15380,0.0023254,0.0000066,0.0000022
15381,0.0023249,0.0000066,0.0000022
15382,0.0023244,0.0000066,0.0000022
15383,0.0023239,0.0000066,0.0000022
15384,0.0023235,0.0000066,0.0000022
15385,0.0023230,0.0000066,0.0000022
15386,0.0023225,0.0000066,0.0000022
15387,0.0023220,0.0000066,0.0000022
15388,0.0023215,0.0000066,0.0000022
15389,0.0023210,0.0000066,0.0000022
15390,0.0023205,0.0000066,0.0000022
15391,0.0023200,0.0000066,0.0000022
15392,0.0023196,0.0000065,0.0000022
15393,0.0023191,0.0000065,0.0000022
15394,0.0023186,0.0000065,0.0000022
15395,0.0023181,0.0000065,0.0000022
15396,0.0023176,0.0000065,0.0000022
15397,0.0023171,0.0000065,0.0000022
15398,0.0023166,0.0000065,0.0000022
15399,0.0023161,0.0000065,0.0000022
15400,0.0023157,0.0000065,0.0000022
15401,0.0023152,0.0000065,0.0000022
15402,0.0023147,0.0000065,0.0000022
15403,0.0023142,0.0000065,0.0000022
15404,0.0023137,0.0000065,0.0000022
15405,0.0023132,0.0000065,0.0000022
15406,0.0023127,0.0000065,0.0000022
15407,0.0023123,0.0000065,0.0000022
15408,0.0023118,0.0000065,0.0000022
15409,0.0023113,0.0000065,0.0000022
15410,0.0023108,0.0000065,0.0000022
15411,0.0023103,0.0000065,0.0000022
15412,0.0023098,0.0000065,0.0000022
15413,0.0023093,0.0000065,0.0000022
15414,0.0023089,0.0000065,0.0000022
15415,0.0023084,0.0000065,0.0000022
15416,0.0023079,0.0000065,0.0000022
15417,0.0023074,0.0000065,0.0000022
15418,0.0023069,0.0000065,0.0000022
15419,0.0023064,0.0000065,0.0000022
15420,0.0023060,0.0000065,0.0000022
15421,0.0023055,0.0000065,0.0000022
15422,0.0023050,0.0000065,0.0000022
15423,0.0023045,0.0000065,0.0000022
15424,0.0023040,0.0000065,0.0000022
15425,0.0023035,0.0000065,0.0000022
15426,0.0023031,0.0000065,0.0000022
15427,0.0023026,0.0000065,0.0000022
15428,0.0023021,0.0000065,0.0000022
15429,0.0023016,0.0000065,0.0000022
15430,0.0023011,0.0000065,0.0000022
15431,0.0023006,0.0000065,0.0000022
15432,0.0023002,0.0000065,0.0000022
15433,0.0022997,0.0000065,0.0000022
15434,0.0022992,0.0000065,0.0000022
15435,0.0022987,0.0000065,0.0000022
15436,0.0022982,0.0000065,0.0000022
15437,0.0022977,0.0000065,0.0000022
15438,0.0022973,0.0000065,0.0000022
15439,0.0022968,0.0000065,0.0000022
15440,0.0022963,0.0000065,0.0000022
15441,0.0022958,0.0000065,0.0000022
15442,0.0022953,0.0000065,0.0000022
15443,0.0022949,0.0000065,0.0000022
15444,0.0022944,0.0000065,0.0000022
15445,0.0022939,0.0000065,0.0000022
15446,0.0022934,0.0000065,0.0000022
15447,0.0022929,0.0000065,0.0000022
15448,0.0022924,0.0000065,0.0000022
15449,0.0022920,0.0000065,0.0000022
15450,0.0022915,0.0000065,0.0000022
15451,0.0022910,0.0000065,0.0000022
15452,0.0022905,0.0000065,0.0000022
15453,0.0022900,0.0000065,0.0000022
15454,0.0022896,0.0000065,0.0000022
15455,0.0022891,0.0000065,0.0000022
15456,0.0022886,0.0000064,0.0000022
15457,0.0022881,0.0000064,0.0000022
15458,0.0022876,0.0000064,0.0000022
15459,0.0022872,0.0000064,0.0000022
15460,0.0022867,0.0000064,0.0000022
15461,0.0022862,0.0000064,0.0000022
15462,0.0022857,0.0000064,0.0000022
15463,0.0022853,0.0000064,0.0000022
15464,0.0022848,0.0000064,0.0000022
15465,0.0022843,0.0000064,0.0000022
15466,0.0022838,0.0000064,0.0000022
15467,0.0022833,0.0000064,0.0000022
15468,0.0022829,0.0000064,0.0000022
15469,0.0022824,0.0000064,0.0000022
15470,0.0022819,0.0000064,0.0000022
15471,0.0022814,0.0000064,0.0000022
15472,0.0022809,0.0000064,0.0000022
15473,0.0022805,0.0000064,0.0000022
15474,0.0022800,0.0000064,0.0000022
15475,0.0022795,0.0000064,0.0000022
15476,0.0022790,0.0000064,0.0000022
15477,0.0022786,0.0000064,0.0000022
15478,0.0022781,0.0000064,0.0000022
15479,0.0022776,0.0000064,0.0000022
15480,0.0022771,0.0000064,0.0000022
15481,0.0022766,0.0000064,0.0000022
15482,0.0022762,0.0000064,0.0000022
15483,0.0022757,0.0000064,0.0000022
15484,0.0022752,0.0000064,0.0000022
15485,0.0022747,0.0000064,0.0000022
15486,0.0022743,0.0000064,0.0000022
15487,0.0022738,0.0000064,0.0000022
15488,0.0022733,0.0000064,0.0000022
15489,0.0022728,0.0000064,0.0000022
15490,0.0022724,0.0000064,0.0000022
15491,0.0022719,0.0000064,0.0000022
15492,0.0022714,0.0000064,0.0000022
15493,0.0022709,0.0000064,0.0000022
15494,0.0022705,0.0000064,0.0000022
15495,0.0022700,0.0000064,0.0000022
15496,0.0022695,0.0000064,0.0000022
15497,0.0022690,0.0000064,0.0000022
15498,0.0022686,0.0000064,0.0000022
15499,0.0022681,0.0000064,0.0000022
15500,0.0022676,0.0000064,0.0000022
15501,0.0022671,0.0000064,0.0000022
15502,0.0022667,0.0000064,0.0000022
15503,0.0022662,0.0000064,0.0000022
15504,0.0022657,0.0000064,0.0000022
15505,0.0022652,0.0000064,0.0000022
15506,0.0022648,0.0000064,0.0000022
15507,0.0022643,0.0000064,0.0000022
15508,0.0022638,0.0000064,0.0000022
15509,0.0022633,0.0000064,0.0000022
15510,0.0022629,0.0000064,0.0000022
15511,0.0022624,0.0000064,0.0000022
15512,0.0022619,0.0000064,0.0000022
15513,0.0022614,0.0000064,0.0000022
15514,0.0022610,0.0000064,0.0000022
15515,0.0022605,0.0000064,0.0000022
15516,0.0022600,0.0000064,0.0000022
15517,0.0022596,0.0000064,0.0000022
15518,0.0022591,0.0000064,0.0000022
15519,0.0022586,0.0000064,0.0000022
15520,0.0022581,0.0000064,0.0000022
15521,0.0022577,0.0000063,0.0000022
15522,0.0022572,0.0000063,0.0000022
15523,0.0022567,0.0000063,0.0000022
15524,0.0022563,0.0000063,0.0000022
15525,0.0022558,0.0000063,0.0000022
15526,0.0022553,0.0000063,0.0000022
15527,0.0022548,0.0000063,0.0000022
15528,0.0022544,0.0000063,0.0000022
15529,0.0022539,0.0000063,0.0000022
15530,0.0022534,0.0000063,0.0000022
15531,0.0022530,0.0000063,0.0000022
15532,0.0022525,0.0000063,0.0000021
15533,0.0022520,0.0000063,0.0000021
15534,0.0022515,0.0000063,0.0000021
15535,0.0022511,0.0000063,0.0000021
15536,0.0022506,0.0000063,0.0000021
15537,0.0022501,0.0000063,0.0000021
15538,0.0022497,0.0000063,0.0000021
15539,0.0022492,0.0000063,0.0000021
15540,0.0022487,0.0000063,0.0000021
15541,0.0022482,0.0000063,0.0000021
15542,0.0022478,0.0000063,0.0000021
15543,0.0022473,0.0000063,0.0000021
15544,0.0022468,0.0000063,0.0000021
15545,0.0022464,0.0000063,0.0000021
15546,0.0022459,0.0000063,0.0000021
15547,0.0022454,0.0000063,0.0000021
15548,0.0022450,0.0000063,0.0000021
15549,0.0022445,0.0000063,0.0000021
15550,0.0022440,0.0000063,0.0000021
15551,0.0022436,0.0000063,0.0000021
15552,0.0022431,0.0000063,0.0000021
15553,0.0022426,0.0000063,0.0000021
15554,0.0022421,0.0000063,0.0000021
15555,0.0022417,0.0000063,0.0000021
15556,0.0022412,0.0000063,0.0000021
15557,0.0022407,0.0000063,0.0000021
15558,0.0022403,0.0000063,0.0000021
15559,0.0022398,0.0000063,0.0000021
15560,0.0022393,0.0000063,0.0000021
15561,0.0022389,0.0000063,0.0000021
15562,0.0022384,0.0000063,0.0000021
15563,0.0022379,0.0000063,0.0000021
15564,0.0022375,0.0000063,0.0000021
15565,0.0022370,0.0000063,0.0000021
15566,0.0022365,0.0000063,0.0000021
15567,0.0022361,0.0000063,0.0000021
15568,0.0022356,0.0000063,0.0000021
15569,0.0022351,0.0000063,0.0000021
15570,0.0022347,0.0000063,0.0000021
15571,0.0022342,0.0000063,0.0000021
15572,0.0022337,0.0000063,0.0000021
15573,0.0022333,0.0000063,0.0000021
15574,0.0022328,0.0000063,0.0000021
15575,0.0022323,0.0000063,0.0000021
15576,0.0022319,0.0000063,0.0000021
15577,0.0022314,0.0000063,0.0000021
15578,0.0022309,0.0000063,0.0000021
15579,0.0022305,0.0000063,0.0000021
15580,0.0022300,0.0000063,0.0000021
15581,0.0022295,0.0000063,0.0000021
15582,0.0022291,0.0000063,0.0000021
15583,0.0022286,0.0000063,0.0000021
15584,0.0022281,0.0000063,0.0000021
15585,0.0022277,0.0000063,0.0000021
15586,0.0022272,0.0000063,0.0000021
15587,0.0022267,0.0000062,0.0000021
15588,0.0022263,0.0000062,0.0000021
15589,0.0022258,0.0000062,0.0000021
15590,0.0022254,0.0000062,0.0000021
15591,0.0022249,0.0000062,0.0000021
15592,0.0022244,0.0000062,0.0000021
15593,0.0022240,0.0000062,0.0000021
15594,0.0022235,0.0000062,0.0000021
15595,0.0022230,0.0000062,0.0000021
15596,0.0022226,0.0000062,0.0000021
15597,0.0022221,0.0000062,0.0000021
15598,0.0022216,0.0000062,0.0000021
15599,0.0022212,0.0000062,0.0000021
15600,0.0022207,0.0000062,0.0000021
15601,0.0022202,0.0000062,0.0000021
15602,0.0022198,0.0000062,0.0000021
15603,0.0022193,0.0000062,0.0000021
15604,0.0022189,0.0000062,0.0000021
15605,0.0022184,0.0000062,0.0000021
15606,0.0022179,0.0000062,0.0000021
15607,0.0022175,0.0000062,0.0000021
15608,0.0022170,0.0000062,0.0000021
15609,0.0022165,0.0000062,0.0000021
15610,0.0022161,0.0000062,0.0000021
15611,0.0022156,0.0000062,0.0000021
15612,0.0022152,0.0000062,0.0000021
15613,0.0022147,0.0000062,0.0000021
15614,0.0022142,0.0000062,0.0000021
15615,0.0022138,0.0000062,0.0000021
15616,0.0022133,0.0000062,0.0000021
15617,0.0022128,0.0000062,0.0000021
15618,0.0022124,0.0000062,0.0000021
15619,0.0022119,0.0000062,0.0000021
15620,0.0022115,0.0000062,0.0000021
15621,0.0022110,0.0000062,0.0000021
15622,0.0022105,0.0000062,0.0000021
15623,0.0022101,0.0000062,0.0000021
15624,0.0022096,0.0000062,0.0000021
15625,0.0022092,0.0000062,0.0000021
15626,0.0022087,0.0000062,0.0000021
15627,0.0022082,0.0000062,0.0000021
15628,0.0022078,0.0000062,0.0000021
15629,0.0022073,0.0000062,0.0000021
15630,0.0022069,0.0000062,0.0000021
15631,0.0022064,0.0000062,0.0000021
15632,0.0022059,0.0000062,0.0000021
15633,0.0022055,0.0000062,0.0000021
15634,0.0022050,0.0000062,0.0000021
15635,0.0022046,0.0000062,0.0000021
15636,0.0022041,0.0000062,0.0000021
15637,0.0022036,0.0000062,0.0000021
15638,0.0022032,0.0000062,0.0000021
15639,0.0022027,0.0000062,0.0000021
15640,0.0022023,0.0000062,0.0000021
15641,0.0022018,0.0000062,0.0000021
15642,0.0022013,0.0000062,0.0000021
15643,0.0022009,0.0000062,0.0000021
15644,0.0022004,0.0000062,0.0000021
15645,0.0022000,0.0000062,0.0000021
15646,0.0021995,0.0000062,0.0000021
15647,0.0021991,0.0000062,0.0000021
15648,0.0021986,0.0000062,0.0000021
15649,0.0021981,0.0000062,0.0000021
15650,0.0021977,0.0000062,0.0000021
15651,0.0021972,0.0000062,0.0000021
15652,0.0021968,0.0000062,0.0000021
15653,0.0021963,0.0000062,0.0000021
15654,0.0021959,0.0000061,0.0000021
15655,0.0021954,0.0000061,0.0000021
15656,0.0021949,0.0000061,0.0000021
15657,0.0021945,0.0000061,0.0000021
15658,0.0021940,0.0000061,0.0000021
15659,0.0021936,0.0000061,0.0000021
15660,0.0021931,0.0000061,0.0000021
15661,0.0021927,0.0000061,0.0000021
15662,0.0021922,0.0000061,0.0000021
15663,0.0021917,0.0000061,0.0000021
15664,0.0021913,0.0000061,0.0000021
15665,0.0021908,0.0000061,0.0000021
15666,0.0021904,0.0000061,0.0000021
15667,0.0021899,0.0000061,0.0000021
15668,0.0021895,0.0000061,0.0000021
15669,0.0021890,0.0000061,0.0000021
15670,0.0021885,0.0000061,0.0000021
15671,0.0021881,0.0000061,0.0000021
15672,0.0021876,0.0000061,0.0000021
15673,0.0021872,0.0000061,0.0000021
15674,0.0021867,0.0000061,0.0000021
15675,0.0021863,0.0000061,0.0000021
15676,0.0021858,0.0000061,0.0000021
15677,0.0021854,0.0000061,0.0000021
15678,0.0021849,0.0000061,0.0000021
15679,0.0021845,0.0000061,0.0000021
15680,0.0021840,0.0000061,0.0000021
15681,0.0021835,0.0000061,0.0000021
15682,0.0021831,0.0000061,0.0000021
15683,0.0021826,0.0000061,0.0000021
15684,0.0021822,0.0000061,0.0000021
15685,0.0021817,0.0000061,0.0000021
15686,0.0021813,0.0000061,0.0000021
15687,0.0021808,0.0000061,0.0000021
15688,0.0021804,0.0000061,0.0000021
15689,0.0021799,0.0000061,0.0000021
15690,0.0021795,0.0000061,0.0000021
15691,0.0021790,0.0000061,0.0000021
15692,0.0021785,0.0000061,0.0000021
15693,0.0021781,0.0000061,0.0000021
15694,0.0021776,0.0000061,0.0000021
15695,0.0021772,0.0000061,0.0000021
15696,0.0021767,0.0000061,0.0000021
15697,0.0021763,0.0000061,0.0000021
15698,0.0021758,0.0000061,0.0000021
15699,0.0021754,0.0000061,0.0000021
15700,0.0021749,0.0000061,0.0000021
15701,0.0021745,0.0000061,0.0000021
15702,0.0021740,0.0000061,0.0000021
15703,0.0021736,0.0000061,0.0000021
15704,0.0021731,0.0000061,0.0000021
15705,0.0021727,0.0000061,0.0000021
15706,0.0021722,0.0000061,0.0000021
15707,0.0021718,0.0000061,0.0000021
15708,0.0021713,0.0000061,0.0000021
15709,0.0021709,0.0000061,0.0000021
15710,0.0021704,0.0000061,0.0000021
15711,0.0021700,0.0000061,0.0000021
15712,0.0021695,0.0000061,0.0000021
15713,0.0021691,0.0000061,0.0000021
15714,0.0021686,0.0000061,0.0000021
15715,0.0021682,0.0000061,0.0000021
15716,0.0021677,0.0000061,0.0000021
15717,0.0021673,0.0000061,0.0000021
15718,0.0021668,0.0000061,0.0000021
15719,0.0021664,0.0000061,0.0000021
15720,0.0021659,0.0000061,0.0000021
15721,0.0021655,0.0000061,0.0000021
15722,0.0021650,0.0000060,0.0000020
15723,0.0021646,0.0000060,0.0000020
15724,0.0021641,0.0000060,0.0000020
15725,0.0021637,0.0000060,0.0000020
15726,0.0021632,0.0000060,0.0000020
15727,0.0021628,0.0000060,0.0000020
15728,0.0021623,0.0000060,0.0000020
15729,0.0021619,0.0000060,0.0000020
15730,0.0021614,0.0000060,0.0000020
15731,0.0021610,0.0000060,0.0000020
15732,0.0021605,0.0000060,0.0000020
15733,0.0021601,0.0000060,0.0000020
15734,0.0021596,0.0000060,0.0000020
15735,0.0021592,0.0000060,0.0000020
15736,0.0021587,0.0000060,0.0000020
15737,0.0021583,0.0000060,0.0000020
15738,0.0021578,0.0000060,0.0000020
15739,0.0021574,0.0000060,0.0000020
15740,0.0021569,0.0000060,0.0000020
15741,0.0021565,0.0000060,0.0000020
15742,0.0021560,0.0000060,0.0000020
15743,0.0021556,0.0000060,0.0000020
15744,0.0021551,0.0000060,0.0000020
15745,0.0021547,0.0000060,0.0000020
15746,0.0021542,0.0000060,0.0000020
15747,0.0021538,0.0000060,0.0000020
15748,0.0021533,0.0000060,0.0000020
15749,0.0021529,0.0000060,0.0000020
15750,0.0021524,0.0000060,0.0000020
15751,0.0021520,0.0000060,0.0000020
15752,0.0021516,0.0000060,0.0000020
15753,0.0021511,0.0000060,0.0000020
15754,0.0021507,0.0000060,0.0000020
15755,0.0021502,0.0000060,0.0000020
15756,0.0021498,0.0000060,0.0000020
15757,0.0021493,0.0000060,0.0000020
15758,0.0021489,0.0000060,0.0000020
15759,0.0021484,0.0000060,0.0000020
15760,0.0021480,0.0000060,0.0000020
15761,0.0021475,0.0000060,0.0000020
15762,0.0021471,0.0000060,0.0000020
15763,0.0021466,0.0000060,0.0000020
15764,0.0021462,0.0000060,0.0000020
15765,0.0021458,0.0000060,0.0000020
15766,0.0021453,0.0000060,0.0000020
15767,0.0021449,0.0000060,0.0000020
15768,0.0021444,0.0000060,0.0000020
15769,0.0021440,0.0000060,0.0000020
15770,0.0021435,0.0000060,0.0000020
15771,0.0021431,0.0000060,0.0000020
15772,0.0021426,0.0000060,0.0000020
15773,0.0021422,0.0000060,0.0000020
15774,0.0021417,0.0000060,0.0000020
15775,0.0021413,0.0000060,0.0000020
15776,0.0021409,0.0000060,0.0000020
15777,0.0021404,0.0000060,0.0000020
15778,0.0021400,0.0000060,0.0000020
15779,0.0021395,0.0000060,0.0000020
15780,0.0021391,0.0000060,0.0000020
15781,0.0021386,0.0000060,0.0000020
15782,0.0021382,0.0000060,0.0000020
15783,0.0021378,0.0000060,0.0000020
15784,0.0021373,0.0000060,0.0000020
15785,0.0021369,0.0000060,0.0000020
15786,0.0021364,0.0000060,0.0000020
15787,0.0021360,0.0000060,0.0000020
15788,0.0021355,0.0000060,0.0000020
15789,0.0021351,0.0000060,0.0000020
15790,0.0021347,0.0000060,0.0000020
15791,0.0021342,0.0000060,0.0000020
15792,0.0021338,0.0000059,0.0000020
15793,0.0021333,0.0000059,0.0000020
15794,0.0021329,0.0000059,0.0000020
15795,0.0021324,0.0000059,0.0000020
15796,0.0021320,0.0000059,0.0000020
15797,0.0021316,0.0000059,0.0000020
15798,0.0021311,0.0000059,0.0000020
15799,0.0021307,0.0000059,0.0000020
15800,0.0021302,0.0000059,0.0000020
15801,0.0021298,0.0000059,0.0000020
15802,0.0021293,0.0000059,0.0000020
15803,0.0021289,0.0000059,0.0000020
15804,0.0021285,0.0000059,0.0000020
15805,0.0021280,0.0000059,0.0000020
15806,0.0021276,0.0000059,0.0000020
15807,0.0021271,0.0000059,0.0000020
15808,0.0021267,0.0000059,0.0000020
15809,0.0021263,0.0000059,0.0000020
15810,0.0021258,0.0000059,0.0000020
15811,0.0021254,0.0000059,0.0000020
15812,0.0021249,0.0000059,0.0000020
15813,0.0021245,0.0000059,0.0000020
15814,0.0021241,0.0000059,0.0000020
15815,0.0021236,0.0000059,0.0000020
15816,0.0021232,0.0000059,0.0000020
15817,0.0021227,0.0000059,0.0000020
15818,0.0021223,0.0000059,0.0000020
15819,0.0021219,0.0000059,0.0000020
15820,0.0021214,0.0000059,0.0000020
15821,0.0021210,0.0000059,0.0000020
15822,0.0021205,0.0000059,0.0000020
15823,0.0021201,0.0000059,0.0000020
15824,0.0021197,0.0000059,0.0000020
15825,0.0021192,0.0000059,0.0000020
15826,0.0021188,0.0000059,0.0000020
15827,0.0021183,0.0000059,0.0000020
15828,0.0021179,0.0000059,0.0000020
15829,0.0021175,0.0000059,0.0000020
15830,0.0021170,0.0000059,0.0000020
15831,0.0021166,0.0000059,0.0000020
15832,0.0021161,0.0000059,0.0000020
15833,0.0021157,0.0000059,0.0000020
15834,0.0021153,0.0000059,0.0000020
15835,0.0021148,0.0000059,0.0000020
15836,0.0021144,0.0000059,0.0000020
15837,0.0021140,0.0000059,0.0000020
15838,0.0021135,0.0000059,0.0000020
15839,0.0021131,0.0000059,0.0000020
15840,0.0021126,0.0000059,0.0000020
15841,0.0021122,0.0000059,0.0000020
15842,0.0021118,0.0000059,0.0000020
15843,0.0021113,0.0000059,0.0000020
15844,0.0021109,0.0000059,0.0000020
15845,0.0021105,0.0000059,0.0000020
15846,0.0021100,0.0000059,0.0000020
15847,0.0021096,0.0000059,0.0000020
15848,0.0021092,0.0000059,0.0000020
15849,0.0021087,0.0000059,0.0000020
15850,0.0021083,0.0000059,0.0000020
15851,0.0021078,0.0000059,0.0000020
15852,0.0021074,0.0000059,0.0000020
15853,0.0021070,0.0000059,0.0000020
15854,0.0021065,0.0000059,0.0000020
15855,0.0021061,0.0000059,0.0000020
15856,0.0021057,0.0000059,0.0000020
15857,0.0021052,0.0000059,0.0000020
15858,0.0021048,0.0000059,0.0000020
15859,0.0021044,0.0000059,0.0000020
15860,0.0021039,0.0000059,0.0000020
15861,0.0021035,0.0000059,0.0000020
15862,0.0021030,0.0000059,0.0000020
15863,0.0021026,0.0000058,0.0000020
15864,0.0021022,0.0000058,0.0000020
15865,0.0021017,0.0000058,0.0000020
15866,0.0021013,0.0000058,0.0000020
15867,0.0021009,0.0000058,0.0000020
15868,0.0021004,0.0000058,0.0000020
15869,0.0021000,0.0000058,0.0000020
15870,0.0020996,0.0000058,0.0000020
15871,0.0020991,0.0000058,0.0000020
15872,0.0020987,0.0000058,0.0000020
15873,0.0020983,0.0000058,0.0000020
15874,0.0020978,0.0000058,0.0000020
15875,0.0020974,0.0000058,0.0000020
15876,0.0020970,0.0000058,0.0000020
15877,0.0020965,0.0000058,0.0000020
15878,0.0020961,0.0000058,0.0000020
15879,0.0020957,0.0000058,0.0000020
15880,0.0020952,0.0000058,0.0000020
15881,0.0020948,0.0000058,0.0000020
15882,0.0020944,0.0000058,0.0000020
15883,0.0020939,0.0000058,0.0000020
15884,0.0020935,0.0000058,0.0000020
15885,0.0020931,0.0000058,0.0000020
15886,0.0020926,0.0000058,0.0000020
15887,0.0020922,0.0000058,0.0000020
15888,0.0020918,0.0000058,0.0000020
15889,0.0020913,0.0000058,0.0000020
15890,0.0020909,0.0000058,0.0000020
15891,0.0020905,0.0000058,0.0000020
15892,0.0020900,0.0000058,0.0000020
15893,0.0020896,0.0000058,0.0000020
15894,0.0020892,0.0000058,0.0000020
15895,0.0020887,0.0000058,0.0000020
15896,0.0020883,0.0000058,0.0000020
15897,0.0020879,0.0000058,0.0000020
15898,0.0020874,0.0000058,0.0000020
15899,0.0020870,0.0000058,0.0000020
15900,0.0020866,0.0000058,0.0000020
15901,0.0020862,0.0000058,0.0000020
15902,0.0020857,0.0000058,0.0000020
15903,0.0020853,0.0000058,0.0000020
15904,0.0020849,0.0000058,0.0000020
15905,0.0020844,0.0000058,0.0000020
15906,0.0020840,0.0000058,0.0000020
15907,0.0020836,0.0000058,0.0000020
15908,0.0020831,0.0000058,0.0000020
15909,0.0020827,0.0000058,0.0000020
15910,0.0020823,0.0000058,0.0000020
15911,0.0020818,0.0000058,0.0000020
15912,0.0020814,0.0000058,0.0000020
15913,0.0020810,0.0000058,0.0000020
15914,0.0020806,0.0000058,0.0000020
15915,0.0020801,0.0000058,0.0000020
15916,0.0020797,0.0000058,0.0000020
15917,0.0020793,0.0000058,0.0000020
15918,0.0020788,0.0000058,0.0000020
15919,0.0020784,0.0000058,0.0000020
15920,0.0020780,0.0000058,0.0000020
15921,0.0020776,0.0000058,0.0000020
15922,0.0020771,0.0000058,0.0000020
15923,0.0020767,0.0000058,0.0000019
15924,0.0020763,0.0000058,0.0000019
15925,0.0020758,0.0000058,0.0000019
15926,0.0020754,0.0000058,0.0000019
15927,0.0020750,0.0000058,0.0000019
15928,0.0020746,0.0000058,0.0000019
15929,0.0020741,0.0000058,0.0000019
15930,0.0020737,0.0000058,0.0000019
15931,0.0020733,0.0000058,0.0000019
15932,0.0020728,0.0000058,0.0000019
15933,0.0020724,0.0000058,0.0000019
15934,0.0020720,0.0000058,0.0000019
15935,0.0020716,0.0000058,0.0000019
15936,0.0020711,0.0000057,0.0000019
15937,0.0020707,0.0000057,0.0000019
15938,0.0020703,0.0000057,0.0000019
15939,0.0020698,0.0000057,0.0000019
15940,0.0020694,0.0000057,0.0000019
15941,0.0020690,0.0000057,0.0000019
15942,0.0020686,0.0000057,0.0000019
15943,0.0020681,0.0000057,0.0000019
15944,0.0020677,0.0000057,0.0000019
15945,0.0020673,0.0000057,0.0000019
15946,0.0020669,0.0000057,0.0000019
15947,0.0020664,0.0000057,0.0000019
15948,0.0020660,0.0000057,0.0000019
15949,0.0020656,0.0000057,0.0000019
15950,0.0020652,0.0000057,0.0000019
15951,0.0020647,0.0000057,0.0000019
15952,0.0020643,0.0000057,0.0000019
15953,0.0020639,0.0000057,0.0000019
15954,0.0020634,0.0000057,0.0000019
15955,0.0020630,0.0000057,0.0000019
15956,0.0020626,0.0000057,0.0000019
15957,0.0020622,0.0000057,0.0000019
15958,0.0020617,0.0000057,0.0000019
15959,0.0020613,0.0000057,0.0000019
15960,0.0020609,0.0000057,0.0000019
15961,0.0020605,0.0000057,0.0000019
15962,0.0020600,0.0000057,0.0000019
15963,0.0020596,0.0000057,0.0000019
15964,0.0020592,0.0000057,0.0000019
15965,0.0020588,0.0000057,0.0000019
15966,0.0020583,0.0000057,0.0000019
15967,0.0020579,0.0000057,0.0000019
15968,0.0020575,0.0000057,0.0000019
15969,0.0020571,0.0000057,0.0000019
15970,0.0020566,0.0000057,0.0000019
15971,0.0020562,0.0000057,0.0000019
15972,0.0020558,0.0000057,0.0000019
15973,0.0020554,0.0000057,0.0000019
15974,0.0020550,0.0000057,0.0000019
15975,0.0020545,0.0000057,0.0000019
15976,0.0020541,0.0000057,0.0000019
15977,0.0020537,0.0000057,0.0000019
15978,0.0020533,0.0000057,0.0000019
15979,0.0020528,0.0000057,0.0000019
15980,0.0020524,0.0000057,0.0000019
15981,0.0020520,0.0000057,0.0000019
15982,0.0020516,0.0000057,0.0000019
15983,0.0020511,0.0000057,0.0000019
15984,0.0020507,0.0000057,0.0000019
15985,0.0020503,0.0000057,0.0000019
15986,0.0020499,0.0000057,0.0000019
15987,0.0020495,0.0000057,0.0000019
15988,0.0020490,0.0000057,0.0000019
15989,0.0020486,0.0000057,0.0000019
15990,0.0020482,0.0000057,0.0000019
15991,0.0020478,0.0000057,0.0000019
15992,0.0020473,0.0000057,0.0000019
15993,0.0020469,0.0000057,0.0000019
15994,0.0020465,0.0000057,0.0000019
15995,0.0020461,0.0000057,0.0000019
15996,0.0020457,0.0000057,0.0000019
15997,0.0020452,0.0000057,0.0000019
15998,0.0020448,0.0000057,0.0000019
15999,0.0020444,0.0000057,0.0000019
16000,0.0020440,0.0000057,0.0000019
16001,0.0020435,0.0000057,0.0000019
16002,0.0020431,0.0000057,0.0000019
16003,0.0020427,0.0000057,0.0000019
16004,0.0020423,0.0000057,0.0000019
16005,0.0020419,0.0000057,0.0000019
16006,0.0020414,0.0000057,0.0000019
16007,0.0020410,0.0000057,0.0000019
16008,0.0020406,0.0000057,0.0000019
16009,0.0020402,0.0000057,0.0000019
16010,0.0020398,0.0000056,0.0000019
16011,0.0020393,0.0000056,0.0000019
16012,0.0020389,0.0000056,0.0000019
16013,0.0020385,0.0000056,0.0000019
16014,0.0020381,0.0000056,0.0000019
16015,0.0020377,0.0000056,0.0000019
16016,0.0020372,0.0000056,0.0000019
16017,0.0020368,0.0000056,0.0000019
16018,0.0020364,0.0000056,0.0000019
16019,0.0020360,0.0000056,0.0000019
16020,0.0020356,0.0000056,0.0000019
16021,0.0020351,0.0000056,0.0000019
16022,0.0020347,0.0000056,0.0000019
16023,0.0020343,0.0000056,0.0000019
16024,0.0020339,0.0000056,0.0000019
16025,0.0020335,0.0000056,0.0000019
16026,0.0020331,0.0000056,0.0000019
16027,0.0020326,0.0000056,0.0000019
16028,0.0020322,0.0000056,0.0000019
16029,0.0020318,0.0000056,0.0000019
16030,0.0020314,0.0000056,0.0000019
16031,0.0020310,0.0000056,0.0000019
16032,0.0020305,0.0000056,0.0000019
16033,0.0020301,0.0000056,0.0000019
16034,0.0020297,0.0000056,0.0000019
16035,0.0020293,0.0000056,0.0000019
16036,0.0020289,0.0000056,0.0000019
16037,0.0020285,0.0000056,0.0000019
16038,0.0020280,0.0000056,0.0000019
16039,0.0020276,0.0000056,0.0000019
16040,0.0020272,0.0000056,0.0000019
16041,0.0020268,0.0000056,0.0000019
16042,0.0020264,0.0000056,0.0000019
16043,0.0020260,0.0000056,0.0000019
16044,0.0020255,0.0000056,0.0000019
16045,0.0020251,0.0000056,0.0000019
16046,0.0020247,0.0000056,0.0000019
16047,0.0020243,0.0000056,0.0000019
16048,0.0020239,0.0000056,0.0000019
16049,0.0020235,0.0000056,0.0000019
16050,0.0020230,0.0000056,0.0000019
16051,0.0020226,0.0000056,0.0000019
16052,0.0020222,0.0000056,0.0000019
16053,0.0020218,0.0000056,0.0000019
16054,0.0020214,0.0000056,0.0000019
16055,0.0020210,0.0000056,0.0000019
16056,0.0020205,0.0000056,0.0000019
16057,0.0020201,0.0000056,0.0000019
16058,0.0020197,0.0000056,0.0000019
16059,0.0020193,0.0000056,0.0000019
16060,0.0020189,0.0000056,0.0000019
16061,0.0020185,0.0000056,0.0000019
16062,0.0020181,0.0000056,0.0000019
16063,0.0020176,0.0000056,0.0000019
16064,0.0020172,0.0000056,0.0000019
16065,0.0020168,0.0000056,0.0000019
16066,0.0020164,0.0000056,0.0000019
16067,0.0020160,0.0000056,0.0000019
16068,0.0020156,0.0000056,0.0000019
16069,0.0020151,0.0000056,0.0000019
16070,0.0020147,0.0000056,0.0000019
16071,0.0020143,0.0000056,0.0000019
16072,0.0020139,0.0000056,0.0000019
16073,0.0020135,0.0000056,0.0000019
16074,0.0020131,0.0000056,0.0000019
16075,0.0020127,0.0000056,0.0000019
16076,0.0020122,0.0000056,0.0000019
16077,0.0020118,0.0000056,0.0000019
16078,0.0020114,0.0000056,0.0000019
16079,0.0020110,0.0000056,0.0000019
16080,0.0020106,0.0000056,0.0000019
16081,0.0020102,0.0000056,0.0000019
16082,0.0020098,0.0000056,0.0000019
16083,0.0020094,0.0000056,0.0000019
16084,0.0020089,0.0000056,0.0000019
16085,0.0020085,0.0000055,0.0000019
16086,0.0020081,0.0000055,0.0000019
16087,0.0020077,0.0000055,0.0000019
16088,0.0020073,0.0000055,0.0000019
16089,0.0020069,0.0000055,0.0000019
16090,0.0020065,0.0000055,0.0000019
16091,0.0020061,0.0000055,0.0000019
16092,0.0020056,0.0000055,0.0000019
16093,0.0020052,0.0000055,0.0000019
16094,0.0020048,0.0000055,0.0000019
16095,0.0020044,0.0000055,0.0000019
16096,0.0020040,0.0000055,0.0000019
16097,0.0020036,0.0000055,0.0000019
16098,0.0020032,0.0000055,0.0000019
16099,0.0020028,0.0000055,0.0000019
16100,0.0020024,0.0000055,0.0000019
16101,0.0020019,0.0000055,0.0000019
16102,0.0020015,0.0000055,0.0000019
16103,0.0020011,0.0000055,0.0000019
16104,0.0020007,0.0000055,0.0000019
16105,0.0020003,0.0000055,0.0000019
16106,0.0019999,0.0000055,0.0000019
16107,0.0019995,0.0000055,0.0000019
16108,0.0019991,0.0000055,0.0000019
16109,0.0019987,0.0000055,0.0000019
16110,0.0019982,0.0000055,0.0000019
16111,0.0019978,0.0000055,0.0000019
16112,0.0019974,0.0000055,0.0000019
16113,0.0019970,0.0000055,0.0000019
16114,0.0019966,0.0000055,0.0000019
16115,0.0019962,0.0000055,0.0000019
16116,0.0019958,0.0000055,0.0000019
16117,0.0019954,0.0000055,0.0000019
16118,0.0019950,0.0000055,0.0000019
16119,0.0019946,0.0000055,0.0000019
16120,0.0019941,0.0000055,0.0000019
16121,0.0019937,0.0000055,0.0000019
16122,0.0019933,0.0000055,0.0000019
16123,0.0019929,0.0000055,0.0000019
16124,0.0019925,0.0000055,0.0000019
16125,0.0019921,0.0000055,0.0000019
16126,0.0019917,0.0000055,0.0000019
16127,0.0019913,0.0000055,0.0000019
16128,0.0019909,0.0000055,0.0000019
16129,0.0019905,0.0000055,0.0000019
16130,0.0019901,0.0000055,0.0000019
16131,0.0019896,0.0000055,0.0000019
16132,0.0019892,0.0000055,0.0000019
16133,0.0019888,0.0000055,0.0000019
16134,0.0019884,0.0000055,0.0000019
16135,0.0019880,0.0000055,0.0000019
16136,0.0019876,0.0000055,0.0000018
16137,0.0019872,0.0000055,0.0000018
16138,0.0019868,0.0000055,0.0000018
16139,0.0019864,0.0000055,0.0000018
16140,0.0019860,0.0000055,0.0000018
16141,0.0019856,0.0000055,0.0000018
16142,0.0019852,0.0000055,0.0000018
16143,0.0019848,0.0000055,0.0000018
16144,0.0019843,0.0000055,0.0000018
16145,0.0019839,0.0000055,0.0000018
16146,0.0019835,0.0000055,0.0000018
16147,0.0019831,0.0000055,0.0000018
16148,0.0019827,0.0000055,0.0000018
16149,0.0019823,0.0000055,0.0000018
16150,0.0019819,0.0000055,0.0000018
16151,0.0019815,0.0000055,0.0000018
16152,0.0019811,0.0000055,0.0000018
16153,0.0019807,0.0000055,0.0000018
16154,0.0019803,0.0000055,0.0000018
16155,0.0019799,0.0000055,0.0000018
16156,0.0019795,0.0000055,0.0000018
16157,0.0019791,0.0000055,0.0000018
16158,0.0019787,0.0000055,0.0000018
16159,0.0019783,0.0000055,0.0000018
16160,0.0019778,0.0000055,0.0000018
16161,0.0019774,0.0000055,0.0000018
16162,0.0019770,0.0000054,0.0000018
16163,0.0019766,0.0000054,0.0000018
16164,0.0019762,0.0000054,0.0000018
16165,0.0019758,0.0000054,0.0000018
16166,0.0019754,0.0000054,0.0000018
16167,0.0019750,0.0000054,0.0000018
16168,0.0019746,0.0000054,0.0000018
16169,0.0019742,0.0000054,0.0000018
16170,0.0019738,0.0000054,0.0000018
16171,0.0019734,0.0000054,0.0000018
16172,0.0019730,0.0000054,0.0000018
16173,0.0019726,0.0000054,0.0000018
16174,0.0019722,0.0000054,0.0000018
16175,0.0019718,0.0000054,0.0000018
16176,0.0019714,0.0000054,0.0000018
16177,0.0019710,0.0000054,0.0000018
16178,0.0019706,0.0000054,0.0000018
16179,0.0019702,0.0000054,0.0000018
16180,0.0019698,0.0000054,0.0000018
16181,0.0019694,0.0000054,0.0000018
16182,0.0019690,0.0000054,0.0000018
16183,0.0019685,0.0000054,0.0000018
16184,0.0019681,0.0000054,0.0000018
16185,0.0019677,0.0000054,0.0000018
16186,0.0019673,0.0000054,0.0000018
16187,0.0019669,0.0000054,0.0000018
16188,0.0019665,0.0000054,0.0000018
16189,0.0019661,0.0000054,0.0000018
16190,0.0019657,0.0000054,0.0000018
16191,0.0019653,0.0000054,0.0000018
16192,0.0019649,0.0000054,0.0000018
16193,0.0019645,0.0000054,0.0000018
16194,0.0019641,0.0000054,0.0000018
16195,0.0019637,0.0000054,0.0000018
16196,0.0019633,0.0000054,0.0000018
16197,0.0019629,0.0000054,0.0000018
16198,0.0019625,0.0000054,0.0000018
16199,0.0019621,0.0000054,0.0000018
16200,0.0019617,0.0000054,0.0000018
16201,0.0019613,0.0000054,0.0000018
16202,0.0019609,0.0000054,0.0000018
16203,0.0019605,0.0000054,0.0000018
16204,0.0019601,0.0000054,0.0000018
16205,0.0019597,0.0000054,0.0000018
16206,0.0019593,0.0000054,0.0000018
16207,0.0019589,0.0000054,0.0000018
16208,0.0019585,0.0000054,0.0000018
16209,0.0019581,0.0000054,0.0000018
16210,0.0019577,0.0000054,0.0000018
16211,0.0019573,0.0000054,0.0000018
16212,0.0019569,0.0000054,0.0000018
16213,0.0019565,0.0000054,0.0000018
16214,0.0019561,0.0000054,0.0000018
16215,0.0019557,0.0000054,0.0000018
16216,0.0019553,0.0000054,0.0000018
16217,0.0019549,0.0000054,0.0000018
16218,0.0019545,0.0000054,0.0000018
16219,0.0019541,0.0000054,0.0000018
16220,0.0019537,0.0000054,0.0000018
16221,0.0019533,0.0000054,0.0000018
16222,0.0019529,0.0000054,0.0000018
16223,0.0019525,0.0000054,0.0000018
16224,0.0019521,0.0000054,0.0000018
16225,0.0019517,0.0000054,0.0000018
16226,0.0019513,0.0000054,0.0000018
16227,0.0019509,0.0000054,0.0000018
16228,0.0019505,0.0000054,0.0000018
16229,0.0019501,0.0000054,0.0000018
16230,0.0019497,0.0000054,0.0000018
16231,0.0019493,0.0000054,0.0000018
16232,0.0019489,0.0000054,0.0000018
16233,0.0019485,0.0000054,0.0000018
16234,0.0019481,0.0000054,0.0000018
16235,0.0019477,0.0000054,0.0000018
16236,0.0019473,0.0000054,0.0000018
16237,0.0019469,0.0000054,0.0000018
16238,0.0019465,0.0000054,0.0000018
16239,0.0019461,0.0000054,0.0000018
16240,0.0019457,0.0000054,0.0000018
16241,0.0019453,0.0000053,0.0000018
16242,0.0019449,0.0000053,0.0000018
16243,0.0019445,0.0000053,0.0000018
16244,0.0019441,0.0000053,0.0000018
16245,0.0019437,0.0000053,0.0000018
16246,0.0019433,0.0000053,0.0000018
16247,0.0019429,0.0000053,0.0000018
16248,0.0019425,0.0000053,0.0000018
16249,0.0019421,0.0000053,0.0000018
16250,0.0019417,0.0000053,0.0000018
16251,0.0019413,0.0000053,0.0000018
16252,0.0019409,0.0000053,0.0000018
16253,0.0019405,0.0000053,0.0000018
16254,0.0019402,0.0000053,0.0000018
16255,0.0019398,0.0000053,0.0000018
16256,0.0019394,0.0000053,0.0000018
16257,0.0019390,0.0000053,0.0000018
16258,0.0019386,0.0000053,0.0000018
16259,0.0019382,0.0000053,0.0000018
16260,0.0019378,0.0000053,0.0000018
16261,0.0019374,0.0000053,0.0000018
16262,0.0019370,0.0000053,0.0000018
16263,0.0019366,0.0000053,0.0000018
16264,0.0019362,0.0000053,0.0000018
16265,0.0019358,0.0000053,0.0000018
16266,0.0019354,0.0000053,0.0000018
16267,0.0019350,0.0000053,0.0000018
16268,0.0019346,0.0000053,0.0000018
16269,0.0019342,0.0000053,0.0000018
16270,0.0019338,0.0000053,0.0000018
16271,0.0019334,0.0000053,0.0000018
16272,0.0019330,0.0000053,0.0000018
16273,0.0019326,0.0000053,0.0000018
16274,0.0019322,0.0000053,0.0000018
16275,0.0019318,0.0000053,0.0000018
16276,0.0019314,0.0000053,0.0000018
16277,0.0019311,0.0000053,0.0000018
16278,0.0019307,0.0000053,0.0000018
16279,0.0019303,0.0000053,0.0000018
16280,0.0019299,0.0000053,0.0000018
16281,0.0019295,0.0000053,0.0000018
16282,0.0019291,0.0000053,0.0000018
16283,0.0019287,0.0000053,0.0000018
16284,0.0019283,0.0000053,0.0000018
16285,0.0019279,0.0000053,0.0000018
16286,0.0019275,0.0000053,0.0000018
16287,0.0019271,0.0000053,0.0000018
16288,0.0019267,0.0000053,0.0000018
16289,0.0019263,0.0000053,0.0000018
16290,0.0019259,0.0000053,0.0000018
16291,0.0019255,0.0000053,0.0000018
16292,0.0019251,0.0000053,0.0000018
16293,0.0019248,0.0000053,0.0000018
16294,0.0019244,0.0000053,0.0000018
16295,0.0019240,0.0000053,0.0000018
16296,0.0019236,0.0000053,0.0000018
16297,0.0019232,0.0000053,0.0000018
16298,0.0019228,0.0000053,0.0000018
16299,0.0019224,0.0000053,0.0000018
16300,0.0019220,0.0000053,0.0000018
16301,0.0019216,0.0000053,0.0000018
16302,0.0019212,0.0000053,0.0000018
16303,0.0019208,0.0000053,0.0000018
16304,0.0019204,0.0000053,0.0000018
16305,0.0019200,0.0000053,0.0000018
16306,0.0019197,0.0000053,0.0000018
16307,0.0019193,0.0000053,0.0000018
16308,0.0019189,0.0000053,0.0000018
16309,0.0019185,0.0000053,0.0000018
16310,0.0019181,0.0000053,0.0000018
16311,0.0019177,0.0000053,0.0000018
16312,0.0019173,0.0000053,0.0000018
16313,0.0019169,0.0000053,0.0000018
16314,0.0019165,0.0000053,0.0000018
16315,0.0019161,0.0000053,0.0000018
16316,0.0019157,0.0000053,0.0000018
16317,0.0019153,0.0000053,0.0000018
16318,0.0019150,0.0000053,0.0000018
16319,0.0019146,0.0000053,0.0000018
16320,0.0019142,0.0000053,0.0000018
16321,0.0019138,0.0000052,0.0000018
16322,0.0019134,0.0000052,0.0000018
16323,0.0019130,0.0000052,0.0000018
16324,0.0019126,0.0000052,0.0000018
16325,0.0019122,0.0000052,0.0000018
16326,0.0019118,0.0000052,0.0000018
16327,0.0019114,0.0000052,0.0000018
16328,0.0019111,0.0000052,0.0000018
16329,0.0019107,0.0000052,0.0000018
16330,0.0019103,0.0000052,0.0000018
16331,0.0019099,0.0000052,0.0000018
16332,0.0019095,0.0000052,0.0000018
16333,0.0019091,0.0000052,0.0000018
16334,0.0019087,0.0000052,0.0000018
16335,0.0019083,0.0000052,0.0000018
16336,0.0019079,0.0000052,0.0000018
16337,0.0019076,0.0000052,0.0000018
16338,0.0019072,0.0000052,0.0000018
16339,0.0019068,0.0000052,0.0000018
16340,0.0019064,0.0000052,0.0000018
16341,0.0019060,0.0000052,0.0000018
16342,0.0019056,0.0000052,0.0000018
16343,0.0019052,0.0000052,0.0000018
16344,0.0019048,0.0000052,0.0000018
16345,0.0019044,0.0000052,0.0000018
16346,0.0019041,0.0000052,0.0000018
16347,0.0019037,0.0000052,0.0000018
16348,0.0019033,0.0000052,0.0000018
16349,0.0019029,0.0000052,0.0000018
16350,0.0019025,0.0000052,0.0000018
16351,0.0019021,0.0000052,0.0000018
16352,0.0019017,0.0000052,0.0000018
16353,0.0019013,0.0000052,0.0000018
16354,0.0019010,0.0000052,0.0000018
16355,0.0019006,0.0000052,0.0000018
16356,0.0019002,0.0000052,0.0000018
16357,0.0018998,0.0000052,0.0000018
16358,0.0018994,0.0000052,0.0000018
16359,0.0018990,0.0000052,0.0000018
16360,0.0018986,0.0000052,0.0000018
16361,0.0018982,0.0000052,0.0000018
16362,0.0018979,0.0000052,0.0000018
16363,0.0018975,0.0000052,0.0000018
16364,0.0018971,0.0000052,0.0000017
16365,0.0018967,0.0000052,0.0000017
16366,0.0018963,0.0000052,0.0000017
16367,0.0018959,0.0000052,0.0000017
16368,0.0018955,0.0000052,0.0000017
16369,0.0018952,0.0000052,0.0000017
16370,0.0018948,0.0000052,0.0000017
16371,0.0018944,0.0000052,0.0000017
16372,0.0018940,0.0000052,0.0000017
16373,0.0018936,0.0000052,0.0000017
16374,0.0018932,0.0000052,0.0000017
16375,0.0018928,0.0000052,0.0000017
16376,0.0018925,0.0000052,0.0000017
16377,0.0018921,0.0000052,0.0000017
16378,0.0018917,0.0000052,0.0000017
16379,0.0018913,0.0000052,0.0000017
16380,0.0018909,0.0000052,0.0000017
16381,0.0018905,0.0000052,0.0000017
16382,0.0018901,0.0000052,0.0000017
16383,0.0018898,0.0000052,0.0000017
16384,0.0018894,0.0000052,0.0000017
16385,0.0018890,0.0000052,0.0000017
16386,0.0018886,0.0000052,0.0000017
16387,0.0018882,0.0000052,0.0000017
16388,0.0018878,0.0000052,0.0000017
16389,0.0018874,0.0000052,0.0000017
16390,0.0018871,0.0000052,0.0000017
16391,0.0018867,0.0000052,0.0000017
16392,0.0018863,0.0000052,0.0000017
16393,0.0018859,0.0000052,0.0000017
16394,0.0018855,0.0000052,0.0000017
16395,0.0018851,0.0000052,0.0000017
16396,0.0018848,0.0000052,0.0000017
16397,0.0018844,0.0000052,0.0000017
16398,0.0018840,0.0000052,0.0000017
16399,0.0018836,0.0000052,0.0000017
16400,0.0018832,0.0000052,0.0000017
16401,0.0018828,0.0000052,0.0000017
16402,0.0018825,0.0000052,0.0000017
16403,0.0018821,0.0000051,0.0000017
16404,0.0018817,0.0000051,0.0000017
16405,0.0018813,0.0000051,0.0000017
16406,0.0018809,0.0000051,0.0000017
16407,0.0018805,0.0000051,0.0000017
16408,0.0018802,0.0000051,0.0000017
16409,0.0018798,0.0000051,0.0000017
16410,0.0018794,0.0000051,0.0000017
16411,0.0018790,0.0000051,0.0000017
16412,0.0018786,0.0000051,0.0000017
16413,0.0018783,0.0000051,0.0000017
16414,0.0018779,0.0000051,0.0000017
16415,0.0018775,0.0000051,0.0000017
16416,0.0018771,0.0000051,0.0000017
16417,0.0018767,0.0000051,0.0000017
16418,0.0018763,0.0000051,0.0000017
16419,0.0018760,0.0000051,0.0000017
16420,0.0018756,0.0000051,0.0000017
16421,0.0018752,0.0000051,0.0000017
16422,0.0018748,0.0000051,0.0000017
16423,0.0018744,0.0000051,0.0000017
16424,0.0018741,0.0000051,0.0000017
16425,0.0018737,0.0000051,0.0000017
16426,0.0018733,0.0000051,0.0000017
16427,0.0018729,0.0000051,0.0000017
16428,0.0018725,0.0000051,0.0000017
16429,0.0018721,0.0000051,0.0000017
16430,0.0018718,0.0000051,0.0000017
16431,0.0018714,0.0000051,0.0000017
16432,0.0018710,0.0000051,0.0000017
16433,0.0018706,0.0000051,0.0000017
16434,0.0018702,0.0000051,0.0000017
16435,0.0018699,0.0000051,0.0000017
16436,0.0018695,0.0000051,0.0000017
16437,0.0018691,0.0000051,0.0000017
16438,0.0018687,0.0000051,0.0000017
16439,0.0018683,0.0000051,0.0000017
16440,0.0018680,0.0000051,0.0000017
16441,0.0018676,0.0000051,0.0000017
16442,0.0018672,0.0000051,0.0000017
16443,0.0018668,0.0000051,0.0000017
16444,0.0018664,0.0000051,0.0000017
16445,0.0018661,0.0000051,0.0000017
16446,0.0018657,0.0000051,0.0000017
16447,0.0018653,0.0000051,0.0000017
16448,0.0018649,0.0000051,0.0000017
16449,0.0018646,0.0000051,0.0000017
16450,0.0018642,0.0000051,0.0000017
16451,0.0018638,0.0000051,0.0000017
16452,0.0018634,0.0000051,0.0000017
16453,0.0018630,0.0000051,0.0000017
16454,0.0018627,0.0000051,0.0000017
16455,0.0018623,0.0000051,0.0000017
16456,0.0018619,0.0000051,0.0000017
16457,0.0018615,0.0000051,0.0000017
16458,0.0018611,0.0000051,0.0000017
16459,0.0018608,0.0000051,0.0000017
16460,0.0018604,0.0000051,0.0000017
16461,0.0018600,0.0000051,0.0000017
16462,0.0018596,0.0000051,0.0000017
16463,0.0018593,0.0000051,0.0000017
16464,0.0018589,0.0000051,0.0000017
16465,0.0018585,0.0000051,0.0000017
16466,0.0018581,0.0000051,0.0000017
16467,0.0018577,0.0000051,0.0000017
16468,0.0018574,0.0000051,0.0000017
16469,0.0018570,0.0000051,0.0000017
16470,0.0018566,0.0000051,0.0000017
16471,0.0018562,0.0000051,0.0000017
16472,0.0018559,0.0000051,0.0000017
16473,0.0018555,0.0000051,0.0000017
16474,0.0018551,0.0000051,0.0000017
16475,0.0018547,0.0000051,0.0000017
16476,0.0018544,0.0000051,0.0000017
16477,0.0018540,0.0000051,0.0000017
16478,0.0018536,0.0000051,0.0000017
16479,0.0018532,0.0000051,0.0000017
16480,0.0018528,0.0000051,0.0000017
16481,0.0018525,0.0000051,0.0000017
16482,0.0018521,0.0000051,0.0000017
16483,0.0018517,0.0000051,0.0000017
16484,0.0018513,0.0000051,0.0000017
16485,0.0018510,0.0000051,0.0000017
16486,0.0018506,0.0000051,0.0000017
16487,0.0018502,0.0000050,0.0000017
16488,0.0018498,0.0000050,0.0000017
16489,0.0018495,0.0000050,0.0000017
16490,0.0018491,0.0000050,0.0000017
16491,0.0018487,0.0000050,0.0000017
16492,0.0018483,0.0000050,0.0000017
16493,0.0018480,0.0000050,0.0000017
16494,0.0018476,0.0000050,0.0000017
16495,0.0018472,0.0000050,0.0000017
16496,0.0018468,0.0000050,0.0000017
16497,0.0018465,0.0000050,0.0000017
16498,0.0018461,0.0000050,0.0000017
16499,0.0018457,0.0000050,0.0000017
16500,0.0018453,0.0000050,0.0000017
16501,0.0018450,0.0000050,0.0000017
16502,0.0018446,0.0000050,0.0000017
16503,0.0018442,0.0000050,0.0000017
16504,0.0018438,0.0000050,0.0000017
16505,0.0018435,0.0000050,0.0000017
16506,0.0018431,0.0000050,0.0000017
16507,0.0018427,0.0000050,0.0000017
16508,0.0018423,0.0000050,0.0000017
16509,0.0018420,0.0000050,0.0000017
16510,0.0018416,0.0000050,0.0000017
16511,0.0018412,0.0000050,0.0000017
16512,0.0018409,0.0000050,0.0000017
16513,0.0018405,0.0000050,0.0000017
16514,0.0018401,0.0000050,0.0000017
16515,0.0018397,0.0000050,0.0000017
16516,0.0018394,0.0000050,0.0000017
16517,0.0018390,0.0000050,0.0000017
16518,0.0018386,0.0000050,0.0000017
16519,0.0018382,0.0000050,0.0000017
16520,0.0018379,0.0000050,0.0000017
16521,0.0018375,0.0000050,0.0000017
16522,0.0018371,0.0000050,0.0000017
16523,0.0018368,0.0000050,0.0000017
16524,0.0018364,0.0000050,0.0000017
16525,0.0018360,0.0000050,0.0000017
16526,0.0018356,0.0000050,0.0000017
16527,0.0018353,0.0000050,0.0000017
16528,0.0018349,0.0000050,0.0000017
16529,0.0018345,0.0000050,0.0000017
16530,0.0018341,0.0000050,0.0000017
16531,0.0018338,0.0000050,0.0000017
16532,0.0018334,0.0000050,0.0000017
16533,0.0018330,0.0000050,0.0000017
16534,0.0018327,0.0000050,0.0000017
16535,0.0018323,0.0000050,0.0000017
16536,0.0018319,0.0000050,0.0000017
16537,0.0018315,0.0000050,0.0000017
16538,0.0018312,0.0000050,0.0000017
16539,0.0018308,0.0000050,0.0000017
16540,0.0018304,0.0000050,0.0000017
16541,0.0018301,0.0000050,0.0000017
16542,0.0018297,0.0000050,0.0000017
16543,0.0018293,0.0000050,0.0000017
16544,0.0018289,0.0000050,0.0000017
16545,0.0018286,0.0000050,0.0000017
16546,0.0018282,0.0000050,0.0000017
16547,0.0018278,0.0000050,0.0000017
16548,0.0018275,0.0000050,0.0000017
16549,0.0018271,0.0000050,0.0000017
16550,0.0018267,0.0000050,0.0000017
16551,0.0018264,0.0000050,0.0000017
16552,0.0018260,0.0000050,0.0000017
16553,0.0018256,0.0000050,0.0000017
16554,0.0018252,0.0000050,0.0000017
16555,0.0018249,0.0000050,0.0000017
16556,0.0018245,0.0000050,0.0000017
16557,0.0018241,0.0000050,0.0000017
16558,0.0018238,0.0000050,0.0000017
16559,0.0018234,0.0000050,0.0000017
16560,0.0018230,0.0000050,0.0000017
16561,0.0018227,0.0000050,0.0000017
16562,0.0018223,0.0000050,0.0000017
16563,0.0018219,0.0000050,0.0000017
16564,0.0018216,0.0000050,0.0000017
16565,0.0018212,0.0000050,0.0000017
16566,0.0018208,0.0000050,0.0000017
16567,0.0018204,0.0000050,0.0000017
16568,0.0018201,0.0000050,0.0000017
16569,0.0018197,0.0000050,0.0000017
16570,0.0018193,0.0000050,0.0000017
16571,0.0018190,0.0000050,0.0000017
16572,0.0018186,0.0000049,0.0000017
16573,0.0018182,0.0000049,0.0000017
16574,0.0018179,0.0000049,0.0000017
16575,0.0018175,0.0000049,0.0000017
16576,0.0018171,0.0000049,0.0000017
16577,0.0018168,0.0000049,0.0000017
16578,0.0018164,0.0000049,0.0000017
16579,0.0018160,0.0000049,0.0000017
16580,0.0018157,0.0000049,0.0000017
16581,0.0018153,0.0000049,0.0000017
16582,0.0018149,0.0000049,0.0000017
16583,0.0018146,0.0000049,0.0000017
16584,0.0018142,0.0000049,0.0000017
16585,0.0018138,0.0000049,0.0000017
16586,0.0018135,0.0000049,0.0000017
16587,0.0018131,0.0000049,0.0000017
16588,0.0018127,0.0000049,0.0000017
16589,0.0018124,0.0000049,0.0000017
16590,0.0018120,0.0000049,0.0000017
16591,0.0018116,0.0000049,0.0000017
16592,0.0018113,0.0000049,0.0000017
16593,0.0018109,0.0000049,0.0000017
16594,0.0018105,0.0000049,0.0000017
16595,0.0018102,0.0000049,0.0000017
16596,0.0018098,0.0000049,0.0000017
16597,0.0018094,0.0000049,0.0000017
16598,0.0018091,0.0000049,0.0000017
16599,0.0018087,0.0000049,0.0000017
16600,0.0018083,0.0000049,0.0000017
16601,0.0018080,0.0000049,0.0000017
16602,0.0018076,0.0000049,0.0000017
16603,0.0018072,0.0000049,0.0000017
16604,0.0018069,0.0000049,0.0000017
16605,0.0018065,0.0000049,0.0000017
16606,0.0018061,0.0000049,0.0000017
16607,0.0018058,0.0000049,0.0000016
16608,0.0018054,0.0000049,0.0000016
16609,0.0018050,0.0000049,0.0000016
16610,0.0018047,0.0000049,0.0000016
16611,0.0018043,0.0000049,0.0000016
16612,0.0018039,0.0000049,0.0000016
16613,0.0018036,0.0000049,0.0000016
16614,0.0018032,0.0000049,0.0000016
16615,0.0018028,0.0000049,0.0000016
16616,0.0018025,0.0000049,0.0000016
16617,0.0018021,0.0000049,0.0000016
16618,0.0018018,0.0000049,0.0000016
16619,0.0018014,0.0000049,0.0000016
16620,0.0018010,0.0000049,0.0000016
16621,0.0018007,0.0000049,0.0000016
16622,0.0018003,0.0000049,0.0000016
16623,0.0017999,0.0000049,0.0000016
16624,0.0017996,0.0000049,0.0000016
16625,0.0017992,0.0000049,0.0000016
16626,0.0017988,0.0000049,0.0000016
16627,0.0017985,0.0000049,0.0000016
16628,0.0017981,0.0000049,0.0000016
16629,0.0017978,0.0000049,0.0000016
16630,0.0017974,0.0000049,0.0000016
16631,0.0017970,0.0000049,0.0000016
16632,0.0017967,0.0000049,0.0000016
16633,0.0017963,0.0000049,0.0000016
16634,0.0017959,0.0000049,0.0000016
16635,0.0017956,0.0000049,0.0000016
16636,0.0017952,0.0000049,0.0000016
16637,0.0017948,0.0000049,0.0000016
16638,0.0017945,0.0000049,0.0000016
16639,0.0017941,0.0000049,0.0000016
16640,0.0017938,0.0000049,0.0000016
16641,0.0017934,0.0000049,0.0000016
16642,0.0017930,0.0000049,0.0000016
16643,0.0017927,0.0000049,0.0000016
16644,0.0017923,0.0000049,0.0000016
16645,0.0017920,0.0000049,0.0000016
16646,0.0017916,0.0000049,0.0000016
16647,0.0017912,0.0000049,0.0000016
16648,0.0017909,0.0000049,0.0000016
16649,0.0017905,0.0000049,0.0000016
16650,0.0017901,0.0000049,0.0000016
16651,0.0017898,0.0000049,0.0000016
16652,0.0017894,0.0000049,0.0000016
16653,0.0017891,0.0000049,0.0000016
16654,0.0017887,0.0000049,0.0000016
16655,0.0017883,0.0000049,0.0000016
16656,0.0017880,0.0000049,0.0000016
16657,0.0017876,0.0000049,0.0000016
16658,0.0017873,0.0000049,0.0000016
16659,0.0017869,0.0000049,0.0000016
16660,0.0017865,0.0000048,0.0000016
16661,0.0017862,0.0000048,0.0000016
16662,0.0017858,0.0000048,0.0000016
16663,0.0017854,0.0000048,0.0000016
16664,0.0017851,0.0000048,0.0000016
16665,0.0017847,0.0000048,0.0000016
16666,0.0017844,0.0000048,0.0000016
16667,0.0017840,0.0000048,0.0000016
16668,0.0017836,0.0000048,0.0000016
16669,0.0017833,0.0000048,0.0000016
16670,0.0017829,0.0000048,0.0000016
16671,0.0017826,0.0000048,0.0000016
16672,0.0017822,0.0000048,0.0000016
16673,0.0017818,0.0000048,0.0000016
16674,0.0017815,0.0000048,0.0000016
16675,0.0017811,0.0000048,0.0000016
16676,0.0017808,0.0000048,0.0000016
16677,0.0017804,0.0000048,0.0000016
16678,0.0017800,0.0000048,0.0000016
16679,0.0017797,0.0000048,0.0000016
16680,0.0017793,0.0000048,0.0000016
16681,0.0017790,0.0000048,0.0000016
16682,0.0017786,0.0000048,0.0000016
16683,0.0017783,0.0000048,0.0000016
16684,0.0017779,0.0000048,0.0000016
16685,0.0017775,0.0000048,0.0000016
16686,0.0017772,0.0000048,0.0000016
16687,0.0017768,0.0000048,0.0000016
16688,0.0017765,0.0000048,0.0000016
16689,0.0017761,0.0000048,0.0000016
16690,0.0017757,0.0000048,0.0000016
16691,0.0017754,0.0000048,0.0000016
16692,0.0017750,0.0000048,0.0000016
16693,0.0017747,0.0000048,0.0000016
16694,0.0017743,0.0000048,0.0000016
16695,0.0017740,0.0000048,0.0000016
16696,0.0017736,0.0000048,0.0000016
16697,0.0017732,0.0000048,0.0000016
16698,0.0017729,0.0000048,0.0000016
16699,0.0017725,0.0000048,0.0000016
16700,0.0017722,0.0000048,0.0000016
16701,0.0017718,0.0000048,0.0000016
16702,0.0017714,0.0000048,0.0000016
16703,0.0017711,0.0000048,0.0000016
16704,0.0017707,0.0000048,0.0000016
16705,0.0017704,0.0000048,0.0000016
16706,0.0017700,0.0000048,0.0000016
16707,0.0017697,0.0000048,0.0000016
16708,0.0017693,0.0000048,0.0000016
16709,0.0017689,0.0000048,0.0000016
16710,0.0017686,0.0000048,0.0000016
16711,0.0017682,0.0000048,0.0000016
16712,0.0017679,0.0000048,0.0000016
16713,0.0017675,0.0000048,0.0000016
16714,0.0017672,0.0000048,0.0000016
16715,0.0017668,0.0000048,0.0000016
16716,0.0017665,0.0000048,0.0000016
16717,0.0017661,0.0000048,0.0000016
16718,0.0017657,0.0000048,0.0000016
16719,0.0017654,0.0000048,0.0000016
16720,0.0017650,0.0000048,0.0000016
16721,0.0017647,0.0000048,0.0000016
16722,0.0017643,0.0000048,0.0000016
16723,0.0017640,0.0000048,0.0000016
16724,0.0017636,0.0000048,0.0000016
16725,0.0017633,0.0000048,0.0000016
16726,0.0017629,0.0000048,0.0000016
16727,0.0017625,0.0000048,0.0000016
16728,0.0017622,0.0000048,0.0000016
16729,0.0017618,0.0000048,0.0000016
16730,0.0017615,0.0000048,0.0000016
16731,0.0017611,0.0000048,0.0000016
16732,0.0017608,0.0000048,0.0000016
16733,0.0017604,0.0000048,0.0000016
16734,0.0017601,0.0000048,0.0000016
16735,0.0017597,0.0000048,0.0000016
16736,0.0017593,0.0000048,0.0000016
16737,0.0017590,0.0000048,0.0000016
16738,0.0017586,0.0000048,0.0000016
16739,0.0017583,0.0000048,0.0000016
16740,0.0017579,0.0000048,0.0000016
16741,0.0017576,0.0000048,0.0000016
16742,0.0017572,0.0000048,0.0000016
16743,0.0017569,0.0000048,0.0000016
16744,0.0017565,0.0000048,0.0000016
16745,0.0017562,0.0000048,0.0000016
16746,0.0017558,0.0000048,0.0000016
16747,0.0017555,0.0000048,0.0000016
16748,0.0017551,0.0000048,0.0000016
16749,0.0017547,0.0000048,0.0000016
16750,0.0017544,0.0000047,0.0000016
16751,0.0017540,0.0000047,0.0000016
16752,0.0017537,0.0000047,0.0000016
16753,0.0017533,0.0000047,0.0000016
16754,0.0017530,0.0000047,0.0000016
16755,0.0017526,0.0000047,0.0000016
16756,0.0017523,0.0000047,0.0000016
16757,0.0017519,0.0000047,0.0000016
16758,0.0017516,0.0000047,0.0000016
16759,0.0017512,0.0000047,0.0000016
16760,0.0017509,0.0000047,0.0000016
16761,0.0017505,0.0000047,0.0000016
16762,0.0017502,0.0000047,0.0000016
16763,0.0017498,0.0000047,0.0000016
16764,0.0017495,0.0000047,0.0000016
16765,0.0017491,0.0000047,0.0000016
16766,0.0017487,0.0000047,0.0000016
16767,0.0017484,0.0000047,0.0000016
16768,0.0017480,0.0000047,0.0000016
16769,0.0017477,0.0000047,0.0000016
16770,0.0017473,0.0000047,0.0000016
16771,0.0017470,0.0000047,0.0000016
16772,0.0017466,0.0000047,0.0000016
16773,0.0017463,0.0000047,0.0000016
16774,0.0017459,0.0000047,0.0000016
16775,0.0017456,0.0000047,0.0000016
16776,0.0017452,0.0000047,0.0000016
16777,0.0017449,0.0000047,0.0000016
16778,0.0017445,0.0000047,0.0000016
16779,0.0017442,0.0000047,0.0000016
16780,0.0017438,0.0000047,0.0000016
16781,0.0017435,0.0000047,0.0000016
16782,0.0017431,0.0000047,0.0000016
16783,0.0017428,0.0000047,0.0000016
16784,0.0017424,0.0000047,0.0000016
16785,0.0017421,0.0000047,0.0000016
16786,0.0017417,0.0000047,0.0000016
16787,0.0017414,0.0000047,0.0000016
16788,0.0017410,0.0000047,0.0000016
16789,0.0017407,0.0000047,0.0000016
16790,0.0017403,0.0000047,0.0000016
16791,0.0017400,0.0000047,0.0000016
16792,0.0017396,0.0000047,0.0000016
16793,0.0017393,0.0000047,0.0000016
16794,0.0017389,0.0000047,0.0000016
16795,0.0017386,0.0000047,0.0000016
16796,0.0017382,0.0000047,0.0000016
16797,0.0017379,0.0000047,0.0000016
16798,0.0017375,0.0000047,0.0000016
16799,0.0017372,0.0000047,0.0000016
16800,0.0017368,0.0000047,0.0000016
16801,0.0017365,0.0000047,0.0000016
16802,0.0017361,0.0000047,0.0000016
16803,0.0017358,0.0000047,0.0000016
16804,0.0017354,0.0000047,0.0000016
16805,0.0017351,0.0000047,0.0000016
16806,0.0017347,0.0000047,0.0000016
16807,0.0017344,0.0000047,0.0000016
16808,0.0017340,0.0000047,0.0000016
16809,0.0017337,0.0000047,0.0000016
16810,0.0017333,0.0000047,0.0000016
16811,0.0017330,0.0000047,0.0000016
16812,0.0017326,0.0000047,0.0000016
16813,0.0017323,0.0000047,0.0000016
16814,0.0017319,0.0000047,0.0000016
16815,0.0017316,0.0000047,0.0000016
16816,0.0017312,0.0000047,0.0000016
16817,0.0017309,0.0000047,0.0000016
16818,0.0017306,0.0000047,0.0000016
16819,0.0017302,0.0000047,0.0000016
16820,0.0017299,0.0000047,0.0000016
16821,0.0017295,0.0000047,0.0000016
16822,0.0017292,0.0000047,0.0000016
16823,0.0017288,0.0000047,0.0000016
16824,0.0017285,0.0000047,0.0000016
16825,0.0017281,0.0000047,0.0000016
16826,0.0017278,0.0000047,0.0000016
16827,0.0017274,0.0000047,0.0000016
16828,0.0017271,0.0000047,0.0000016
16829,0.0017267,0.0000047,0.0000016
16830,0.0017264,0.0000047,0.0000016
16831,0.0017260,0.0000047,0.0000016
16832,0.0017257,0.0000047,0.0000016
16833,0.0017253,0.0000047,0.0000016
16834,0.0017250,0.0000047,0.0000016
16835,0.0017246,0.0000047,0.0000016
16836,0.0017243,0.0000047,0.0000016
16837,0.0017240,0.0000047,0.0000016
16838,0.0017236,0.0000047,0.0000016
16839,0.0017233,0.0000047,0.0000016
16840,0.0017229,0.0000047,0.0000016
16841,0.0017226,0.0000047,0.0000016
16842,0.0017222,0.0000046,0.0000016
16843,0.0017219,0.0000046,0.0000016
16844,0.0017215,0.0000046,0.0000016
16845,0.0017212,0.0000046,0.0000016
16846,0.0017208,0.0000046,0.0000016
16847,0.0017205,0.0000046,0.0000016
16848,0.0017201,0.0000046,0.0000016
16849,0.0017198,0.0000046,0.0000016
16850,0.0017195,0.0000046,0.0000016
16851,0.0017191,0.0000046,0.0000016
16852,0.0017188,0.0000046,0.0000016
16853,0.0017184,0.0000046,0.0000016
16854,0.0017181,0.0000046,0.0000016
16855,0.0017177,0.0000046,0.0000016
16856,0.0017174,0.0000046,0.0000016
16857,0.0017170,0.0000046,0.0000016
16858,0.0017167,0.0000046,0.0000016
16859,0.0017164,0.0000046,0.0000016
16860,0.0017160,0.0000046,0.0000016
16861,0.0017157,0.0000046,0.0000016
16862,0.0017153,0.0000046,0.0000016
16863,0.0017150,0.0000046,0.0000016
16864,0.0017146,0.0000046,0.0000016
16865,0.0017143,0.0000046,0.0000016
16866,0.0017139,0.0000046,0.0000016
16867,0.0017136,0.0000046,0.0000015
16868,0.0017133,0.0000046,0.0000015
16869,0.0017129,0.0000046,0.0000015
16870,0.0017126,0.0000046,0.0000015
16871,0.0017122,0.0000046,0.0000015
16872,0.0017119,0.0000046,0.0000015
16873,0.0017115,0.0000046,0.0000015
16874,0.0017112,0.0000046,0.0000015
16875,0.0017108,0.0000046,0.0000015
16876,0.0017105,0.0000046,0.0000015
16877,0.0017102,0.0000046,0.0000015
16878,0.0017098,0.0000046,0.0000015
16879,0.0017095,0.0000046,0.0000015
16880,0.0017091,0.0000046,0.0000015
16881,0.0017088,0.0000046,0.0000015
16882,0.0017084,0.0000046,0.0000015
16883,0.0017081,0.0000046,0.0000015
16884,0.0017078,0.0000046,0.0000015
16885,0.0017074,0.0000046,0.0000015
16886,0.0017071,0.0000046,0.0000015
16887,0.0017067,0.0000046,0.0000015
16888,0.0017064,0.0000046,0.0000015
16889,0.0017061,0.0000046,0.0000015
16890,0.0017057,0.0000046,0.0000015
16891,0.0017054,0.0000046,0.0000015
16892,0.0017050,0.0000046,0.0000015
16893,0.0017047,0.0000046,0.0000015
16894,0.0017043,0.0000046,0.0000015
16895,0.0017040,0.0000046,0.0000015
16896,0.0017037,0.0000046,0.0000015
16897,0.0017033,0.0000046,0.0000015
16898,0.0017030,0.0000046,0.0000015
16899,0.0017026,0.0000046,0.0000015
16900,0.0017023,0.0000046,0.0000015
16901,0.0017019,0.0000046,0.0000015
16902,0.0017016,0.0000046,0.0000015
16903,0.0017013,0.0000046,0.0000015
16904,0.0017009,0.0000046,0.0000015
16905,0.0017006,0.0000046,0.0000015
16906,0.0017002,0.0000046,0.0000015
16907,0.0016999,0.0000046,0.0000015
16908,0.0016996,0.0000046,0.0000015
16909,0.0016992,0.0000046,0.0000015
16910,0.0016989,0.0000046,0.0000015
16911,0.0016985,0.0000046,0.0000015
16912,0.0016982,0.0000046,0.0000015
16913,0.0016979,0.0000046,0.0000015
16914,0.0016975,0.0000046,0.0000015
16915,0.0016972,0.0000046,0.0000015
16916,0.0016968,0.0000046,0.0000015
16917,0.0016965,0.0000046,0.0000015
16918,0.0016962,0.0000046,0.0000015
16919,0.0016958,0.0000046,0.0000015
16920,0.0016955,0.0000046,0.0000015
16921,0.0016951,0.0000046,0.0000015
16922,0.0016948,0.0000046,0.0000015
16923,0.0016945,0.0000046,0.0000015
16924,0.0016941,0.0000046,0.0000015
16925,0.0016938,0.0000046,0.0000015
16926,0.0016934,0.0000046,0.0000015
16927,0.0016931,0.0000046,0.0000015
16928,0.0016928,0.0000046,0.0000015
16929,0.0016924,0.0000046,0.0000015
16930,0.0016921,0.0000046,0.0000015
16931,0.0016917,0.0000046,0.0000015
16932,0.0016914,0.0000046,0.0000015
16933,0.0016911,0.0000046,0.0000015
16934,0.0016907,0.0000046,0.0000015
16935,0.0016904,0.0000046,0.0000015
16936,0.0016901,0.0000045,0.0000015
16937,0.0016897,0.0000045,0.0000015
16938,0.0016894,0.0000045,0.0000015
16939,0.0016890,0.0000045,0.0000015
16940,0.0016887,0.0000045,0.0000015
16941,0.0016884,0.0000045,0.0000015
16942,0.0016880,0.0000045,0.0000015
16943,0.0016877,0.0000045,0.0000015
16944,0.0016873,0.0000045,0.0000015
16945,0.0016870,0.0000045,0.0000015
16946,0.0016867,0.0000045,0.0000015
16947,0.0016863,0.0000045,0.0000015
16948,0.0016860,0.0000045,0.0000015
16949,0.0016857,0.0000045,0.0000015
16950,0.0016853,0.0000045,0.0000015
16951,0.0016850,0.0000045,0.0000015
16952,0.0016846,0.0000045,0.0000015
16953,0.0016843,0.0000045,0.0000015
16954,0.0016840,0.0000045,0.0000015
16955,0.0016836,0.0000045,0.0000015
16956,0.0016833,0.0000045,0.0000015
16957,0.0016830,0.0000045,0.0000015
16958,0.0016826,0.0000045,0.0000015
16959,0.0016823,0.0000045,0.0000015
16960,0.0016819,0.0000045,0.0000015
16961,0.0016816,0.0000045,0.0000015
16962,0.0016813,0.0000045,0.0000015
16963,0.0016809,0.0000045,0.0000015
16964,0.0016806,0.0000045,0.0000015
16965,0.0016803,0.0000045,0.0000015
16966,0.0016799,0.0000045,0.0000015
16967,0.0016796,0.0000045,0.0000015
16968,0.0016793,0.0000045,0.0000015
16969,0.0016789,0.0000045,0.0000015
16970,0.0016786,0.0000045,0.0000015
16971,0.0016782,0.0000045,0.0000015
16972,0.0016779,0.0000045,0.0000015
16973,0.0016776,0.0000045,0.0000015
16974,0.0016772,0.0000045,0.0000015
16975,0.0016769,0.0000045,0.0000015
16976,0.0016766,0.0000045,0.0000015
16977,0.0016762,0.0000045,0.0000015
16978,0.0016759,0.0000045,0.0000015
16979,0.0016756,0.0000045,0.0000015
16980,0.0016752,0.0000045,0.0000015
16981,0.0016749,0.0000045,0.0000015
16982,0.0016746,0.0000045,0.0000015
16983,0.0016742,0.0000045,0.0000015
16984,0.0016739,0.0000045,0.0000015
16985,0.0016736,0.0000045,0.0000015
16986,0.0016732,0.0000045,0.0000015
16987,0.0016729,0.0000045,0.0000015
16988,0.0016725,0.0000045,0.0000015
16989,0.0016722,0.0000045,0.0000015
16990,0.0016719,0.0000045,0.0000015
16991,0.0016715,0.0000045,0.0000015
16992,0.0016712,0.0000045,0.0000015
16993,0.0016709,0.0000045,0.0000015
16994,0.0016705,0.0000045,0.0000015
16995,0.0016702,0.0000045,0.0000015
16996,0.0016699,0.0000045,0.0000015
16997,0.0016695,0.0000045,0.0000015
16998,0.0016692,0.0000045,0.0000015
16999,0.0016689,0.0000045,0.0000015
17000,0.0016685,0.0000045,0.0000015
17001,0.0016682,0.0000045,0.0000015
17002,0.0016679,0.0000045,0.0000015
17003,0.0016675,0.0000045,0.0000015
17004,0.0016672,0.0000045,0.0000015
17005,0.0016669,0.0000045,0.0000015
17006,0.0016665,0.0000045,0.0000015
17007,0.0016662,0.0000045,0.0000015
17008,0.0016659,0.0000045,0.0000015
17009,0.0016655,0.0000045,0.0000015
17010,0.0016652,0.0000045,0.0000015
17011,0.0016649,0.0000045,0.0000015
17012,0.0016645,0.0000045,0.0000015
17013,0.0016642,0.0000045,0.0000015
17014,0.0016639,0.0000045,0.0000015
17015,0.0016635,0.0000045,0.0000015
17016,0.0016632,0.0000045,0.0000015
17017,0.0016629,0.0000045,0.0000015
17018,0.0016625,0.0000045,0.0000015
17019,0.0016622,0.0000045,0.0000015
17020,0.0016619,0.0000045,0.0000015
17021,0.0016615,0.0000045,0.0000015
17022,0.0016612,0.0000045,0.0000015
17023,0.0016609,0.0000045,0.0000015
17024,0.0016606,0.0000045,0.0000015
17025,0.0016602,0.0000045,0.0000015
17026,0.0016599,0.0000045,0.0000015
17027,0.0016596,0.0000045,0.0000015
17028,0.0016592,0.0000045,0.0000015
17029,0.0016589,0.0000045,0.0000015
17030,0.0016586,0.0000045,0.0000015
17031,0.0016582,0.0000045,0.0000015
17032,0.0016579,0.0000044,0.0000015
17033,0.0016576,0.0000044,0.0000015
17034,0.0016572,0.0000044,0.0000015
17035,0.0016569,0.0000044,0.0000015
17036,0.0016566,0.0000044,0.0000015
17037,0.0016562,0.0000044,0.0000015
17038,0.0016559,0.0000044,0.0000015
17039,0.0016556,0.0000044,0.0000015
17040,0.0016553,0.0000044,0.0000015
17041,0.0016549,0.0000044,0.0000015
17042,0.0016546,0.0000044,0.0000015
17043,0.0016543,0.0000044,0.0000015
17044,0.0016539,0.0000044,0.0000015
17045,0.0016536,0.0000044,0.0000015
17046,0.0016533,0.0000044,0.0000015
17047,0.0016529,0.0000044,0.0000015
17048,0.0016526,0.0000044,0.0000015
17049,0.0016523,0.0000044,0.0000015
17050,0.0016519,0.0000044,0.0000015
17051,0.0016516,0.0000044,0.0000015
17052,0.0016513,0.0000044,0.0000015
17053,0.0016510,0.0000044,0.0000015
17054,0.0016506,0.0000044,0.0000015
17055,0.0016503,0.0000044,0.0000015
17056,0.0016500,0.0000044,0.0000015
17057,0.0016496,0.0000044,0.0000015
17058,0.0016493,0.0000044,0.0000015
17059,0.0016490,0.0000044,0.0000015
17060,0.0016487,0.0000044,0.0000015
17061,0.0016483,0.0000044,0.0000015
17062,0.0016480,0.0000044,0.0000015
17063,0.0016477,0.0000044,0.0000015
17064,0.0016473,0.0000044,0.0000015
17065,0.0016470,0.0000044,0.0000015
17066,0.0016467,0.0000044,0.0000015
17067,0.0016464,0.0000044,0.0000015
17068,0.0016460,0.0000044,0.0000015
17069,0.0016457,0.0000044,0.0000015
17070,0.0016454,0.0000044,0.0000015
17071,0.0016450,0.0000044,0.0000015
17072,0.0016447,0.0000044,0.0000015
17073,0.0016444,0.0000044,0.0000015
17074,0.0016441,0.0000044,0.0000015
17075,0.0016437,0.0000044,0.0000015
17076,0.0016434,0.0000044,0.0000015
17077,0.0016431,0.0000044,0.0000015
17078,0.0016427,0.0000044,0.0000015
17079,0.0016424,0.0000044,0.0000015
17080,0.0016421,0.0000044,0.0000015
17081,0.0016418,0.0000044,0.0000015
17082,0.0016414,0.0000044,0.0000015
17083,0.0016411,0.0000044,0.0000015
17084,0.0016408,0.0000044,0.0000015
17085,0.0016404,0.0000044,0.0000015
17086,0.0016401,0.0000044,0.0000015
17087,0.0016398,0.0000044,0.0000015
17088,0.0016395,0.0000044,0.0000015
17089,0.0016391,0.0000044,0.0000015
17090,0.0016388,0.0000044,0.0000015
17091,0.0016385,0.0000044,0.0000015
17092,0.0016382,0.0000044,0.0000015
17093,0.0016378,0.0000044,0.0000015
17094,0.0016375,0.0000044,0.0000015
17095,0.0016372,0.0000044,0.0000015
17096,0.0016369,0.0000044,0.0000015
17097,0.0016365,0.0000044,0.0000015
17098,0.0016362,0.0000044,0.0000015
17099,0.0016359,0.0000044,0.0000015
17100,0.0016355,0.0000044,0.0000015
17101,0.0016352,0.0000044,0.0000015
17102,0.0016349,0.0000044,0.0000015
17103,0.0016346,0.0000044,0.0000015
17104,0.0016342,0.0000044,0.0000015
17105,0.0016339,0.0000044,0.0000015
17106,0.0016336,0.0000044,0.0000015
17107,0.0016333,0.0000044,0.0000015
17108,0.0016329,0.0000044,0.0000015
17109,0.0016326,0.0000044,0.0000015
17110,0.0016323,0.0000044,0.0000015
17111,0.0016320,0.0000044,0.0000015
17112,0.0016316,0.0000044,0.0000015
17113,0.0016313,0.0000044,0.0000015
17114,0.0016310,0.0000044,0.0000015
17115,0.0016307,0.0000044,0.0000015
17116,0.0016303,0.0000044,0.0000015
17117,0.0016300,0.0000044,0.0000015
17118,0.0016297,0.0000044,0.0000015
17119,0.0016294,0.0000044,0.0000015
17120,0.0016290,0.0000044,0.0000015
17121,0.0016287,0.0000044,0.0000015
17122,0.0016284,0.0000044,0.0000015
17123,0.0016281,0.0000044,0.0000015
17124,0.0016277,0.0000044,0.0000015
17125,0.0016274,0.0000044,0.0000015
17126,0.0016271,0.0000044,0.0000015
17127,0.0016268,0.0000044,0.0000015
17128,0.0016264,0.0000044,0.0000015
17129,0.0016261,0.0000044,0.0000015
17130,0.0016258,0.0000044,0.0000015
17131,0.0016255,0.0000043,0.0000015
17132,0.0016251,0.0000043,0.0000015
17133,0.0016248,0.0000043,0.0000015
17134,0.0016245,0.0000043,0.0000015
17135,0.0016242,0.0000043,0.0000015
17136,0.0016239,0.0000043,0.0000015
17137,0.0016235,0.0000043,0.0000015
17138,0.0016232,0.0000043,0.0000015
17139,0.0016229,0.0000043,0.0000015
17140,0.0016226,0.0000043,0.0000015
17141,0.0016222,0.0000043,0.0000015
17142,0.0016219,0.0000043,0.0000015
17143,0.0016216,0.0000043,0.0000015
17144,0.0016213,0.0000043,0.0000015
17145,0.0016209,0.0000043,0.0000015
17146,0.0016206,0.0000043,0.0000015
17147,0.0016203,0.0000043,0.0000015
17148,0.0016200,0.0000043,0.0000015
17149,0.0016197,0.0000043,0.0000014
17150,0.0016193,0.0000043,0.0000014
17151,0.0016190,0.0000043,0.0000014
17152,0.0016187,0.0000043,0.0000014
17153,0.0016184,0.0000043,0.0000014
17154,0.0016180,0.0000043,0.0000014
17155,0.0016177,0.0000043,0.0000014
17156,0.0016174,0.0000043,0.0000014
17157,0.0016171,0.0000043,0.0000014
17158,0.0016168,0.0000043,0.0000014
17159,0.0016164,0.0000043,0.0000014
17160,0.0016161,0.0000043,0.0000014
17161,0.0016158,0.0000043,0.0000014
17162,0.0016155,0.0000043,0.0000014
17163,0.0016151,0.0000043,0.0000014
17164,0.0016148,0.0000043,0.0000014
17165,0.0016145,0.0000043,0.0000014
17166,0.0016142,0.0000043,0.0000014
17167,0.0016139,0.0000043,0.0000014
17168,0.0016135,0.0000043,0.0000014
17169,0.0016132,0.0000043,0.0000014
17170,0.0016129,0.0000043,0.0000014
17171,0.0016126,0.0000043,0.0000014
17172,0.0016123,0.0000043,0.0000014
17173,0.0016119,0.0000043,0.0000014
17174,0.0016116,0.0000043,0.0000014
17175,0.0016113,0.0000043,0.0000014
17176,0.0016110,0.0000043,0.0000014
17177,0.0016107,0.0000043,0.0000014
17178,0.0016103,0.0000043,0.0000014
17179,0.0016100,0.0000043,0.0000014
17180,0.0016097,0.0000043,0.0000014
17181,0.0016094,0.0000043,0.0000014
17182,0.0016091,0.0000043,0.0000014
17183,0.0016087,0.0000043,0.0000014
17184,0.0016084,0.0000043,0.0000014
17185,0.0016081,0.0000043,0.0000014
17186,0.0016078,0.0000043,0.0000014
17187,0.0016075,0.0000043,0.0000014
17188,0.0016071,0.0000043,0.0000014
17189,0.0016068,0.0000043,0.0000014
17190,0.0016065,0.0000043,0.0000014
17191,0.0016062,0.0000043,0.0000014
17192,0.0016059,0.0000043,0.0000014
17193,0.0016055,0.0000043,0.0000014
17194,0.0016052,0.0000043,0.0000014
17195,0.0016049,0.0000043,0.0000014
17196,0.0016046,0.0000043,0.0000014
17197,0.0016043,0.0000043,0.0000014
17198,0.0016039,0.0000043,0.0000014
17199,0.0016036,0.0000043,0.0000014
17200,0.0016033,0.0000043,0.0000014
17201,0.0016030,0.0000043,0.0000014
17202,0.0016027,0.0000043,0.0000014
17203,0.0016023,0.0000043,0.0000014
17204,0.0016020,0.0000043,0.0000014
17205,0.0016017,0.0000043,0.0000014
17206,0.0016014,0.0000043,0.0000014
17207,0.0016011,0.0000043,0.0000014
17208,0.0016008,0.0000043,0.0000014
17209,0.0016004,0.0000043,0.0000014
17210,0.0016001,0.0000043,0.0000014
17211,0.0015998,0.0000043,0.0000014
17212,0.0015995,0.0000043,0.0000014
17213,0.0015992,0.0000043,0.0000014
17214,0.0015988,0.0000043,0.0000014
17215,0.0015985,0.0000043,0.0000014
17216,0.0015982,0.0000043,0.0000014
17217,0.0015979,0.0000043,0.0000014
17218,0.0015976,0.0000043,0.0000014
17219,0.0015973,0.0000043,0.0000014
17220,0.0015969,0.0000043,0.0000014
17221,0.0015966,0.0000043,0.0000014
17222,0.0015963,0.0000043,0.0000014
17223,0.0015960,0.0000043,0.0000014
17224,0.0015957,0.0000043,0.0000014
17225,0.0015954,0.0000043,0.0000014
17226,0.0015950,0.0000043,0.0000014
17227,0.0015947,0.0000043,0.0000014
17228,0.0015944,0.0000043,0.0000014
17229,0.0015941,0.0000043,0.0000014
17230,0.0015938,0.0000043,0.0000014
17231,0.0015935,0.0000043,0.0000014
17232,0.0015931,0.0000042,0.0000014
17233,0.0015928,0.0000042,0.0000014
17234,0.0015925,0.0000042,0.0000014
17235,0.0015922,0.0000042,0.0000014
17236,0.0015919,0.0000042,0.0000014
17237,0.0015916,0.0000042,0.0000014
17238,0.0015912,0.0000042,0.0000014
17239,0.0015909,0.0000042,0.0000014
17240,0.0015906,0.0000042,0.0000014
17241,0.0015903,0.0000042,0.0000014
17242,0.0015900,0.0000042,0.0000014
17243,0.0015897,0.0000042,0.0000014
17244,0.0015893,0.0000042,0.0000014
17245,0.0015890,0.0000042,0.0000014
17246,0.0015887,0.0000042,0.0000014
17247,0.0015884,0.0000042,0.0000014
17248,0.0015881,0.0000042,0.0000014
17249,0.0015878,0.0000042,0.0000014
17250,0.0015874,0.0000042,0.0000014
17251,0.0015871,0.0000042,0.0000014
17252,0.0015868,0.0000042,0.0000014
17253,0.0015865,0.0000042,0.0000014
17254,0.0015862,0.0000042,0.0000014
17255,0.0015859,0.0000042,0.0000014
17256,0.0015856,0.0000042,0.0000014
17257,0.0015852,0.0000042,0.0000014
17258,0.0015849,0.0000042,0.0000014
17259,0.0015846,0.0000042,0.0000014
17260,0.0015843,0.0000042,0.0000014
17261,0.0015840,0.0000042,0.0000014
17262,0.0015837,0.0000042,0.0000014
17263,0.0015834,0.0000042,0.0000014
17264,0.0015830,0.0000042,0.0000014
17265,0.0015827,0.0000042,0.0000014
17266,0.0015824,0.0000042,0.0000014
17267,0.0015821,0.0000042,0.0000014
17268,0.0015818,0.0000042,0.0000014
17269,0.0015815,0.0000042,0.0000014
17270,0.0015812,0.0000042,0.0000014
17271,0.0015808,0.0000042,0.0000014
17272,0.0015805,0.0000042,0.0000014
17273,0.0015802,0.0000042,0.0000014
17274,0.0015799,0.0000042,0.0000014
17275,0.0015796,0.0000042,0.0000014
17276,0.0015793,0.0000042,0.0000014
17277,0.0015790,0.0000042,0.0000014
17278,0.0015787,0.0000042,0.0000014
17279,0.0015783,0.0000042,0.0000014
17280,0.0015780,0.0000042,0.0000014
17281,0.0015777,0.0000042,0.0000014
17282,0.0015774,0.0000042,0.0000014
17283,0.0015771,0.0000042,0.0000014
17284,0.0015768,0.0000042,0.0000014
17285,0.0015765,0.0000042,0.0000014
17286,0.0015761,0.0000042,0.0000014
17287,0.0015758,0.0000042,0.0000014
17288,0.0015755,0.0000042,0.0000014
17289,0.0015752,0.0000042,0.0000014
17290,0.0015749,0.0000042,0.0000014
17291,0.0015746,0.0000042,0.0000014
17292,0.0015743,0.0000042,0.0000014
17293,0.0015740,0.0000042,0.0000014
17294,0.0015736,0.0000042,0.0000014
17295,0.0015733,0.0000042,0.0000014
17296,0.0015730,0.0000042,0.0000014
17297,0.0015727,0.0000042,0.0000014
17298,0.0015724,0.0000042,0.0000014
17299,0.0015721,0.0000042,0.0000014
17300,0.0015718,0.0000042,0.0000014
17301,0.0015715,0.0000042,0.0000014
17302,0.0015712,0.0000042,0.0000014
17303,0.0015708,0.0000042,0.0000014
17304,0.0015705,0.0000042,0.0000014
17305,0.0015702,0.0000042,0.0000014
17306,0.0015699,0.0000042,0.0000014
17307,0.0015696,0.0000042,0.0000014
17308,0.0015693,0.0000042,0.0000014
17309,0.0015690,0.0000042,0.0000014
17310,0.0015687,0.0000042,0.0000014
17311,0.0015684,0.0000042,0.0000014
17312,0.0015680,0.0000042,0.0000014
17313,0.0015677,0.0000042,0.0000014
17314,0.0015674,0.0000042,0.0000014
17315,0.0015671,0.0000042,0.0000014
17316,0.0015668,0.0000042,0.0000014
17317,0.0015665,0.0000042,0.0000014
17318,0.0015662,0.0000042,0.0000014
17319,0.0015659,0.0000042,0.0000014
17320,0.0015656,0.0000042,0.0000014
17321,0.0015652,0.0000042,0.0000014
17322,0.0015649,0.0000042,0.0000014
17323,0.0015646,0.0000042,0.0000014
17324,0.0015643,0.0000042,0.0000014
17325,0.0015640,0.0000042,0.0000014
17326,0.0015637,0.0000042,0.0000014
17327,0.0015634,0.0000042,0.0000014
17328,0.0015631,0.0000042,0.0000014
17329,0.0015628,0.0000042,0.0000014
17330,0.0015625,0.0000042,0.0000014
17331,0.0015621,0.0000042,0.0000014
17332,0.0015618,0.0000042,0.0000014
17333,0.0015615,0.0000042,0.0000014
17334,0.0015612,0.0000042,0.0000014
17335,0.0015609,0.0000042,0.0000014
17336,0.0015606,0.0000042,0.0000014
17337,0.0015603,0.0000041,0.0000014
17338,0.0015600,0.0000041,0.0000014
17339,0.0015597,0.0000041,0.0000014
17340,0.0015594,0.0000041,0.0000014
17341,0.0015591,0.0000041,0.0000014
17342,0.0015587,0.0000041,0.0000014
17343,0.0015584,0.0000041,0.0000014
17344,0.0015581,0.0000041,0.0000014
17345,0.0015578,0.0000041,0.0000014
17346,0.0015575,0.0000041,0.0000014
17347,0.0015572,0.0000041,0.0000014
17348,0.0015569,0.0000041,0.0000014
17349,0.0015566,0.0000041,0.0000014
17350,0.0015563,0.0000041,0.0000014
17351,0.0015560,0.0000041,0.0000014
17352,0.0015557,0.0000041,0.0000014
17353,0.0015554,0.0000041,0.0000014
17354,0.0015550,0.0000041,0.0000014
17355,0.0015547,0.0000041,0.0000014
17356,0.0015544,0.0000041,0.0000014
17357,0.0015541,0.0000041,0.0000014
17358,0.0015538,0.0000041,0.0000014
17359,0.0015535,0.0000041,0.0000014
17360,0.0015532,0.0000041,0.0000014
17361,0.0015529,0.0000041,0.0000014
17362,0.0015526,0.0000041,0.0000014
17363,0.0015523,0.0000041,0.0000014
17364,0.0015520,0.0000041,0.0000014
17365,0.0015517,0.0000041,0.0000014
17366,0.0015514,0.0000041,0.0000014
17367,0.0015510,0.0000041,0.0000014
17368,0.0015507,0.0000041,0.0000014
17369,0.0015504,0.0000041,0.0000014
17370,0.0015501,0.0000041,0.0000014
17371,0.0015498,0.0000041,0.0000014
17372,0.0015495,0.0000041,0.0000014
17373,0.0015492,0.0000041,0.0000014
17374,0.0015489,0.0000041,0.0000014
17375,0.0015486,0.0000041,0.0000014
17376,0.0015483,0.0000041,0.0000014
17377,0.0015480,0.0000041,0.0000014
17378,0.0015477,0.0000041,0.0000014
17379,0.0015474,0.0000041,0.0000014
17380,0.0015471,0.0000041,0.0000014
17381,0.0015468,0.0000041,0.0000014
17382,0.0015465,0.0000041,0.0000014
17383,0.0015461,0.0000041,0.0000014
17384,0.0015458,0.0000041,0.0000014
17385,0.0015455,0.0000041,0.0000014
17386,0.0015452,0.0000041,0.0000014
17387,0.0015449,0.0000041,0.0000014
17388,0.0015446,0.0000041,0.0000014
17389,0.0015443,0.0000041,0.0000014
17390,0.0015440,0.0000041,0.0000014
17391,0.0015437,0.0000041,0.0000014
17392,0.0015434,0.0000041,0.0000014
17393,0.0015431,0.0000041,0.0000014
17394,0.0015428,0.0000041,0.0000014
17395,0.0015425,0.0000041,0.0000014
17396,0.0015422,0.0000041,0.0000014
17397,0.0015419,0.0000041,0.0000014
17398,0.0015416,0.0000041,0.0000014
17399,0.0015413,0.0000041,0.0000014
17400,0.0015410,0.0000041,0.0000014
17401,0.0015406,0.0000041,0.0000014
17402,0.0015403,0.0000041,0.0000014
17403,0.0015400,0.0000041,0.0000014
17404,0.0015397,0.0000041,0.0000014
17405,0.0015394,0.0000041,0.0000014
17406,0.0015391,0.0000041,0.0000014
17407,0.0015388,0.0000041,0.0000014
17408,0.0015385,0.0000041,0.0000014
17409,0.0015382,0.0000041,0.0000014
17410,0.0015379,0.0000041,0.0000014
17411,0.0015376,0.0000041,0.0000014
17412,0.0015373,0.0000041,0.0000014
17413,0.0015370,0.0000041,0.0000014
17414,0.0015367,0.0000041,0.0000014
17415,0.0015364,0.0000041,0.0000014
17416,0.0015361,0.0000041,0.0000014
17417,0.0015358,0.0000041,0.0000014
17418,0.0015355,0.0000041,0.0000014
17419,0.0015352,0.0000041,0.0000014
17420,0.0015349,0.0000041,0.0000014
17421,0.0015346,0.0000041,0.0000014
17422,0.0015343,0.0000041,0.0000014
17423,0.0015340,0.0000041,0.0000014
17424,0.0015337,0.0000041,0.0000014
17425,0.0015334,0.0000041,0.0000014
17426,0.0015331,0.0000041,0.0000014
17427,0.0015328,0.0000041,0.0000014
17428,0.0015324,0.0000041,0.0000014
17429,0.0015321,0.0000041,0.0000014
17430,0.0015318,0.0000041,0.0000014
17431,0.0015315,0.0000041,0.0000014
17432,0.0015312,0.0000041,0.0000014
17433,0.0015309,0.0000041,0.0000014
17434,0.0015306,0.0000041,0.0000014
17435,0.0015303,0.0000041,0.0000014
17436,0.0015300,0.0000041,0.0000014
17437,0.0015297,0.0000041,0.0000014
17438,0.0015294,0.0000041,0.0000014
17439,0.0015291,0.0000041,0.0000014
17440,0.0015288,0.0000041,0.0000014
17441,0.0015285,0.0000041,0.0000014
17442,0.0015282,0.0000041,0.0000014
17443,0.0015279,0.0000041,0.0000014
17444,0.0015276,0.0000040,0.0000014
17445,0.0015273,0.0000040,0.0000014
17446,0.0015270,0.0000040,0.0000014
17447,0.0015267,0.0000040,0.0000014
17448,0.0015264,0.0000040,0.0000014
17449,0.0015261,0.0000040,0.0000014
17450,0.0015258,0.0000040,0.0000014
17451,0.0015255,0.0000040,0.0000014
17452,0.0015252,0.0000040,0.0000014
17453,0.0015249,0.0000040,0.0000014
17454,0.0015246,0.0000040,0.0000013
17455,0.0015243,0.0000040,0.0000013
17456,0.0015240,0.0000040,0.0000013
17457,0.0015237,0.0000040,0.0000013
17458,0.0015234,0.0000040,0.0000013
17459,0.0015231,0.0000040,0.0000013
17460,0.0015228,0.0000040,0.0000013
17461,0.0015225,0.0000040,0.0000013
17462,0.0015222,0.0000040,0.0000013
17463,0.0015219,0.0000040,0.0000013
17464,0.0015216,0.0000040,0.0000013
17465,0.0015213,0.0000040,0.0000013
17466,0.0015210,0.0000040,0.0000013
17467,0.0015207,0.0000040,0.0000013
17468,0.0015204,0.0000040,0.0000013
17469,0.0015201,0.0000040,0.0000013
17470,0.0015198,0.0000040,0.0000013
17471,0.0015195,0.0000040,0.0000013
17472,0.0015192,0.0000040,0.0000013
17473,0.0015189,0.0000040,0.0000013
17474,0.0015186,0.0000040,0.0000013
17475,0.0015183,0.0000040,0.0000013
17476,0.0015180,0.0000040,0.0000013
17477,0.0015177,0.0000040,0.0000013
17478,0.0015174,0.0000040,0.0000013
17479,0.0015171,0.0000040,0.0000013
17480,0.0015168,0.0000040,0.0000013
17481,0.0015165,0.0000040,0.0000013
17482,0.0015162,0.0000040,0.0000013
17483,0.0015159,0.0000040,0.0000013
17484,0.0015156,0.0000040,0.0000013
17485,0.0015153,0.0000040,0.0000013
17486,0.0015150,0.0000040,0.0000013
17487,0.0015147,0.0000040,0.0000013
17488,0.0015144,0.0000040,0.0000013
17489,0.0015141,0.0000040,0.0000013
17490,0.0015138,0.0000040,0.0000013
17491,0.0015135,0.0000040,0.0000013
17492,0.0015132,0.0000040,0.0000013
17493,0.0015129,0.0000040,0.0000013
17494,0.0015126,0.0000040,0.0000013
17495,0.0015123,0.0000040,0.0000013
17496,0.0015120,0.0000040,0.0000013
17497,0.0015117,0.0000040,0.0000013
17498,0.0015114,0.0000040,0.0000013
17499,0.0015111,0.0000040,0.0000013
17500,0.0015108,0.0000040,0.0000013
17501,0.0015105,0.0000040,0.0000013
17502,0.0015102,0.0000040,0.0000013
17503,0.0015099,0.0000040,0.0000013
17504,0.0015096,0.0000040,0.0000013
17505,0.0015093,0.0000040,0.0000013
17506,0.0015090,0.0000040,0.0000013
17507,0.0015087,0.0000040,0.0000013
17508,0.0015084,0.0000040,0.0000013
17509,0.0015081,0.0000040,0.0000013
17510,0.0015078,0.0000040,0.0000013
17511,0.0015075,0.0000040,0.0000013
17512,0.0015072,0.0000040,0.0000013
17513,0.0015070,0.0000040,0.0000013
17514,0.0015067,0.0000040,0.0000013
17515,0.0015064,0.0000040,0.0000013
17516,0.0015061,0.0000040,0.0000013
17517,0.0015058,0.0000040,0.0000013
17518,0.0015055,0.0000040,0.0000013
17519,0.0015052,0.0000040,0.0000013
17520,0.0015049,0.0000040,0.0000013
17521,0.0015046,0.0000040,0.0000013
17522,0.0015043,0.0000040,0.0000013
17523,0.0015040,0.0000040,0.0000013
17524,0.0015037,0.0000040,0.0000013
17525,0.0015034,0.0000040,0.0000013
17526,0.0015031,0.0000040,0.0000013
17527,0.0015028,0.0000040,0.0000013
17528,0.0015025,0.0000040,0.0000013
17529,0.0015022,0.0000040,0.0000013
17530,0.0015019,0.0000040,0.0000013
17531,0.0015016,0.0000040,0.0000013
17532,0.0015013,0.0000040,0.0000013
17533,0.0015010,0.0000040,0.0000013
17534,0.0015007,0.0000040,0.0000013
17535,0.0015004,0.0000040,0.0000013
17536,0.0015001,0.0000040,0.0000013
17537,0.0014998,0.0000040,0.0000013
17538,0.0014995,0.0000040,0.0000013
17539,0.0014992,0.0000040,0.0000013
17540,0.0014990,0.0000040,0.0000013
17541,0.0014987,0.0000040,0.0000013
17542,0.0014984,0.0000040,0.0000013
17543,0.0014981,0.0000040,0.0000013
17544,0.0014978,0.0000040,0.0000013
17545,0.0014975,0.0000040,0.0000013
17546,0.0014972,0.0000040,0.0000013
17547,0.0014969,0.0000040,0.0000013
17548,0.0014966,0.0000040,0.0000013
17549,0.0014963,0.0000040,0.0000013
17550,0.0014960,0.0000040,0.0000013
17551,0.0014957,0.0000040,0.0000013
17552,0.0014954,0.0000040,0.0000013
17553,0.0014951,0.0000040,0.0000013
17554,0.0014948,0.0000039,0.0000013
17555,0.0014945,0.0000039,0.0000013
17556,0.0014942,0.0000039,0.0000013
17557,0.0014939,0.0000039,0.0000013
17558,0.0014936,0.0000039,0.0000013
17559,0.0014934,0.0000039,0.0000013
17560,0.0014931,0.0000039,0.0000013
17561,0.0014928,0.0000039,0.0000013
17562,0.0014925,0.0000039,0.0000013
17563,0.0014922,0.0000039,0.0000013
17564,0.0014919,0.0000039,0.0000013
17565,0.0014916,0.0000039,0.0000013
17566,0.0014913,0.0000039,0.0000013
17567,0.0014910,0.0000039,0.0000013
17568,0.0014907,0.0000039,0.0000013
17569,0.0014904,0.0000039,0.0000013
17570,0.0014901,0.0000039,0.0000013
17571,0.0014898,0.0000039,0.0000013
17572,0.0014895,0.0000039,0.0000013
17573,0.0014892,0.0000039,0.0000013
17574,0.0014889,0.0000039,0.0000013
17575,0.0014887,0.0000039,0.0000013
17576,0.0014884,0.0000039,0.0000013
17577,0.0014881,0.0000039,0.0000013
17578,0.0014878,0.0000039,0.0000013
17579,0.0014875,0.0000039,0.0000013
17580,0.0014872,0.0000039,0.0000013
17581,0.0014869,0.0000039,0.0000013
17582,0.0014866,0.0000039,0.0000013
17583,0.0014863,0.0000039,0.0000013
17584,0.0014860,0.0000039,0.0000013
17585,0.0014857,0.0000039,0.0000013
17586,0.0014854,0.0000039,0.0000013
17587,0.0014851,0.0000039,0.0000013
17588,0.0014849,0.0000039,0.0000013
17589,0.0014846,0.0000039,0.0000013
17590,0.0014843,0.0000039,0.0000013
17591,0.0014840,0.0000039,0.0000013
17592,0.0014837,0.0000039,0.0000013
17593,0.0014834,0.0000039,0.0000013
17594,0.0014831,0.0000039,0.0000013
17595,0.0014828,0.0000039,0.0000013
17596,0.0014825,0.0000039,0.0000013
17597,0.0014822,0.0000039,0.0000013
17598,0.0014819,0.0000039,0.0000013
17599,0.0014816,0.0000039,0.0000013
17600,0.0014814,0.0000039,0.0000013
17601,0.0014811,0.0000039,0.0000013
17602,0.0014808,0.0000039,0.0000013
17603,0.0014805,0.0000039,0.0000013
17604,0.0014802,0.0000039,0.0000013
17605,0.0014799,0.0000039,0.0000013
17606,0.0014796,0.0000039,0.0000013
17607,0.0014793,0.0000039,0.0000013
17608,0.0014790,0.0000039,0.0000013
17609,0.0014787,0.0000039,0.0000013
17610,0.0014784,0.0000039,0.0000013
17611,0.0014782,0.0000039,0.0000013
17612,0.0014779,0.0000039,0.0000013
17613,0.0014776,0.0000039,0.0000013
17614,0.0014773,0.0000039,0.0000013
17615,0.0014770,0.0000039,0.0000013
17616,0.0014767,0.0000039,0.0000013
17617,0.0014764,0.0000039,0.0000013
17618,0.0014761,0.0000039,0.0000013
17619,0.0014758,0.0000039,0.0000013
17620,0.0014755,0.0000039,0.0000013
17621,0.0014752,0.0000039,0.0000013
17622,0.0014750,0.0000039,0.0000013
17623,0.0014747,0.0000039,0.0000013
17624,0.0014744,0.0000039,0.0000013
17625,0.0014741,0.0000039,0.0000013
17626,0.0014738,0.0000039,0.0000013
17627,0.0014735,0.0000039,0.0000013
17628,0.0014732,0.0000039,0.0000013
17629,0.0014729,0.0000039,0.0000013
17630,0.0014726,0.0000039,0.0000013
17631,0.0014723,0.0000039,0.0000013
17632,0.0014721,0.0000039,0.0000013
17633,0.0014718,0.0000039,0.0000013
17634,0.0014715,0.0000039,0.0000013
17635,0.0014712,0.0000039,0.0000013
17636,0.0014709,0.0000039,0.0000013
17637,0.0014706,0.0000039,0.0000013
17638,0.0014703,0.0000039,0.0000013
17639,0.0014700,0.0000039,0.0000013
17640,0.0014697,0.0000039,0.0000013
17641,0.0014695,0.0000039,0.0000013
17642,0.0014692,0.0000039,0.0000013
17643,0.0014689,0.0000039,0.0000013
17644,0.0014686,0.0000039,0.0000013
17645,0.0014683,0.0000039,0.0000013
17646,0.0014680,0.0000039,0.0000013
17647,0.0014677,0.0000039,0.0000013
17648,0.0014674,0.0000039,0.0000013
17649,0.0014672,0.0000039,0.0000013
17650,0.0014669,0.0000039,0.0000013
17651,0.0014666,0.0000039,0.0000013
17652,0.0014663,0.0000039,0.0000013
17653,0.0014660,0.0000039,0.0000013
17654,0.0014657,0.0000039,0.0000013
17655,0.0014654,0.0000039,0.0000013
17656,0.0014651,0.0000039,0.0000013
17657,0.0014648,0.0000039,0.0000013
17658,0.0014646,0.0000039,0.0000013
17659,0.0014643,0.0000039,0.0000013
17660,0.0014640,0.0000039,0.0000013
17661,0.0014637,0.0000039,0.0000013
17662,0.0014634,0.0000039,0.0000013
17663,0.0014631,0.0000039,0.0000013
17664,0.0014628,0.0000039,0.0000013
17665,0.0014625,0.0000039,0.0000013
17666,0.0014623,0.0000039,0.0000013
17667,0.0014620,0.0000038,0.0000013
17668,0.0014617,0.0000038,0.0000013
17669,0.0014614,0.0000038,0.0000013
17670,0.0014611,0.0000038,0.0000013
17671,0.0014608,0.0000038,0.0000013
17672,0.0014605,0.0000038,0.0000013
17673,0.0014603,0.0000038,0.0000013
17674,0.0014600,0.0000038,0.0000013
17675,0.0014597,0.0000038,0.0000013
17676,0.0014594,0.0000038,0.0000013
17677,0.0014591,0.0000038,0.0000013
17678,0.0014588,0.0000038,0.0000013
17679,0.0014585,0.0000038,0.0000013
17680,0.0014582,0.0000038,0.0000013
17681,0.0014580,0.0000038,0.0000013
17682,0.0014577,0.0000038,0.0000013
17683,0.0014574,0.0000038,0.0000013
17684,0.0014571,0.0000038,0.0000013
17685,0.0014568,0.0000038,0.0000013
17686,0.0014565,0.0000038,0.0000013
17687,0.0014562,0.0000038,0.0000013
17688,0.0014560,0.0000038,0.0000013
17689,0.0014557,0.0000038,0.0000013
17690,0.0014554,0.0000038,0.0000013
17691,0.0014551,0.0000038,0.0000013
17692,0.0014548,0.0000038,0.0000013
17693,0.0014545,0.0000038,0.0000013
17694,0.0014542,0.0000038,0.0000013
17695,0.0014540,0.0000038,0.0000013
17696,0.0014537,0.0000038,0.0000013
17697,0.0014534,0.0000038,0.0000013
17698,0.0014531,0.0000038,0.0000013
17699,0.0014528,0.0000038,0.0000013
17700,0.0014525,0.0000038,0.0000013
17701,0.0014523,0.0000038,0.0000013
17702,0.0014520,0.0000038,0.0000013
17703,0.0014517,0.0000038,0.0000013
17704,0.0014514,0.0000038,0.0000013
17705,0.0014511,0.0000038,0.0000013
17706,0.0014508,0.0000038,0.0000013
17707,0.0014505,0.0000038,0.0000013
17708,0.0014503,0.0000038,0.0000013
17709,0.0014500,0.0000038,0.0000013
17710,0.0014497,0.0000038,0.0000013
17711,0.0014494,0.0000038,0.0000013
17712,0.0014491,0.0000038,0.0000013
17713,0.0014488,0.0000038,0.0000013
17714,0.0014486,0.0000038,0.0000013
17715,0.0014483,0.0000038,0.0000013
17716,0.0014480,0.0000038,0.0000013
17717,0.0014477,0.0000038,0.0000013
17718,0.0014474,0.0000038,0.0000013
17719,0.0014471,0.0000038,0.0000013
17720,0.0014468,0.0000038,0.0000013
17721,0.0014466,0.0000038,0.0000013
17722,0.0014463,0.0000038,0.0000013
17723,0.0014460,0.0000038,0.0000013
17724,0.0014457,0.0000038,0.0000013
17725,0.0014454,0.0000038,0.0000013
17726,0.0014451,0.0000038,0.0000013
17727,0.0014449,0.0000038,0.0000013
17728,0.0014446,0.0000038,0.0000013
17729,0.0014443,0.0000038,0.0000013
17730,0.0014440,0.0000038,0.0000013
17731,0.0014437,0.0000038,0.0000013
17732,0.0014434,0.0000038,0.0000013
17733,0.0014432,0.0000038,0.0000013
17734,0.0014429,0.0000038,0.0000013
17735,0.0014426,0.0000038,0.0000013
17736,0.0014423,0.0000038,0.0000013
17737,0.0014420,0.0000038,0.0000013
17738,0.0014418,0.0000038,0.0000013
17739,0.0014415,0.0000038,0.0000013
17740,0.0014412,0.0000038,0.0000013
17741,0.0014409,0.0000038,0.0000013
17742,0.0014406,0.0000038,0.0000013
17743,0.0014403,0.0000038,0.0000013
17744,0.0014401,0.0000038,0.0000013
17745,0.0014398,0.0000038,0.0000013
17746,0.0014395,0.0000038,0.0000013
17747,0.0014392,0.0000038,0.0000013
17748,0.0014389,0.0000038,0.0000013
17749,0.0014386,0.0000038,0.0000013
17750,0.0014384,0.0000038,0.0000013
17751,0.0014381,0.0000038,0.0000013
17752,0.0014378,0.0000038,0.0000013
17753,0.0014375,0.0000038,0.0000013
17754,0.0014372,0.0000038,0.0000013
17755,0.0014370,0.0000038,0.0000013
17756,0.0014367,0.0000038,0.0000013
17757,0.0014364,0.0000038,0.0000013
17758,0.0014361,0.0000038,0.0000013
17759,0.0014358,0.0000038,0.0000013
17760,0.0014356,0.0000038,0.0000013
17761,0.0014353,0.0000038,0.0000013
17762,0.0014350,0.0000038,0.0000013
17763,0.0014347,0.0000038,0.0000013
17764,0.0014344,0.0000038,0.0000013
17765,0.0014341,0.0000038,0.0000013
17766,0.0014339,0.0000038,0.0000013
17767,0.0014336,0.0000038,0.0000013
17768,0.0014333,0.0000038,0.0000013
17769,0.0014330,0.0000038,0.0000013
17770,0.0014327,0.0000038,0.0000013
17771,0.0014325,0.0000038,0.0000013
17772,0.0014322,0.0000038,0.0000013
17773,0.0014319,0.0000038,0.0000013
17774,0.0014316,0.0000038,0.0000013
17775,0.0014313,0.0000038,0.0000013
17776,0.0014311,0.0000038,0.0000013
17777,0.0014308,0.0000038,0.0000013
17778,0.0014305,0.0000038,0.0000013
17779,0.0014302,0.0000038,0.0000013
17780,0.0014299,0.0000038,0.0000013
17781,0.0014297,0.0000038,0.0000013
17782,0.0014294,0.0000038,0.0000013
17783,0.0014291,0.0000038,0.0000013
17784,0.0014288,0.0000037,0.0000013
17785,0.0014285,0.0000037,0.0000013
17786,0.0014283,0.0000037,0.0000013
17787,0.0014280,0.0000037,0.0000013
17788,0.0014277,0.0000037,0.0000012
17789,0.0014274,0.0000037,0.0000012
17790,0.0014271,0.0000037,0.0000012
17791,0.0014269,0.0000037,0.0000012
17792,0.0014266,0.0000037,0.0000012
17793,0.0014263,0.0000037,0.0000012
17794,0.0014260,0.0000037,0.0000012
17795,0.0014257,0.0000037,0.0000012
17796,0.0014255,0.0000037,0.0000012
17797,0.0014252,0.0000037,0.0000012
17798,0.0014249,0.0000037,0.0000012
17799,0.0014246,0.0000037,0.0000012
17800,0.0014244,0.0000037,0.0000012
17801,0.0014241,0.0000037,0.0000012
17802,0.0014238,0.0000037,0.0000012
17803,0.0014235,0.0000037,0.0000012
17804,0.0014232,0.0000037,0.0000012
17805,0.0014230,0.0000037,0.0000012
17806,0.0014227,0.0000037,0.0000012
17807,0.0014224,0.0000037,0.0000012
17808,0.0014221,0.0000037,0.0000012
17809,0.0014218,0.0000037,0.0000012
17810,0.0014216,0.0000037,0.0000012
17811,0.0014213,0.0000037,0.0000012
17812,0.0014210,0.0000037,0.0000012
17813,0.0014207,0.0000037,0.0000012
17814,0.0014205,0.0000037,0.0000012
17815,0.0014202,0.0000037,0.0000012
17816,0.0014199,0.0000037,0.0000012
17817,0.0014196,0.0000037,0.0000012
17818,0.0014193,0.0000037,0.0000012
17819,0.0014191,0.0000037,0.0000012
17820,0.0014188,0.0000037,0.0000012
17821,0.0014185,0.0000037,0.0000012
17822,0.0014182,0.0000037,0.0000012
17823,0.0014180,0.0000037,0.0000012
17824,0.0014177,0.0000037,0.0000012
17825,0.0014174,0.0000037,0.0000012
17826,0.0014171,0.0000037,0.0000012
17827,0.0014168,0.0000037,0.0000012
17828,0.0014166,0.0000037,0.0000012
17829,0.0014163,0.0000037,0.0000012
17830,0.0014160,0.0000037,0.0000012
17831,0.0014157,0.0000037,0.0000012
17832,0.0014155,0.0000037,0.0000012
17833,0.0014152,0.0000037,0.0000012
17834,0.0014149,0.0000037,0.0000012
17835,0.0014146,0.0000037,0.0000012
17836,0.0014144,0.0000037,0.0000012
17837,0.0014141,0.0000037,0.0000012
17838,0.0014138,0.0000037,0.0000012
17839,0.0014135,0.0000037,0.0000012
17840,0.0014133,0.0000037,0.0000012
17841,0.0014130,0.0000037,0.0000012
17842,0.0014127,0.0000037,0.0000012
17843,0.0014124,0.0000037,0.0000012
17844,0.0014121,0.0000037,0.0000012
17845,0.0014119,0.0000037,0.0000012
17846,0.0014116,0.0000037,0.0000012
17847,0.0014113,0.0000037,0.0000012
17848,0.0014110,0.0000037,0.0000012
17849,0.0014108,0.0000037,0.0000012
17850,0.0014105,0.0000037,0.0000012
17851,0.0014102,0.0000037,0.0000012
17852,0.0014099,0.0000037,0.0000012
17853,0.0014097,0.0000037,0.0000012
17854,0.0014094,0.0000037,0.0000012
17855,0.0014091,0.0000037,0.0000012
17856,0.0014088,0.0000037,0.0000012
17857,0.0014086,0.0000037,0.0000012
17858,0.0014083,0.0000037,0.0000012
17859,0.0014080,0.0000037,0.0000012
17860,0.0014077,0.0000037,0.0000012
17861,0.0014075,0.0000037,0.0000012
17862,0.0014072,0.0000037,0.0000012
17863,0.0014069,0.0000037,0.0000012
17864,0.0014066,0.0000037,0.0000012
17865,0.0014064,0.0000037,0.0000012
17866,0.0014061,0.0000037,0.0000012
17867,0.0014058,0.0000037,0.0000012
17868,0.0014055,0.0000037,0.0000012
17869,0.0014053,0.0000037,0.0000012
17870,0.0014050,0.0000037,0.0000012
17871,0.0014047,0.0000037,0.0000012
17872,0.0014044,0.0000037,0.0000012
17873,0.0014042,0.0000037,0.0000012
17874,0.0014039,0.0000037,0.0000012
17875,0.0014036,0.0000037,0.0000012
17876,0.0014033,0.0000037,0.0000012
17877,0.0014031,0.0000037,0.0000012
17878,0.0014028,0.0000037,0.0000012
17879,0.0014025,0.0000037,0.0000012
17880,0.0014023,0.0000037,0.0000012
17881,0.0014020,0.0000037,0.0000012
17882,0.0014017,0.0000037,0.0000012
17883,0.0014014,0.0000037,0.0000012
17884,0.0014012,0.0000037,0.0000012
17885,0.0014009,0.0000037,0.0000012
17886,0.0014006,0.0000037,0.0000012
17887,0.0014003,0.0000037,0.0000012
17888,0.0014001,0.0000037,0.0000012
17889,0.0013998,0.0000037,0.0000012
17890,0.0013995,0.0000037,0.0000012
17891,0.0013992,0.0000037,0.0000012
17892,0.0013990,0.0000037,0.0000012
17893,0.0013987,0.0000037,0.0000012
17894,0.0013984,0.0000037,0.0000012
17895,0.0013982,0.0000037,0.0000012
17896,0.0013979,0.0000037,0.0000012
17897,0.0013976,0.0000037,0.0000012
17898,0.0013973,0.0000037,0.0000012
17899,0.0013971,0.0000037,0.0000012
17900,0.0013968,0.0000037,0.0000012
17901,0.0013965,0.0000037,0.0000012
17902,0.0013962,0.0000037,0.0000012
17903,0.0013960,0.0000037,0.0000012
17904,0.0013957,0.0000036,0.0000012
17905,0.0013954,0.0000036,0.0000012
17906,0.0013952,0.0000036,0.0000012
17907,0.0013949,0.0000036,0.0000012
17908,0.0013946,0.0000036,0.0000012
17909,0.0013943,0.0000036,0.0000012
17910,0.0013941,0.0000036,0.0000012
17911,0.0013938,0.0000036,0.0000012
17912,0.0013935,0.0000036,0.0000012
17913,0.0013932,0.0000036,0.0000012
17914,0.0013930,0.0000036,0.0000012
17915,0.0013927,0.0000036,0.0000012
17916,0.0013924,0.0000036,0.0000012
17917,0.0013922,0.0000036,0.0000012
17918,0.0013919,0.0000036,0.0000012
17919,0.0013916,0.0000036,0.0000012
17920,0.0013913,0.0000036,0.0000012
17921,0.0013911,0.0000036,0.0000012
17922,0.0013908,0.0000036,0.0000012
17923,0.0013905,0.0000036,0.0000012
17924,0.0013903,0.0000036,0.0000012
17925,0.0013900,0.0000036,0.0000012
17926,0.0013897,0.0000036,0.0000012
17927,0.0013894,0.0000036,0.0000012
17928,0.0013892,0.0000036,0.0000012
17929,0.0013889,0.0000036,0.0000012
17930,0.0013886,0.0000036,0.0000012
17931,0.0013884,0.0000036,0.0000012
17932,0.0013881,0.0000036,0.0000012
17933,0.0013878,0.0000036,0.0000012
17934,0.0013876,0.0000036,0.0000012
17935,0.0013873,0.0000036,0.0000012
17936,0.0013870,0.0000036,0.0000012
17937,0.0013867,0.0000036,0.0000012
17938,0.0013865,0.0000036,0.0000012
17939,0.0013862,0.0000036,0.0000012
17940,0.0013859,0.0000036,0.0000012
17941,0.0013857,0.0000036,0.0000012
17942,0.0013854,0.0000036,0.0000012
17943,0.0013851,0.0000036,0.0000012
17944,0.0013849,0.0000036,0.0000012
17945,0.0013846,0.0000036,0.0000012
17946,0.0013843,0.0000036,0.0000012
17947,0.0013840,0.0000036,0.0000012
17948,0.0013838,0.0000036,0.0000012
17949,0.0013835,0.0000036,0.0000012
17950,0.0013832,0.0000036,0.0000012
17951,0.0013830,0.0000036,0.0000012
17952,0.0013827,0.0000036,0.0000012
17953,0.0013824,0.0000036,0.0000012
17954,0.0013822,0.0000036,0.0000012
17955,0.0013819,0.0000036,0.0000012
17956,0.0013816,0.0000036,0.0000012
17957,0.0013813,0.0000036,0.0000012
17958,0.0013811,0.0000036,0.0000012
17959,0.0013808,0.0000036,0.0000012
17960,0.0013805,0.0000036,0.0000012
17961,0.0013803,0.0000036,0.0000012
17962,0.0013800,0.0000036,0.0000012
17963,0.0013797,0.0000036,0.0000012
17964,0.0013795,0.0000036,0.0000012
17965,0.0013792,0.0000036,0.0000012
17966,0.0013789,0.0000036,0.0000012
17967,0.0013787,0.0000036,0.0000012
17968,0.0013784,0.0000036,0.0000012
17969,0.0013781,0.0000036,0.0000012
17970,0.0013779,0.0000036,0.0000012
17971,0.0013776,0.0000036,0.0000012
17972,0.0013773,0.0000036,0.0000012
17973,0.0013770,0.0000036,0.0000012
17974,0.0013768,0.0000036,0.0000012
17975,0.0013765,0.0000036,0.0000012
17976,0.0013762,0.0000036,0.0000012
17977,0.0013760,0.0000036,0.0000012
17978,0.0013757,0.0000036,0.0000012
17979,0.0013754,0.0000036,0.0000012
17980,0.0013752,0.0000036,0.0000012
17981,0.0013749,0.0000036,0.0000012
17982,0.0013746,0.0000036,0.0000012
17983,0.0013744,0.0000036,0.0000012
17984,0.0013741,0.0000036,0.0000012
17985,0.0013738,0.0000036,0.0000012
17986,0.0013736,0.0000036,0.0000012
17987,0.0013733,0.0000036,0.0000012
17988,0.0013730,0.0000036,0.0000012
17989,0.0013728,0.0000036,0.0000012
17990,0.0013725,0.0000036,0.0000012
17991,0.0013722,0.0000036,0.0000012
17992,0.0013720,0.0000036,0.0000012
17993,0.0013717,0.0000036,0.0000012
17994,0.0013714,0.0000036,0.0000012
17995,0.0013712,0.0000036,0.0000012
17996,0.0013709,0.0000036,0.0000012
17997,0.0013706,0.0000036,0.0000012
17998,0.0013704,0.0000036,0.0000012
17999,0.0013701,0.0000036,0.0000012
18000,0.0013698,0.0000036,0.0000012
18001,0.0013696,0.0000036,0.0000012
18002,0.0013693,0.0000036,0.0000012
18003,0.0013690,0.0000036,0.0000012
18004,0.0013688,0.0000036,0.0000012
18005,0.0013685,0.0000036,0.0000012
18006,0.0013682,0.0000036,0.0000012
18007,0.0013680,0.0000036,0.0000012
18008,0.0013677,0.0000036,0.0000012
18009,0.0013674,0.0000036,0.0000012
18010,0.0013672,0.0000036,0.0000012
18011,0.0013669,0.0000036,0.0000012
18012,0.0013666,0.0000036,0.0000012
18013,0.0013664,0.0000036,0.0000012
18014,0.0013661,0.0000036,0.0000012
18015,0.0013658,0.0000036,0.0000012
18016,0.0013656,0.0000036,0.0000012
18017,0.0013653,0.0000036,0.0000012
18018,0.0013650,0.0000036,0.0000012
18019,0.0013648,0.0000036,0.0000012
18020,0.0013645,0.0000036,0.0000012
18021,0.0013642,0.0000036,0.0000012
18022,0.0013640,0.0000036,0.0000012
18023,0.0013637,0.0000036,0.0000012
18024,0.0013634,0.0000036,0.0000012
18025,0.0013632,0.0000036,0.0000012
18026,0.0013629,0.0000036,0.0000012
18027,0.0013626,0.0000036,0.0000012
18028,0.0013624,0.0000035,0.0000012
18029,0.0013621,0.0000035,0.0000012
18030,0.0013619,0.0000035,0.0000012
18031,0.0013616,0.0000035,0.0000012
18032,0.0013613,0.0000035,0.0000012
18033,0.0013611,0.0000035,0.0000012
18034,0.0013608,0.0000035,0.0000012
18035,0.0013605,0.0000035,0.0000012
18036,0.0013603,0.0000035,0.0000012
18037,0.0013600,0.0000035,0.0000012
18038,0.0013597,0.0000035,0.0000012
18039,0.0013595,0.0000035,0.0000012
18040,0.0013592,0.0000035,0.0000012
18041,0.0013589,0.0000035,0.0000012
18042,0.0013587,0.0000035,0.0000012
18043,0.0013584,0.0000035,0.0000012
18044,0.0013581,0.0000035,0.0000012
18045,0.0013579,0.0000035,0.0000012
18046,0.0013576,0.0000035,0.0000012
18047,0.0013574,0.0000035,0.0000012
18048,0.0013571,0.0000035,0.0000012
18049,0.0013568,0.0000035,0.0000012
18050,0.0013566,0.0000035,0.0000012
18051,0.0013563,0.0000035,0.0000012
18052,0.0013560,0.0000035,0.0000012
18053,0.0013558,0.0000035,0.0000012
18054,0.0013555,0.0000035,0.0000012
18055,0.0013552,0.0000035,0.0000012
18056,0.0013550,0.0000035,0.0000012
18057,0.0013547,0.0000035,0.0000012
18058,0.0013545,0.0000035,0.0000012
18059,0.0013542,0.0000035,0.0000012
18060,0.0013539,0.0000035,0.0000012
18061,0.0013537,0.0000035,0.0000012
18062,0.0013534,0.0000035,0.0000012
18063,0.0013531,0.0000035,0.0000012
18064,0.0013529,0.0000035,0.0000012
18065,0.0013526,0.0000035,0.0000012
18066,0.0013524,0.0000035,0.0000012
18067,0.0013521,0.0000035,0.0000012
18068,0.0013518,0.0000035,0.0000012
18069,0.0013516,0.0000035,0.0000012
18070,0.0013513,0.0000035,0.0000012
18071,0.0013510,0.0000035,0.0000012
18072,0.0013508,0.0000035,0.0000012
18073,0.0013505,0.0000035,0.0000012
18074,0.0013503,0.0000035,0.0000012
18075,0.0013500,0.0000035,0.0000012
18076,0.0013497,0.0000035,0.0000012
18077,0.0013495,0.0000035,0.0000012
18078,0.0013492,0.0000035,0.0000012
18079,0.0013489,0.0000035,0.0000012
18080,0.0013487,0.0000035,0.0000012
18081,0.0013484,0.0000035,0.0000012
18082,0.0013482,0.0000035,0.0000012
18083,0.0013479,0.0000035,0.0000012
18084,0.0013476,0.0000035,0.0000012
18085,0.0013474,0.0000035,0.0000012
18086,0.0013471,0.0000035,0.0000012
18087,0.0013468,0.0000035,0.0000012
18088,0.0013466,0.0000035,0.0000012
18089,0.0013463,0.0000035,0.0000012
18090,0.0013461,0.0000035,0.0000012
18091,0.0013458,0.0000035,0.0000012
18092,0.0013455,0.0000035,0.0000012
18093,0.0013453,0.0000035,0.0000012
18094,0.0013450,0.0000035,0.0000012
18095,0.0013448,0.0000035,0.0000012
18096,0.0013445,0.0000035,0.0000012
18097,0.0013442,0.0000035,0.0000012
18098,0.0013440,0.0000035,0.0000012
18099,0.0013437,0.0000035,0.0000012
18100,0.0013434,0.0000035,0.0000012
18101,0.0013432,0.0000035,0.0000012
18102,0.0013429,0.0000035,0.0000012
18103,0.0013427,0.0000035,0.0000012
18104,0.0013424,0.0000035,0.0000012
18105,0.0013421,0.0000035,0.0000012
18106,0.0013419,0.0000035,0.0000012
18107,0.0013416,0.0000035,0.0000012
18108,0.0013414,0.0000035,0.0000012
18109,0.0013411,0.0000035,0.0000012
18110,0.0013408,0.0000035,0.0000012
18111,0.0013406,0.0000035,0.0000012
18112,0.0013403,0.0000035,0.0000012
18113,0.0013401,0.0000035,0.0000012
18114,0.0013398,0.0000035,0.0000012
18115,0.0013395,0.0000035,0.0000012
18116,0.0013393,0.0000035,0.0000012
18117,0.0013390,0.0000035,0.0000012
18118,0.0013388,0.0000035,0.0000012
18119,0.0013385,0.0000035,0.0000012
18120,0.0013382,0.0000035,0.0000012
18121,0.0013380,0.0000035,0.0000012
18122,0.0013377,0.0000035,0.0000012
18123,0.0013375,0.0000035,0.0000012
18124,0.0013372,0.0000035,0.0000012
18125,0.0013369,0.0000035,0.0000012
18126,0.0013367,0.0000035,0.0000012
18127,0.0013364,0.0000035,0.0000012
18128,0.0013362,0.0000035,0.0000012
18129,0.0013359,0.0000035,0.0000012
18130,0.0013356,0.0000035,0.0000012
18131,0.0013354,0.0000035,0.0000012
18132,0.0013351,0.0000035,0.0000012
18133,0.0013349,0.0000035,0.0000012
18134,0.0013346,0.0000035,0.0000012
18135,0.0013344,0.0000035,0.0000012
18136,0.0013341,0.0000035,0.0000012
18137,0.0013338,0.0000035,0.0000012
18138,0.0013336,0.0000035,0.0000012
18139,0.0013333,0.0000035,0.0000012
18140,0.0013331,0.0000035,0.0000012
18141,0.0013328,0.0000035,0.0000012
18142,0.0013325,0.0000035,0.0000012
18143,0.0013323,0.0000035,0.0000012
18144,0.0013320,0.0000035,0.0000012
18145,0.0013318,0.0000035,0.0000012
18146,0.0013315,0.0000035,0.0000012
18147,0.0013313,0.0000035,0.0000012
18148,0.0013310,0.0000035,0.0000012
18149,0.0013307,0.0000035,0.0000012
18150,0.0013305,0.0000035,0.0000012
18151,0.0013302,0.0000035,0.0000012
18152,0.0013300,0.0000035,0.0000012
18153,0.0013297,0.0000035,0.0000012
18154,0.0013294,0.0000035,0.0000011
18155,0.0013292,0.0000035,0.0000011
18156,0.0013289,0.0000035,0.0000011
18157,0.0013287,0.0000034,0.0000011
18158,0.0013284,0.0000034,0.0000011
18159,0.0013282,0.0000034,0.0000011
18160,0.0013279,0.0000034,0.0000011
18161,0.0013276,0.0000034,0.0000011
18162,0.0013274,0.0000034,0.0000011
18163,0.0013271,0.0000034,0.0000011
18164,0.0013269,0.0000034,0.0000011
18165,0.0013266,0.0000034,0.0000011
18166,0.0013264,0.0000034,0.0000011
18167,0.0013261,0.0000034,0.0000011
18168,0.0013258,0.0000034,0.0000011
18169,0.0013256,0.0000034,0.0000011
18170,0.0013253,0.0000034,0.0000011
18171,0.0013251,0.0000034,0.0000011
18172,0.0013248,0.0000034,0.0000011
18173,0.0013246,0.0000034,0.0000011
18174,0.0013243,0.0000034,0.0000011
18175,0.0013240,0.0000034,0.0000011
18176,0.0013238,0.0000034,0.0000011
18177,0.0013235,0.0000034,0.0000011
18178,0.0013233,0.0000034,0.0000011
18179,0.0013230,0.0000034,0.0000011
18180,0.0013228,0.0000034,0.0000011
18181,0.0013225,0.0000034,0.0000011
18182,0.0013222,0.0000034,0.0000011
18183,0.0013220,0.0000034,0.0000011
18184,0.0013217,0.0000034,0.0000011
18185,0.0013215,0.0000034,0.0000011
18186,0.0013212,0.0000034,0.0000011
18187,0.0013210,0.0000034,0.0000011
18188,0.0013207,0.0000034,0.0000011
18189,0.0013205,0.0000034,0.0000011
18190,0.0013202,0.0000034,0.0000011
18191,0.0013199,0.0000034,0.0000011
18192,0.0013197,0.0000034,0.0000011
18193,0.0013194,0.0000034,0.0000011
18194,0.0013192,0.0000034,0.0000011
18195,0.0013189,0.0000034,0.0000011
18196,0.0013187,0.0000034,0.0000011
18197,0.0013184,0.0000034,0.0000011
18198,0.0013182,0.0000034,0.0000011
18199,0.0013179,0.0000034,0.0000011
18200,0.0013176,0.0000034,0.0000011
18201,0.0013174,0.0000034,0.0000011
18202,0.0013171,0.0000034,0.0000011
18203,0.0013169,0.0000034,0.0000011
18204,0.0013166,0.0000034,0.0000011
18205,0.0013164,0.0000034,0.0000011
18206,0.0013161,0.0000034,0.0000011
18207,0.0013159,0.0000034,0.0000011
18208,0.0013156,0.0000034,0.0000011
18209,0.0013153,0.0000034,0.0000011
18210,0.0013151,0.0000034,0.0000011
18211,0.0013148,0.0000034,0.0000011
18212,0.0013146,0.0000034,0.0000011
18213,0.0013143,0.0000034,0.0000011
18214,0.0013141,0.0000034,0.0000011
18215,0.0013138,0.0000034,0.0000011
18216,0.0013136,0.0000034,0.0000011
18217,0.0013133,0.0000034,0.0000011
18218,0.0013131,0.0000034,0.0000011
18219,0.0013128,0.0000034,0.0000011
18220,0.0013126,0.0000034,0.0000011
18221,0.0013123,0.0000034,0.0000011
18222,0.0013120,0.0000034,0.0000011
18223,0.0013118,0.0000034,0.0000011
18224,0.0013115,0.0000034,0.0000011
18225,0.0013113,0.0000034,0.0000011
18226,0.0013110,0.0000034,0.0000011
18227,0.0013108,0.0000034,0.0000011
18228,0.0013105,0.0000034,0.0000011
18229,0.0013103,0.0000034,0.0000011
18230,0.0013100,0.0000034,0.0000011
18231,0.0013098,0.0000034,0.0000011
18232,0.0013095,0.0000034,0.0000011
18233,0.0013093,0.0000034,0.0000011
18234,0.0013090,0.0000034,0.0000011
18235,0.0013087,0.0000034,0.0000011
18236,0.0013085,0.0000034,0.0000011
18237,0.0013082,0.0000034,0.0000011
18238,0.0013080,0.0000034,0.0000011
18239,0.0013077,0.0000034,0.0000011
18240,0.0013075,0.0000034,0.0000011
18241,0.0013072,0.0000034,0.0000011
18242,0.0013070,0.0000034,0.0000011
18243,0.0013067,0.0000034,0.0000011
18244,0.0013065,0.0000034,0.0000011
18245,0.0013062,0.0000034,0.0000011
18246,0.0013060,0.0000034,0.0000011
18247,0.0013057,0.0000034,0.0000011
18248,0.0013055,0.0000034,0.0000011
18249,0.0013052,0.0000034,0.0000011
18250,0.0013050,0.0000034,0.0000011
18251,0.0013047,0.0000034,0.0000011
18252,0.0013044,0.0000034,0.0000011
18253,0.0013042,0.0000034,0.0000011
18254,0.0013039,0.0000034,0.0000011
18255,0.0013037,0.0000034,0.0000011
18256,0.0013034,0.0000034,0.0000011
18257,0.0013032,0.0000034,0.0000011
18258,0.0013029,0.0000034,0.0000011
18259,0.0013027,0.0000034,0.0000011
18260,0.0013024,0.0000034,0.0000011
18261,0.0013022,0.0000034,0.0000011
18262,0.0013019,0.0000034,0.0000011
18263,0.0013017,0.0000034,0.0000011
18264,0.0013014,0.0000034,0.0000011
18265,0.0013012,0.0000034,0.0000011
18266,0.0013009,0.0000034,0.0000011
18267,0.0013007,0.0000034,0.0000011
18268,0.0013004,0.0000034,0.0000011
18269,0.0013002,0.0000034,0.0000011
18270,0.0012999,0.0000034,0.0000011
18271,0.0012997,0.0000034,0.0000011
18272,0.0012994,0.0000034,0.0000011
18273,0.0012992,0.0000034,0.0000011
18274,0.0012989,0.0000034,0.0000011
18275,0.0012987,0.0000034,0.0000011
18276,0.0012984,0.0000034,0.0000011
18277,0.0012982,0.0000034,0.0000011
18278,0.0012979,0.0000034,0.0000011
18279,0.0012977,0.0000034,0.0000011
18280,0.0012974,0.0000034,0.0000011
18281,0.0012972,0.0000034,0.0000011
18282,0.0012969,0.0000034,0.0000011
18283,0.0012967,0.0000034,0.0000011
18284,0.0012964,0.0000034,0.0000011
18285,0.0012961,0.0000034,0.0000011
18286,0.0012959,0.0000034,0.0000011
18287,0.0012956,0.0000034,0.0000011
18288,0.0012954,0.0000034,0.0000011
18289,0.0012951,0.0000033,0.0000011
18290,0.0012949,0.0000033,0.0000011
18291,0.0012946,0.0000033,0.0000011
18292,0.0012944,0.0000033,0.0000011
18293,0.0012941,0.0000033,0.0000011
18294,0.0012939,0.0000033,0.0000011
18295,0.0012936,0.0000033,0.0000011
18296,0.0012934,0.0000033,0.0000011
18297,0.0012931,0.0000033,0.0000011
18298,0.0012929,0.0000033,0.0000011
18299,0.0012926,0.0000033,0.0000011
18300,0.0012924,0.0000033,0.0000011
18301,0.0012921,0.0000033,0.0000011
18302,0.0012919,0.0000033,0.0000011
18303,0.0012916,0.0000033,0.0000011
18304,0.0012914,0.0000033,0.0000011
18305,0.0012911,0.0000033,0.0000011
18306,0.0012909,0.0000033,0.0000011
18307,0.0012907,0.0000033,0.0000011
18308,0.0012904,0.0000033,0.0000011
18309,0.0012902,0.0000033,0.0000011
18310,0.0012899,0.0000033,0.0000011
18311,0.0012897,0.0000033,0.0000011
18312,0.0012894,0.0000033,0.0000011
18313,0.0012892,0.0000033,0.0000011
18314,0.0012889,0.0000033,0.0000011
18315,0.0012887,0.0000033,0.0000011
18316,0.0012884,0.0000033,0.0000011
18317,0.0012882,0.0000033,0.0000011
18318,0.0012879,0.0000033,0.0000011
18319,0.0012877,0.0000033,0.0000011
18320,0.0012874,0.0000033,0.0000011
18321,0.0012872,0.0000033,0.0000011
18322,0.0012869,0.0000033,0.0000011
18323,0.0012867,0.0000033,0.0000011
18324,0.0012864,0.0000033,0.0000011
18325,0.0012862,0.0000033,0.0000011
18326,0.0012859,0.0000033,0.0000011
18327,0.0012857,0.0000033,0.0000011
18328,0.0012854,0.0000033,0.0000011
18329,0.0012852,0.0000033,0.0000011
18330,0.0012849,0.0000033,0.0000011
18331,0.0012847,0.0000033,0.0000011
18332,0.0012844,0.0000033,0.0000011
18333,0.0012842,0.0000033,0.0000011
18334,0.0012839,0.0000033,0.0000011
18335,0.0012837,0.0000033,0.0000011
18336,0.0012834,0.0000033,0.0000011
18337,0.0012832,0.0000033,0.0000011
18338,0.0012829,0.0000033,0.0000011
18339,0.0012827,0.0000033,0.0000011
18340,0.0012825,0.0000033,0.0000011
18341,0.0012822,0.0000033,0.0000011
18342,0.0012820,0.0000033,0.0000011
18343,0.0012817,0.0000033,0.0000011
18344,0.0012815,0.0000033,0.0000011
18345,0.0012812,0.0000033,0.0000011
18346,0.0012810,0.0000033,0.0000011
18347,0.0012807,0.0000033,0.0000011
18348,0.0012805,0.0000033,0.0000011
18349,0.0012802,0.0000033,0.0000011
18350,0.0012800,0.0000033,0.0000011
18351,0.0012797,0.0000033,0.0000011
18352,0.0012795,0.0000033,0.0000011
18353,0.0012792,0.0000033,0.0000011
18354,0.0012790,0.0000033,0.0000011
18355,0.0012787,0.0000033,0.0000011
18356,0.0012785,0.0000033,0.0000011
18357,0.0012783,0.0000033,0.0000011
18358,0.0012780,0.0000033,0.0000011
18359,0.0012778,0.0000033,0.0000011
18360,0.0012775,0.0000033,0.0000011
18361,0.0012773,0.0000033,0.0000011
18362,0.0012770,0.0000033,0.0000011
18363,0.0012768,0.0000033,0.0000011
18364,0.0012765,0.0000033,0.0000011
18365,0.0012763,0.0000033,0.0000011
18366,0.0012760,0.0000033,0.0000011
18367,0.0012758,0.0000033,0.0000011
18368,0.0012755,0.0000033,0.0000011
18369,0.0012753,0.0000033,0.0000011
18370,0.0012750,0.0000033,0.0000011
18371,0.0012748,0.0000033,0.0000011
18372,0.0012746,0.0000033,0.0000011
18373,0.0012743,0.0000033,0.0000011
18374,0.0012741,0.0000033,0.0000011
18375,0.0012738,0.0000033,0.0000011
18376,0.0012736,0.0000033,0.0000011
18377,0.0012733,0.0000033,0.0000011
18378,0.0012731,0.0000033,0.0000011
18379,0.0012728,0.0000033,0.0000011
18380,0.0012726,0.0000033,0.0000011
18381,0.0012723,0.0000033,0.0000011
18382,0.0012721,0.0000033,0.0000011
18383,0.0012719,0.0000033,0.0000011
18384,0.0012716,0.0000033,0.0000011
18385,0.0012714,0.0000033,0.0000011
18386,0.0012711,0.0000033,0.0000011
18387,0.0012709,0.0000033,0.0000011
18388,0.0012706,0.0000033,0.0000011
18389,0.0012704,0.0000033,0.0000011
18390,0.0012701,0.0000033,0.0000011
18391,0.0012699,0.0000033,0.0000011
18392,0.0012697,0.0000033,0.0000011
18393,0.0012694,0.0000033,0.0000011
18394,0.0012692,0.0000033,0.0000011
18395,0.0012689,0.0000033,0.0000011
18396,0.0012687,0.0000033,0.0000011
18397,0.0012684,0.0000033,0.0000011
18398,0.0012682,0.0000033,0.0000011
18399,0.0012679,0.0000033,0.0000011
18400,0.0012677,0.0000033,0.0000011
18401,0.0012675,0.0000033,0.0000011
18402,0.0012672,0.0000033,0.0000011
18403,0.0012670,0.0000033,0.0000011
18404,0.0012667,0.0000033,0.0000011
18405,0.0012665,0.0000033,0.0000011
18406,0.0012662,0.0000033,0.0000011
18407,0.0012660,0.0000033,0.0000011
18408,0.0012657,0.0000033,0.0000011
18409,0.0012655,0.0000033,0.0000011
18410,0.0012653,0.0000033,0.0000011
18411,0.0012650,0.0000033,0.0000011
18412,0.0012648,0.0000033,0.0000011
18413,0.0012645,0.0000033,0.0000011
18414,0.0012643,0.0000033,0.0000011
18415,0.0012640,0.0000033,0.0000011
18416,0.0012638,0.0000033,0.0000011
18417,0.0012635,0.0000033,0.0000011
18418,0.0012633,0.0000033,0.0000011
18419,0.0012631,0.0000033,0.0000011
18420,0.0012628,0.0000033,0.0000011
18421,0.0012626,0.0000033,0.0000011
18422,0.0012623,0.0000033,0.0000011
18423,0.0012621,0.0000033,0.0000011
18424,0.0012618,0.0000033,0.0000011
18425,0.0012616,0.0000033,0.0000011
18426,0.0012614,0.0000032,0.0000011
18427,0.0012611,0.0000032,0.0000011
18428,0.0012609,0.0000032,0.0000011
18429,0.0012606,0.0000032,0.0000011
18430,0.0012604,0.0000032,0.0000011
18431,0.0012601,0.0000032,0.0000011
18432,0.0012599,0.0000032,0.0000011
18433,0.0012597,0.0000032,0.0000011
18434,0.0012594,0.0000032,0.0000011
18435,0.0012592,0.0000032,0.0000011
18436,0.0012589,0.0000032,0.0000011
18437,0.0012587,0.0000032,0.0000011
18438,0.0012584,0.0000032,0.0000011
18439,0.0012582,0.0000032,0.0000011
18440,0.0012580,0.0000032,0.0000011
18441,0.0012577,0.0000032,0.0000011
18442,0.0012575,0.0000032,0.0000011
18443,0.0012572,0.0000032,0.0000011
18444,0.0012570,0.0000032,0.0000011
18445,0.0012568,0.0000032,0.0000011
18446,0.0012565,0.0000032,0.0000011
18447,0.0012563,0.0000032,0.0000011
18448,0.0012560,0.0000032,0.0000011
18449,0.0012558,0.0000032,0.0000011
18450,0.0012555,0.0000032,0.0000011
18451,0.0012553,0.0000032,0.0000011
18452,0.0012551,0.0000032,0.0000011
18453,0.0012548,0.0000032,0.0000011
18454,0.0012546,0.0000032,0.0000011
18455,0.0012543,0.0000032,0.0000011
18456,0.0012541,0.0000032,0.0000011
18457,0.0012539,0.0000032,0.0000011
18458,0.0012536,0.0000032,0.0000011
18459,0.0012534,0.0000032,0.0000011
18460,0.0012531,0.0000032,0.0000011
18461,0.0012529,0.0000032,0.0000011
18462,0.0012526,0.0000032,0.0000011
18463,0.0012524,0.0000032,0.0000011
18464,0.0012522,0.0000032,0.0000011
18465,0.0012519,0.0000032,0.0000011
18466,0.0012517,0.0000032,0.0000011
18467,0.0012514,0.0000032,0.0000011
18468,0.0012512,0.0000032,0.0000011
18469,0.0012510,0.0000032,0.0000011
18470,0.0012507,0.0000032,0.0000011
18471,0.0012505,0.0000032,0.0000011
18472,0.0012502,0.0000032,0.0000011
18473,0.0012500,0.0000032,0.0000011
18474,0.0012498,0.0000032,0.0000011
18475,0.0012495,0.0000032,0.0000011
18476,0.0012493,0.0000032,0.0000011
18477,0.0012490,0.0000032,0.0000011
18478,0.0012488,0.0000032,0.0000011
18479,0.0012486,0.0000032,0.0000011
18480,0.0012483,0.0000032,0.0000011
18481,0.0012481,0.0000032,0.0000011
18482,0.0012478,0.0000032,0.0000011
18483,0.0012476,0.0000032,0.0000011
18484,0.0012474,0.0000032,0.0000011
18485,0.0012471,0.0000032,0.0000011
18486,0.0012469,0.0000032,0.0000011
18487,0.0012466,0.0000032,0.0000011
18488,0.0012464,0.0000032,0.0000011
18489,0.0012462,0.0000032,0.0000011
18490,0.0012459,0.0000032,0.0000011
18491,0.0012457,0.0000032,0.0000011
18492,0.0012454,0.0000032,0.0000011
18493,0.0012452,0.0000032,0.0000011
18494,0.0012450,0.0000032,0.0000011
18495,0.0012447,0.0000032,0.0000011
18496,0.0012445,0.0000032,0.0000011
18497,0.0012442,0.0000032,0.0000011
18498,0.0012440,0.0000032,0.0000011
18499,0.0012438,0.0000032,0.0000011
18500,0.0012435,0.0000032,0.0000011
18501,0.0012433,0.0000032,0.0000011
18502,0.0012430,0.0000032,0.0000011
18503,0.0012428,0.0000032,0.0000011
18504,0.0012426,0.0000032,0.0000011
18505,0.0012423,0.0000032,0.0000011
18506,0.0012421,0.0000032,0.0000011
18507,0.0012418,0.0000032,0.0000011
18508,0.0012416,0.0000032,0.0000011
18509,0.0012414,0.0000032,0.0000011
18510,0.0012411,0.0000032,0.0000011
18511,0.0012409,0.0000032,0.0000011
18512,0.0012407,0.0000032,0.0000011
18513,0.0012404,0.0000032,0.0000011
18514,0.0012402,0.0000032,0.0000011
18515,0.0012399,0.0000032,0.0000011
18516,0.0012397,0.0000032,0.0000011
18517,0.0012395,0.0000032,0.0000011
18518,0.0012392,0.0000032,0.0000011
18519,0.0012390,0.0000032,0.0000011
18520,0.0012387,0.0000032,0.0000011
18521,0.0012385,0.0000032,0.0000011
18522,0.0012383,0.0000032,0.0000011
18523,0.0012380,0.0000032,0.0000011
18524,0.0012378,0.0000032,0.0000011
18525,0.0012376,0.0000032,0.0000011
18526,0.0012373,0.0000032,0.0000011
18527,0.0012371,0.0000032,0.0000011
18528,0.0012368,0.0000032,0.0000011
18529,0.0012366,0.0000032,0.0000011
18530,0.0012364,0.0000032,0.0000011
18531,0.0012361,0.0000032,0.0000011
18532,0.0012359,0.0000032,0.0000011
18533,0.0012357,0.0000032,0.0000011
18534,0.0012354,0.0000032,0.0000011
18535,0.0012352,0.0000032,0.0000011
18536,0.0012349,0.0000032,0.0000011
18537,0.0012347,0.0000032,0.0000011
18538,0.0012345,0.0000032,0.0000011
18539,0.0012342,0.0000032,0.0000011
18540,0.0012340,0.0000032,0.0000011
18541,0.0012338,0.0000032,0.0000011
18542,0.0012335,0.0000032,0.0000011
18543,0.0012333,0.0000032,0.0000011
18544,0.0012330,0.0000032,0.0000011
18545,0.0012328,0.0000032,0.0000011
18546,0.0012326,0.0000032,0.0000011
18547,0.0012323,0.0000032,0.0000011
18548,0.0012321,0.0000032,0.0000011
18549,0.0012319,0.0000032,0.0000011
18550,0.0012316,0.0000032,0.0000011
18551,0.0012314,0.0000032,0.0000011
18552,0.0012312,0.0000032,0.0000011
18553,0.0012309,0.0000032,0.0000011
18554,0.0012307,0.0000032,0.0000011
18555,0.0012304,0.0000032,0.0000011
18556,0.0012302,0.0000032,0.0000011
18557,0.0012300,0.0000032,0.0000011
18558,0.0012297,0.0000032,0.0000011
18559,0.0012295,0.0000032,0.0000011
18560,0.0012293,0.0000032,0.0000011
18561,0.0012290,0.0000032,0.0000010
18562,0.0012288,0.0000032,0.0000010
18563,0.0012286,0.0000032,0.0000010
18564,0.0012283,0.0000032,0.0000010
18565,0.0012281,0.0000032,0.0000010
18566,0.0012279,0.0000032,0.0000010
18567,0.0012276,0.0000032,0.0000010
18568,0.0012274,0.0000031,0.0000010
18569,0.0012271,0.0000031,0.0000010
18570,0.0012269,0.0000031,0.0000010
18571,0.0012267,0.0000031,0.0000010
18572,0.0012264,0.0000031,0.0000010
18573,0.0012262,0.0000031,0.0000010
18574,0.0012260,0.0000031,0.0000010
18575,0.0012257,0.0000031,0.0000010
18576,0.0012255,0.0000031,0.0000010
18577,0.0012253,0.0000031,0.0000010
18578,0.0012250,0.0000031,0.0000010
18579,0.0012248,0.0000031,0.0000010
18580,0.0012246,0.0000031,0.0000010
18581,0.0012243,0.0000031,0.0000010
18582,0.0012241,0.0000031,0.0000010
18583,0.0012239,0.0000031,0.0000010
18584,0.0012236,0.0000031,0.0000010
18585,0.0012234,0.0000031,0.0000010
18586,0.0012231,0.0000031,0.0000010
18587,0.0012229,0.0000031,0.0000010
18588,0.0012227,0.0000031,0.0000010
18589,0.0012224,0.0000031,0.0000010
18590,0.0012222,0.0000031,0.0000010
18591,0.0012220,0.0000031,0.0000010
18592,0.0012217,0.0000031,0.0000010
18593,0.0012215,0.0000031,0.0000010
18594,0.0012213,0.0000031,0.0000010
18595,0.0012210,0.0000031,0.0000010
18596,0.0012208,0.0000031,0.0000010
18597,0.0012206,0.0000031,0.0000010
18598,0.0012203,0.0000031,0.0000010
18599,0.0012201,0.0000031,0.0000010
18600,0.0012199,0.0000031,0.0000010
18601,0.0012196,0.0000031,0.0000010
18602,0.0012194,0.0000031,0.0000010
18603,0.0012192,0.0000031,0.0000010
18604,0.0012189,0.0000031,0.0000010
18605,0.0012187,0.0000031,0.0000010
18606,0.0012185,0.0000031,0.0000010
18607,0.0012182,0.0000031,0.0000010
18608,0.0012180,0.0000031,0.0000010
18609,0.0012178,0.0000031,0.0000010
18610,0.0012175,0.0000031,0.0000010
18611,0.0012173,0.0000031,0.0000010
18612,0.0012171,0.0000031,0.0000010
18613,0.0012168,0.0000031,0.0000010
18614,0.0012166,0.0000031,0.0000010
18615,0.0012164,0.0000031,0.0000010
18616,0.0012161,0.0000031,0.0000010
18617,0.0012159,0.0000031,0.0000010
18618,0.0012157,0.0000031,0.0000010
18619,0.0012154,0.0000031,0.0000010
18620,0.0012152,0.0000031,0.0000010
18621,0.0012150,0.0000031,0.0000010
18622,0.0012147,0.0000031,0.0000010
18623,0.0012145,0.0000031,0.0000010
18624,0.0012143,0.0000031,0.0000010
18625,0.0012140,0.0000031,0.0000010
18626,0.0012138,0.0000031,0.0000010
18627,0.0012136,0.0000031,0.0000010
18628,0.0012133,0.0000031,0.0000010
18629,0.0012131,0.0000031,0.0000010
18630,0.0012129,0.0000031,0.0000010
18631,0.0012126,0.0000031,0.0000010
18632,0.0012124,0.0000031,0.0000010
18633,0.0012122,0.0000031,0.0000010
18634,0.0012119,0.0000031,0.0000010
18635,0.0012117,0.0000031,0.0000010
18636,0.0012115,0.0000031,0.0000010
18637,0.0012112,0.0000031,0.0000010
18638,0.0012110,0.0000031,0.0000010
18639,0.0012108,0.0000031,0.0000010
18640,0.0012105,0.0000031,0.0000010
18641,0.0012103,0.0000031,0.0000010
18642,0.0012101,0.0000031,0.0000010
18643,0.0012098,0.0000031,0.0000010
18644,0.0012096,0.0000031,0.0000010
18645,0.0012094,0.0000031,0.0000010
18646,0.0012092,0.0000031,0.0000010
18647,0.0012089,0.0000031,0.0000010
18648,0.0012087,0.0000031,0.0000010
18649,0.0012085,0.0000031,0.0000010
18650,0.0012082,0.0000031,0.0000010
18651,0.0012080,0.0000031,0.0000010
18652,0.0012078,0.0000031,0.0000010
18653,0.0012075,0.0000031,0.0000010
18654,0.0012073,0.0000031,0.0000010
18655,0.0012071,0.0000031,0.0000010
18656,0.0012068,0.0000031,0.0000010
18657,0.0012066,0.0000031,0.0000010
18658,0.0012064,0.0000031,0.0000010
18659,0.0012061,0.0000031,0.0000010
18660,0.0012059,0.0000031,0.0000010
18661,0.0012057,0.0000031,0.0000010
18662,0.0012055,0.0000031,0.0000010
18663,0.0012052,0.0000031,0.0000010
18664,0.0012050,0.0000031,0.0000010
18665,0.0012048,0.0000031,0.0000010
18666,0.0012045,0.0000031,0.0000010
18667,0.0012043,0.0000031,0.0000010
18668,0.0012041,0.0000031,0.0000010
18669,0.0012038,0.0000031,0.0000010
18670,0.0012036,0.0000031,0.0000010
18671,0.0012034,0.0000031,0.0000010
18672,0.0012031,0.0000031,0.0000010
18673,0.0012029,0.0000031,0.0000010
18674,0.0012027,0.0000031,0.0000010
18675,0.0012025,0.0000031,0.0000010
18676,0.0012022,0.0000031,0.0000010
18677,0.0012020,0.0000031,0.0000010
18678,0.0012018,0.0000031,0.0000010
18679,0.0012015,0.0000031,0.0000010
18680,0.0012013,0.0000031,0.0000010
18681,0.0012011,0.0000031,0.0000010
18682,0.0012008,0.0000031,0.0000010
18683,0.0012006,0.0000031,0.0000010
18684,0.0012004,0.0000031,0.0000010
18685,0.0012002,0.0000031,0.0000010
18686,0.0011999,0.0000031,0.0000010
18687,0.0011997,0.0000031,0.0000010
18688,0.0011995,0.0000031,0.0000010
18689,0.0011992,0.0000031,0.0000010
18690,0.0011990,0.0000031,0.0000010
18691,0.0011988,0.0000031,0.0000010
18692,0.0011985,0.0000031,0.0000010
18693,0.0011983,0.0000031,0.0000010
18694,0.0011981,0.0000031,0.0000010
18695,0.0011979,0.0000031,0.0000010
18696,0.0011976,0.0000031,0.0000010
18697,0.0011974,0.0000031,0.0000010
18698,0.0011972,0.0000031,0.0000010
18699,0.0011969,0.0000031,0.0000010
18700,0.0011967,0.0000031,0.0000010
18701,0.0011965,0.0000031,0.0000010
18702,0.0011963,0.0000031,0.0000010
18703,0.0011960,0.0000031,0.0000010
18704,0.0011958,0.0000031,0.0000010
18705,0.0011956,0.0000031,0.0000010
18706,0.0011953,0.0000031,0.0000010
18707,0.0011951,0.0000031,0.0000010
18708,0.0011949,0.0000031,0.0000010
18709,0.0011947,0.0000031,0.0000010
18710,0.0011944,0.0000031,0.0000010
18711,0.0011942,0.0000031,0.0000010
18712,0.0011940,0.0000031,0.0000010
18713,0.0011937,0.0000031,0.0000010
18714,0.0011935,0.0000031,0.0000010
18715,0.0011933,0.0000030,0.0000010
18716,0.0011931,0.0000030,0.0000010
18717,0.0011928,0.0000030,0.0000010
18718,0.0011926,0.0000030,0.0000010
18719,0.0011924,0.0000030,0.0000010
18720,0.0011921,0.0000030,0.0000010
18721,0.0011919,0.0000030,0.0000010
18722,0.0011917,0.0000030,0.0000010
18723,0.0011915,0.0000030,0.0000010
18724,0.0011912,0.0000030,0.0000010
18725,0.0011910,0.0000030,0.0000010
18726,0.0011908,0.0000030,0.0000010
18727,0.0011905,0.0000030,0.0000010
18728,0.0011903,0.0000030,0.0000010
18729,0.0011901,0.0000030,0.0000010
18730,0.0011899,0.0000030,0.0000010
18731,0.0011896,0.0000030,0.0000010
18732,0.0011894,0.0000030,0.0000010
18733,0.0011892,0.0000030,0.0000010
18734,0.0011890,0.0000030,0.0000010
18735,0.0011887,0.0000030,0.0000010
18736,0.0011885,0.0000030,0.0000010
18737,0.0011883,0.0000030,0.0000010
18738,0.0011880,0.0000030,0.0000010
18739,0.0011878,0.0000030,0.0000010
18740,0.0011876,0.0000030,0.0000010
18741,0.0011874,0.0000030,0.0000010
18742,0.0011871,0.0000030,0.0000010
18743,0.0011869,0.0000030,0.0000010
18744,0.0011867,0.0000030,0.0000010
18745,0.0011865,0.0000030,0.0000010
18746,0.0011862,0.0000030,0.0000010
18747,0.0011860,0.0000030,0.0000010
18748,0.0011858,0.0000030,0.0000010
18749,0.0011855,0.0000030,0.0000010
18750,0.0011853,0.0000030,0.0000010
18751,0.0011851,0.0000030,0.0000010
18752,0.0011849,0.0000030,0.0000010
18753,0.0011846,0.0000030,0.0000010
18754,0.0011844,0.0000030,0.0000010
18755,0.0011842,0.0000030,0.0000010
18756,0.0011840,0.0000030,0.0000010
18757,0.0011837,0.0000030,0.0000010
18758,0.0011835,0.0000030,0.0000010
18759,0.0011833,0.0000030,0.0000010
18760,0.0011831,0.0000030,0.0000010
18761,0.0011828,0.0000030,0.0000010
18762,0.0011826,0.0000030,0.0000010
18763,0.0011824,0.0000030,0.0000010
18764,0.0011822,0.0000030,0.0000010
18765,0.0011819,0.0000030,0.0000010
18766,0.0011817,0.0000030,0.0000010
18767,0.0011815,0.0000030,0.0000010
18768,0.0011813,0.0000030,0.0000010
18769,0.0011810,0.0000030,0.0000010
18770,0.0011808,0.0000030,0.0000010
18771,0.0011806,0.0000030,0.0000010
18772,0.0011803,0.0000030,0.0000010
18773,0.0011801,0.0000030,0.0000010
18774,0.0011799,0.0000030,0.0000010
18775,0.0011797,0.0000030,0.0000010
18776,0.0011794,0.0000030,0.0000010
18777,0.0011792,0.0000030,0.0000010
18778,0.0011790,0.0000030,0.0000010
18779,0.0011788,0.0000030,0.0000010
18780,0.0011785,0.0000030,0.0000010
18781,0.0011783,0.0000030,0.0000010
18782,0.0011781,0.0000030,0.0000010
18783,0.0011779,0.0000030,0.0000010
18784,0.0011776,0.0000030,0.0000010
18785,0.0011774,0.0000030,0.0000010
18786,0.0011772,0.0000030,0.0000010
18787,0.0011770,0.0000030,0.0000010
18788,0.0011767,0.0000030,0.0000010
18789,0.0011765,0.0000030,0.0000010
18790,0.0011763,0.0000030,0.0000010
18791,0.0011761,0.0000030,0.0000010
18792,0.0011758,0.0000030,0.0000010
18793,0.0011756,0.0000030,0.0000010
18794,0.0011754,0.0000030,0.0000010
18795,0.0011752,0.0000030,0.0000010
18796,0.0011749,0.0000030,0.0000010
18797,0.0011747,0.0000030,0.0000010
18798,0.0011745,0.0000030,0.0000010
18799,0.0011743,0.0000030,0.0000010
18800,0.0011741,0.0000030,0.0000010
18801,0.0011738,0.0000030,0.0000010
18802,0.0011736,0.0000030,0.0000010
18803,0.0011734,0.0000030,0.0000010
18804,0.0011732,0.0000030,0.0000010
18805,0.0011729,0.0000030,0.0000010
18806,0.0011727,0.0000030,0.0000010
18807,0.0011725,0.0000030,0.0000010
18808,0.0011723,0.0000030,0.0000010
18809,0.0011720,0.0000030,0.0000010
18810,0.0011718,0.0000030,0.0000010
18811,0.0011716,0.0000030,0.0000010
18812,0.0011714,0.0000030,0.0000010
18813,0.0011711,0.0000030,0.0000010
18814,0.0011709,0.0000030,0.0000010
18815,0.0011707,0.0000030,0.0000010
18816,0.0011705,0.0000030,0.0000010
18817,0.0011702,0.0000030,0.0000010
18818,0.0011700,0.0000030,0.0000010
18819,0.0011698,0.0000030,0.0000010
18820,0.0011696,0.0000030,0.0000010
18821,0.0011694,0.0000030,0.0000010
18822,0.0011691,0.0000030,0.0000010
18823,0.0011689,0.0000030,0.0000010
18824,0.0011687,0.0000030,0.0000010
18825,0.0011685,0.0000030,0.0000010
18826,0.0011682,0.0000030,0.0000010
18827,0.0011680,0.0000030,0.0000010
18828,0.0011678,0.0000030,0.0000010
18829,0.0011676,0.0000030,0.0000010
18830,0.0011673,0.0000030,0.0000010
18831,0.0011671,0.0000030,0.0000010
18832,0.0011669,0.0000030,0.0000010
18833,0.0011667,0.0000030,0.0000010
18834,0.0011665,0.0000030,0.0000010
18835,0.0011662,0.0000030,0.0000010
18836,0.0011660,0.0000030,0.0000010
18837,0.0011658,0.0000030,0.0000010
18838,0.0011656,0.0000030,0.0000010
18839,0.0011653,0.0000030,0.0000010
18840,0.0011651,0.0000030,0.0000010
18841,0.0011649,0.0000030,0.0000010
18842,0.0011647,0.0000030,0.0000010
18843,0.0011645,0.0000030,0.0000010
18844,0.0011642,0.0000030,0.0000010
18845,0.0011640,0.0000030,0.0000010
18846,0.0011638,0.0000030,0.0000010
18847,0.0011636,0.0000030,0.0000010
18848,0.0011633,0.0000030,0.0000010
18849,0.0011631,0.0000030,0.0000010
18850,0.0011629,0.0000030,0.0000010
18851,0.0011627,0.0000030,0.0000010
18852,0.0011625,0.0000030,0.0000010
18853,0.0011622,0.0000030,0.0000010
18854,0.0011620,0.0000030,0.0000010
18855,0.0011618,0.0000030,0.0000010
18856,0.0011616,0.0000030,0.0000010
18857,0.0011614,0.0000030,0.0000010
18858,0.0011611,0.0000030,0.0000010
18859,0.0011609,0.0000030,0.0000010
18860,0.0011607,0.0000030,0.0000010
18861,0.0011605,0.0000030,0.0000010
18862,0.0011602,0.0000030,0.0000010
18863,0.0011600,0.0000030,0.0000010
18864,0.0011598,0.0000030,0.0000010
18865,0.0011596,0.0000030,0.0000010
18866,0.0011594,0.0000030,0.0000010
18867,0.0011591,0.0000029,0.0000010
18868,0.0011589,0.0000029,0.0000010
18869,0.0011587,0.0000029,0.0000010
18870,0.0011585,0.0000029,0.0000010
18871,0.0011583,0.0000029,0.0000010
18872,0.0011580,0.0000029,0.0000010
18873,0.0011578,0.0000029,0.0000010
18874,0.0011576,0.0000029,0.0000010
18875,0.0011574,0.0000029,0.0000010
18876,0.0011572,0.0000029,0.0000010
18877,0.0011569,0.0000029,0.0000010
18878,0.0011567,0.0000029,0.0000010
18879,0.0011565,0.0000029,0.0000010
18880,0.0011563,0.0000029,0.0000010
18881,0.0011560,0.0000029,0.0000010
18882,0.0011558,0.0000029,0.0000010
18883,0.0011556,0.0000029,0.0000010
18884,0.0011554,0.0000029,0.0000010
18885,0.0011552,0.0000029,0.0000010
18886,0.0011549,0.0000029,0.0000010
18887,0.0011547,0.0000029,0.0000010
18888,0.0011545,0.0000029,0.0000010
18889,0.0011543,0.0000029,0.0000010
18890,0.0011541,0.0000029,0.0000010
18891,0.0011538,0.0000029,0.0000010
18892,0.0011536,0.0000029,0.0000010
18893,0.0011534,0.0000029,0.0000010
18894,0.0011532,0.0000029,0.0000010
18895,0.0011530,0.0000029,0.0000010
18896,0.0011527,0.0000029,0.0000010
18897,0.0011525,0.0000029,0.0000010
18898,0.0011523,0.0000029,0.0000010
18899,0.0011521,0.0000029,0.0000010
18900,0.0011519,0.0000029,0.0000010
18901,0.0011517,0.0000029,0.0000010
18902,0.0011514,0.0000029,0.0000010
18903,0.0011512,0.0000029,0.0000010
18904,0.0011510,0.0000029,0.0000010
18905,0.0011508,0.0000029,0.0000010
18906,0.0011506,0.0000029,0.0000010
18907,0.0011503,0.0000029,0.0000010
18908,0.0011501,0.0000029,0.0000010
18909,0.0011499,0.0000029,0.0000010
18910,0.0011497,0.0000029,0.0000010
18911,0.0011495,0.0000029,0.0000010
18912,0.0011492,0.0000029,0.0000010
18913,0.0011490,0.0000029,0.0000010
18914,0.0011488,0.0000029,0.0000010
18915,0.0011486,0.0000029,0.0000010
18916,0.0011484,0.0000029,0.0000010
18917,0.0011481,0.0000029,0.0000010
18918,0.0011479,0.0000029,0.0000010
18919,0.0011477,0.0000029,0.0000010
18920,0.0011475,0.0000029,0.0000010
18921,0.0011473,0.0000029,0.0000010
18922,0.0011471,0.0000029,0.0000010
18923,0.0011468,0.0000029,0.0000010
18924,0.0011466,0.0000029,0.0000010
18925,0.0011464,0.0000029,0.0000010
18926,0.0011462,0.0000029,0.0000010
18927,0.0011460,0.0000029,0.0000010
18928,0.0011457,0.0000029,0.0000010
18929,0.0011455,0.0000029,0.0000010
18930,0.0011453,0.0000029,0.0000010
18931,0.0011451,0.0000029,0.0000010
18932,0.0011449,0.0000029,0.0000010
18933,0.0011447,0.0000029,0.0000010
18934,0.0011444,0.0000029,0.0000010
18935,0.0011442,0.0000029,0.0000010
18936,0.0011440,0.0000029,0.0000010
18937,0.0011438,0.0000029,0.0000010
18938,0.0011436,0.0000029,0.0000010
18939,0.0011433,0.0000029,0.0000010
18940,0.0011431,0.0000029,0.0000010
18941,0.0011429,0.0000029,0.0000010
18942,0.0011427,0.0000029,0.0000010
18943,0.0011425,0.0000029,0.0000010
18944,0.0011423,0.0000029,0.0000010
18945,0.0011420,0.0000029,0.0000010
18946,0.0011418,0.0000029,0.0000010
18947,0.0011416,0.0000029,0.0000010
18948,0.0011414,0.0000029,0.0000010
18949,0.0011412,0.0000029,0.0000010
18950,0.0011410,0.0000029,0.0000010
18951,0.0011407,0.0000029,0.0000010
18952,0.0011405,0.0000029,0.0000010
18953,0.0011403,0.0000029,0.0000010
18954,0.0011401,0.0000029,0.0000010
18955,0.0011399,0.0000029,0.0000010
18956,0.0011397,0.0000029,0.0000010
18957,0.0011394,0.0000029,0.0000010
18958,0.0011392,0.0000029,0.0000010
18959,0.0011390,0.0000029,0.0000010
18960,0.0011388,0.0000029,0.0000010
18961,0.0011386,0.0000029,0.0000010
18962,0.0011384,0.0000029,0.0000010
18963,0.0011381,0.0000029,0.0000010
18964,0.0011379,0.0000029,0.0000010
18965,0.0011377,0.0000029,0.0000010
18966,0.0011375,0.0000029,0.0000010
18967,0.0011373,0.0000029,0.0000010
18968,0.0011371,0.0000029,0.0000010
18969,0.0011368,0.0000029,0.0000010
18970,0.0011366,0.0000029,0.0000010
18971,0.0011364,0.0000029,0.0000010
18972,0.0011362,0.0000029,0.0000010
18973,0.0011360,0.0000029,0.0000010
18974,0.0011358,0.0000029,0.0000010
18975,0.0011355,0.0000029,0.0000010
18976,0.0011353,0.0000029,0.0000010
18977,0.0011351,0.0000029,0.0000010
18978,0.0011349,0.0000029,0.0000010
18979,0.0011347,0.0000029,0.0000010
18980,0.0011345,0.0000029,0.0000010
18981,0.0011342,0.0000029,0.0000010
18982,0.0011340,0.0000029,0.0000010
18983,0.0011338,0.0000029,0.0000010
18984,0.0011336,0.0000029,0.0000010
18985,0.0011334,0.0000029,0.0000010
18986,0.0011332,0.0000029,0.0000010
18987,0.0011330,0.0000029,0.0000010
18988,0.0011327,0.0000029,0.0000010
18989,0.0011325,0.0000029,0.0000010
18990,0.0011323,0.0000029,0.0000010
18991,0.0011321,0.0000029,0.0000010
18992,0.0011319,0.0000029,0.0000010
18993,0.0011317,0.0000029,0.0000010
18994,0.0011314,0.0000029,0.0000010
18995,0.0011312,0.0000029,0.0000010
18996,0.0011310,0.0000029,0.0000010
18997,0.0011308,0.0000029,0.0000010
18998,0.0011306,0.0000029,0.0000010
18999,0.0011304,0.0000029,0.0000010
19000,0.0011302,0.0000029,0.0000010
19001,0.0011299,0.0000029,0.0000010
19002,0.0011297,0.0000029,0.0000010
19003,0.0011295,0.0000029,0.0000010
19004,0.0011293,0.0000029,0.0000010
19005,0.0011291,0.0000029,0.0000010
19006,0.0011289,0.0000029,0.0000010
19007,0.0011287,0.0000029,0.0000010
19008,0.0011284,0.0000029,0.0000010
19009,0.0011282,0.0000029,0.0000010
19010,0.0011280,0.0000029,0.0000010
19011,0.0011278,0.0000029,0.0000010
19012,0.0011276,0.0000029,0.0000010
19013,0.0011274,0.0000029,0.0000010
19014,0.0011272,0.0000029,0.0000010
19015,0.0011269,0.0000029,0.0000010
19016,0.0011267,0.0000029,0.0000010
19017,0.0011265,0.0000029,0.0000009
19018,0.0011263,0.0000029,0.0000009
19019,0.0011261,0.0000029,0.0000009
19020,0.0011259,0.0000029,0.0000009
19021,0.0011257,0.0000029,0.0000009
19022,0.0011254,0.0000029,0.0000009
19023,0.0011252,0.0000029,0.0000009
19024,0.0011250,0.0000029,0.0000009
19025,0.0011248,0.0000029,0.0000009
19026,0.0011246,0.0000028,0.0000009
19027,0.0011244,0.0000028,0.0000009
19028,0.0011242,0.0000028,0.0000009
19029,0.0011239,0.0000028,0.0000009
19030,0.0011237,0.0000028,0.0000009
19031,0.0011235,0.0000028,0.0000009
19032,0.0011233,0.0000028,0.0000009
19033,0.0011231,0.0000028,0.0000009
19034,0.0011229,0.0000028,0.0000009
19035,0.0011227,0.0000028,0.0000009
19036,0.0011225,0.0000028,0.0000009
19037,0.0011222,0.0000028,0.0000009
19038,0.0011220,0.0000028,0.0000009
19039,0.0011218,0.0000028,0.0000009
19040,0.0011216,0.0000028,0.0000009
19041,0.0011214,0.0000028,0.0000009
19042,0.0011212,0.0000028,0.0000009
19043,0.0011210,0.0000028,0.0000009
19044,0.0011207,0.0000028,0.0000009
19045,0.0011205,0.0000028,0.0000009
19046,0.0011203,0.0000028,0.0000009
19047,0.0011201,0.0000028,0.0000009
19048,0.0011199,0.0000028,0.0000009
19049,0.0011197,0.0000028,0.0000009
19050,0.0011195,0.0000028,0.0000009
19051,0.0011193,0.0000028,0.0000009
19052,0.0011190,0.0000028,0.0000009
19053,0.0011188,0.0000028,0.0000009
19054,0.0011186,0.0000028,0.0000009
19055,0.0011184,0.0000028,0.0000009
19056,0.0011182,0.0000028,0.0000009
19057,0.0011180,0.0000028,0.0000009
19058,0.0011178,0.0000028,0.0000009
19059,0.0011176,0.0000028,0.0000009
19060,0.0011173,0.0000028,0.0000009
19061,0.0011171,0.0000028,0.0000009
19062,0.0011169,0.0000028,0.0000009
19063,0.0011167,0.0000028,0.0000009
19064,0.0011165,0.0000028,0.0000009
19065,0.0011163,0.0000028,0.0000009
19066,0.0011161,0.0000028,0.0000009
19067,0.0011159,0.0000028,0.0000009
19068,0.0011157,0.0000028,0.0000009
19069,0.0011154,0.0000028,0.0000009
19070,0.0011152,0.0000028,0.0000009
19071,0.0011150,0.0000028,0.0000009
19072,0.0011148,0.0000028,0.0000009
19073,0.0011146,0.0000028,0.0000009
19074,0.0011144,0.0000028,0.0000009
19075,0.0011142,0.0000028,0.0000009
19076,0.0011140,0.0000028,0.0000009
19077,0.0011137,0.0000028,0.0000009
19078,0.0011135,0.0000028,0.0000009
19079,0.0011133,0.0000028,0.0000009
19080,0.0011131,0.0000028,0.0000009
19081,0.0011129,0.0000028,0.0000009
19082,0.0011127,0.0000028,0.0000009
19083,0.0011125,0.0000028,0.0000009
19084,0.0011123,0.0000028,0.0000009
19085,0.0011121,0.0000028,0.0000009
19086,0.0011118,0.0000028,0.0000009
19087,0.0011116,0.0000028,0.0000009
19088,0.0011114,0.0000028,0.0000009
19089,0.0011112,0.0000028,0.0000009
19090,0.0011110,0.0000028,0.0000009
19091,0.0011108,0.0000028,0.0000009
19092,0.0011106,0.0000028,0.0000009
19093,0.0011104,0.0000028,0.0000009
19094,0.0011102,0.0000028,0.0000009
19095,0.0011100,0.0000028,0.0000009
19096,0.0011097,0.0000028,0.0000009
19097,0.0011095,0.0000028,0.0000009
19098,0.0011093,0.0000028,0.0000009
19099,0.0011091,0.0000028,0.0000009
19100,0.0011089,0.0000028,0.0000009
19101,0.0011087,0.0000028,0.0000009
19102,0.0011085,0.0000028,0.0000009
19103,0.0011083,0.0000028,0.0000009
19104,0.0011081,0.0000028,0.0000009
19105,0.0011078,0.0000028,0.0000009
19106,0.0011076,0.0000028,0.0000009
19107,0.0011074,0.0000028,0.0000009
19108,0.0011072,0.0000028,0.0000009
19109,0.0011070,0.0000028,0.0000009
19110,0.0011068,0.0000028,0.0000009
19111,0.0011066,0.0000028,0.0000009
19112,0.0011064,0.0000028,0.0000009
19113,0.0011062,0.0000028,0.0000009
19114,0.0011060,0.0000028,0.0000009
19115,0.0011057,0.0000028,0.0000009
19116,0.0011055,0.0000028,0.0000009
19117,0.0011053,0.0000028,0.0000009
19118,0.0011051,0.0000028,0.0000009
19119,0.0011049,0.0000028,0.0000009
19120,0.0011047,0.0000028,0.0000009
19121,0.0011045,0.0000028,0.0000009
19122,0.0011043,0.0000028,0.0000009
19123,0.0011041,0.0000028,0.0000009
19124,0.0011039,0.0000028,0.0000009
19125,0.0011037,0.0000028,0.0000009
19126,0.0011034,0.0000028,0.0000009
19127,0.0011032,0.0000028,0.0000009
19128,0.0011030,0.0000028,0.0000009
19129,0.0011028,0.0000028,0.0000009
19130,0.0011026,0.0000028,0.0000009
19131,0.0011024,0.0000028,0.0000009
19132,0.0011022,0.0000028,0.0000009
19133,0.0011020,0.0000028,0.0000009
19134,0.0011018,0.0000028,0.0000009
19135,0.0011016,0.0000028,0.0000009
19136,0.0011014,0.0000028,0.0000009
19137,0.0011011,0.0000028,0.0000009
19138,0.0011009,0.0000028,0.0000009
19139,0.0011007,0.0000028,0.0000009
19140,0.0011005,0.0000028,0.0000009
19141,0.0011003,0.0000028,0.0000009
19142,0.0011001,0.0000028,0.0000009
19143,0.0010999,0.0000028,0.0000009
19144,0.0010997,0.0000028,0.0000009
19145,0.0010995,0.0000028,0.0000009
19146,0.0010993,0.0000028,0.0000009
19147,0.0010991,0.0000028,0.0000009
19148,0.0010989,0.0000028,0.0000009
19149,0.0010986,0.0000028,0.0000009
19150,0.0010984,0.0000028,0.0000009
19151,0.0010982,0.0000028,0.0000009
19152,0.0010980,0.0000028,0.0000009
19153,0.0010978,0.0000028,0.0000009
19154,0.0010976,0.0000028,0.0000009
19155,0.0010974,0.0000028,0.0000009
19156,0.0010972,0.0000028,0.0000009
19157,0.0010970,0.0000028,0.0000009
19158,0.0010968,0.0000028,0.0000009
19159,0.0010966,0.0000028,0.0000009
19160,0.0010964,0.0000028,0.0000009
19161,0.0010962,0.0000028,0.0000009
19162,0.0010959,0.0000028,0.0000009
19163,0.0010957,0.0000028,0.0000009
19164,0.0010955,0.0000028,0.0000009
19165,0.0010953,0.0000028,0.0000009
19166,0.0010951,0.0000028,0.0000009
19167,0.0010949,0.0000028,0.0000009
19168,0.0010947,0.0000028,0.0000009
19169,0.0010945,0.0000028,0.0000009
19170,0.0010943,0.0000028,0.0000009
19171,0.0010941,0.0000028,0.0000009
19172,0.0010939,0.0000028,0.0000009
19173,0.0010937,0.0000028,0.0000009
19174,0.0010935,0.0000028,0.0000009
19175,0.0010932,0.0000028,0.0000009
19176,0.0010930,0.0000028,0.0000009
19177,0.0010928,0.0000028,0.0000009
19178,0.0010926,0.0000028,0.0000009
19179,0.0010924,0.0000028,0.0000009
19180,0.0010922,0.0000028,0.0000009
19181,0.0010920,0.0000028,0.0000009
19182,0.0010918,0.0000028,0.0000009
19183,0.0010916,0.0000028,0.0000009
19184,0.0010914,0.0000028,0.0000009
19185,0.0010912,0.0000028,0.0000009
19186,0.0010910,0.0000028,0.0000009
19187,0.0010908,0.0000028,0.0000009
19188,0.0010906,0.0000028,0.0000009
19189,0.0010904,0.0000028,0.0000009
19190,0.0010901,0.0000028,0.0000009
19191,0.0010899,0.0000027,0.0000009
19192,0.0010897,0.0000027,0.0000009
19193,0.0010895,0.0000027,0.0000009
19194,0.0010893,0.0000027,0.0000009
19195,0.0010891,0.0000027,0.0000009
19196,0.0010889,0.0000027,0.0000009
19197,0.0010887,0.0000027,0.0000009
19198,0.0010885,0.0000027,0.0000009
19199,0.0010883,0.0000027,0.0000009
19200,0.0010881,0.0000027,0.0000009
19201,0.0010879,0.0000027,0.0000009
19202,0.0010877,0.0000027,0.0000009
19203,0.0010875,0.0000027,0.0000009
19204,0.0010873,0.0000027,0.0000009
19205,0.0010871,0.0000027,0.0000009
19206,0.0010869,0.0000027,0.0000009
19207,0.0010866,0.0000027,0.0000009
19208,0.0010864,0.0000027,0.0000009
19209,0.0010862,0.0000027,0.0000009
19210,0.0010860,0.0000027,0.0000009
19211,0.0010858,0.0000027,0.0000009
19212,0.0010856,0.0000027,0.0000009
19213,0.0010854,0.0000027,0.0000009
19214,0.0010852,0.0000027,0.0000009
19215,0.0010850,0.0000027,0.0000009
19216,0.0010848,0.0000027,0.0000009
19217,0.0010846,0.0000027,0.0000009
19218,0.0010844,0.0000027,0.0000009
19219,0.0010842,0.0000027,0.0000009
19220,0.0010840,0.0000027,0.0000009
19221,0.0010838,0.0000027,0.0000009
19222,0.0010836,0.0000027,0.0000009
19223,0.0010834,0.0000027,0.0000009
19224,0.0010832,0.0000027,0.0000009
19225,0.0010830,0.0000027,0.0000009
19226,0.0010827,0.0000027,0.0000009
19227,0.0010825,0.0000027,0.0000009
19228,0.0010823,0.0000027,0.0000009
19229,0.0010821,0.0000027,0.0000009
19230,0.0010819,0.0000027,0.0000009
19231,0.0010817,0.0000027,0.0000009
19232,0.0010815,0.0000027,0.0000009
19233,0.0010813,0.0000027,0.0000009
19234,0.0010811,0.0000027,0.0000009
19235,0.0010809,0.0000027,0.0000009
19236,0.0010807,0.0000027,0.0000009
19237,0.0010805,0.0000027,0.0000009
19238,0.0010803,0.0000027,0.0000009
19239,0.0010801,0.0000027,0.0000009
19240,0.0010799,0.0000027,0.0000009
19241,0.0010797,0.0000027,0.0000009
19242,0.0010795,0.0000027,0.0000009
19243,0.0010793,0.0000027,0.0000009
19244,0.0010791,0.0000027,0.0000009
19245,0.0010789,0.0000027,0.0000009
19246,0.0010787,0.0000027,0.0000009
19247,0.0010785,0.0000027,0.0000009
19248,0.0010783,0.0000027,0.0000009
19249,0.0010780,0.0000027,0.0000009
19250,0.0010778,0.0000027,0.0000009
19251,0.0010776,0.0000027,0.0000009
19252,0.0010774,0.0000027,0.0000009
19253,0.0010772,0.0000027,0.0000009
19254,0.0010770,0.0000027,0.0000009
19255,0.0010768,0.0000027,0.0000009
19256,0.0010766,0.0000027,0.0000009
19257,0.0010764,0.0000027,0.0000009
19258,0.0010762,0.0000027,0.0000009
19259,0.0010760,0.0000027,0.0000009
19260,0.0010758,0.0000027,0.0000009
19261,0.0010756,0.0000027,0.0000009
19262,0.0010754,0.0000027,0.0000009
19263,0.0010752,0.0000027,0.0000009
19264,0.0010750,0.0000027,0.0000009
19265,0.0010748,0.0000027,0.0000009
19266,0.0010746,0.0000027,0.0000009
19267,0.0010744,0.0000027,0.0000009
19268,0.0010742,0.0000027,0.0000009
19269,0.0010740,0.0000027,0.0000009
19270,0.0010738,0.0000027,0.0000009
19271,0.0010736,0.0000027,0.0000009
19272,0.0010734,0.0000027,0.0000009
19273,0.0010732,0.0000027,0.0000009
19274,0.0010730,0.0000027,0.0000009
19275,0.0010728,0.0000027,0.0000009
19276,0.0010726,0.0000027,0.0000009
19277,0.0010724,0.0000027,0.0000009
19278,0.0010722,0.0000027,0.0000009
19279,0.0010720,0.0000027,0.0000009
19280,0.0010717,0.0000027,0.0000009
19281,0.0010715,0.0000027,0.0000009
19282,0.0010713,0.0000027,0.0000009
19283,0.0010711,0.0000027,0.0000009
19284,0.0010709,0.0000027,0.0000009
19285,0.0010707,0.0000027,0.0000009
19286,0.0010705,0.0000027,0.0000009
19287,0.0010703,0.0000027,0.0000009
19288,0.0010701,0.0000027,0.0000009
19289,0.0010699,0.0000027,0.0000009
19290,0.0010697,0.0000027,0.0000009
19291,0.0010695,0.0000027,0.0000009
19292,0.0010693,0.0000027,0.0000009
19293,0.0010691,0.0000027,0.0000009
19294,0.0010689,0.0000027,0.0000009
19295,0.0010687,0.0000027,0.0000009
19296,0.0010685,0.0000027,0.0000009
19297,0.0010683,0.0000027,0.0000009
19298,0.0010681,0.0000027,0.0000009
19299,0.0010679,0.0000027,0.0000009
19300,0.0010677,0.0000027,0.0000009
19301,0.0010675,0.0000027,0.0000009
19302,0.0010673,0.0000027,0.0000009
19303,0.0010671,0.0000027,0.0000009
19304,0.0010669,0.0000027,0.0000009
19305,0.0010667,0.0000027,0.0000009
19306,0.0010665,0.0000027,0.0000009
19307,0.0010663,0.0000027,0.0000009
19308,0.0010661,0.0000027,0.0000009
19309,0.0010659,0.0000027,0.0000009
19310,0.0010657,0.0000027,0.0000009
19311,0.0010655,0.0000027,0.0000009
19312,0.0010653,0.0000027,0.0000009
19313,0.0010651,0.0000027,0.0000009
19314,0.0010649,0.0000027,0.0000009
19315,0.0010647,0.0000027,0.0000009
19316,0.0010645,0.0000027,0.0000009
19317,0.0010643,0.0000027,0.0000009
19318,0.0010641,0.0000027,0.0000009
19319,0.0010639,0.0000027,0.0000009
19320,0.0010637,0.0000027,0.0000009
19321,0.0010635,0.0000027,0.0000009
19322,0.0010633,0.0000027,0.0000009
19323,0.0010631,0.0000027,0.0000009
19324,0.0010629,0.0000027,0.0000009
19325,0.0010627,0.0000027,0.0000009
19326,0.0010625,0.0000027,0.0000009
19327,0.0010623,0.0000027,0.0000009
19328,0.0010621,0.0000027,0.0000009
19329,0.0010619,0.0000027,0.0000009
19330,0.0010617,0.0000027,0.0000009
19331,0.0010615,0.0000027,0.0000009
19332,0.0010613,0.0000027,0.0000009
19333,0.0010611,0.0000027,0.0000009
19334,0.0010609,0.0000027,0.0000009
19335,0.0010607,0.0000027,0.0000009
19336,0.0010605,0.0000027,0.0000009
19337,0.0010603,0.0000027,0.0000009
19338,0.0010601,0.0000027,0.0000009
19339,0.0010599,0.0000027,0.0000009
19340,0.0010597,0.0000027,0.0000009
19341,0.0010595,0.0000027,0.0000009
19342,0.0010593,0.0000027,0.0000009
19343,0.0010591,0.0000027,0.0000009
19344,0.0010589,0.0000027,0.0000009
19345,0.0010587,0.0000027,0.0000009
19346,0.0010585,0.0000027,0.0000009
19347,0.0010583,0.0000027,0.0000009
19348,0.0010581,0.0000027,0.0000009
19349,0.0010579,0.0000027,0.0000009
19350,0.0010577,0.0000027,0.0000009
19351,0.0010575,0.0000027,0.0000009
19352,0.0010573,0.0000027,0.0000009
19353,0.0010571,0.0000027,0.0000009
19354,0.0010569,0.0000027,0.0000009
19355,0.0010567,0.0000027,0.0000009
19356,0.0010565,0.0000027,0.0000009
19357,0.0010563,0.0000027,0.0000009
19358,0.0010561,0.0000027,0.0000009
19359,0.0010559,0.0000027,0.0000009
19360,0.0010557,0.0000027,0.0000009
19361,0.0010555,0.0000027,0.0000009
19362,0.0010553,0.0000027,0.0000009
19363,0.0010551,0.0000026,0.0000009
19364,0.0010549,0.0000026,0.0000009
19365,0.0010547,0.0000026,0.0000009
19366,0.0010545,0.0000026,0.0000009
19367,0.0010543,0.0000026,0.0000009
19368,0.0010541,0.0000026,0.0000009
19369,0.0010539,0.0000026,0.0000009
19370,0.0010537,0.0000026,0.0000009
19371,0.0010535,0.0000026,0.0000009
19372,0.0010533,0.0000026,0.0000009
19373,0.0010531,0.0000026,0.0000009
19374,0.0010529,0.0000026,0.0000009
19375,0.0010527,0.0000026,0.0000009
19376,0.0010525,0.0000026,0.0000009
19377,0.0010523,0.0000026,0.0000009
19378,0.0010521,0.0000026,0.0000009
19379,0.0010519,0.0000026,0.0000009
19380,0.0010517,0.0000026,0.0000009
19381,0.0010515,0.0000026,0.0000009
19382,0.0010513,0.0000026,0.0000009
19383,0.0010511,0.0000026,0.0000009
19384,0.0010509,0.0000026,0.0000009
19385,0.0010507,0.0000026,0.0000009
19386,0.0010505,0.0000026,0.0000009
19387,0.0010503,0.0000026,0.0000009
19388,0.0010501,0.0000026,0.0000009
19389,0.0010499,0.0000026,0.0000009
19390,0.0010497,0.0000026,0.0000009
19391,0.0010495,0.0000026,0.0000009
19392,0.0010493,0.0000026,0.0000009
19393,0.0010491,0.0000026,0.0000009
19394,0.0010489,0.0000026,0.0000009
19395,0.0010487,0.0000026,0.0000009
19396,0.0010485,0.0000026,0.0000009
19397,0.0010483,0.0000026,0.0000009
19398,0.0010481,0.0000026,0.0000009
19399,0.0010480,0.0000026,0.0000009
19400,0.0010478,0.0000026,0.0000009
19401,0.0010476,0.0000026,0.0000009
19402,0.0010474,0.0000026,0.0000009
19403,0.0010472,0.0000026,0.0000009
19404,0.0010470,0.0000026,0.0000009
19405,0.0010468,0.0000026,0.0000009
19406,0.0010466,0.0000026,0.0000009
19407,0.0010464,0.0000026,0.0000009
19408,0.0010462,0.0000026,0.0000009
19409,0.0010460,0.0000026,0.0000009
19410,0.0010458,0.0000026,0.0000009
19411,0.0010456,0.0000026,0.0000009
19412,0.0010454,0.0000026,0.0000009
19413,0.0010452,0.0000026,0.0000009
19414,0.0010450,0.0000026,0.0000009
19415,0.0010448,0.0000026,0.0000009
19416,0.0010446,0.0000026,0.0000009
19417,0.0010444,0.0000026,0.0000009
19418,0.0010442,0.0000026,0.0000009
19419,0.0010440,0.0000026,0.0000009
19420,0.0010438,0.0000026,0.0000009
19421,0.0010436,0.0000026,0.0000009
19422,0.0010434,0.0000026,0.0000009
19423,0.0010432,0.0000026,0.0000009
19424,0.0010430,0.0000026,0.0000009
19425,0.0010428,0.0000026,0.0000009
19426,0.0010426,0.0000026,0.0000009
19427,0.0010424,0.0000026,0.0000009
19428,0.0010422,0.0000026,0.0000009
19429,0.0010420,0.0000026,0.0000009
19430,0.0010418,0.0000026,0.0000009
19431,0.0010417,0.0000026,0.0000009
19432,0.0010415,0.0000026,0.0000009
19433,0.0010413,0.0000026,0.0000009
19434,0.0010411,0.0000026,0.0000009
19435,0.0010409,0.0000026,0.0000009
19436,0.0010407,0.0000026,0.0000009
19437,0.0010405,0.0000026,0.0000009
19438,0.0010403,0.0000026,0.0000009
19439,0.0010401,0.0000026,0.0000009
19440,0.0010399,0.0000026,0.0000009
19441,0.0010397,0.0000026,0.0000009
19442,0.0010395,0.0000026,0.0000009
19443,0.0010393,0.0000026,0.0000009
19444,0.0010391,0.0000026,0.0000009
19445,0.0010389,0.0000026,0.0000009
19446,0.0010387,0.0000026,0.0000009
19447,0.0010385,0.0000026,0.0000009
19448,0.0010383,0.0000026,0.0000009
19449,0.0010381,0.0000026,0.0000009
19450,0.0010379,0.0000026,0.0000009
19451,0.0010377,0.0000026,0.0000009
19452,0.0010375,0.0000026,0.0000009
19453,0.0010373,0.0000026,0.0000009
19454,0.0010372,0.0000026,0.0000009
19455,0.0010370,0.0000026,0.0000009
19456,0.0010368,0.0000026,0.0000009
19457,0.0010366,0.0000026,0.0000009
19458,0.0010364,0.0000026,0.0000009
19459,0.0010362,0.0000026,0.0000009
19460,0.0010360,0.0000026,0.0000009
19461,0.0010358,0.0000026,0.0000009
19462,0.0010356,0.0000026,0.0000009
19463,0.0010354,0.0000026,0.0000009
19464,0.0010352,0.0000026,0.0000009
19465,0.0010350,0.0000026,0.0000009
19466,0.0010348,0.0000026,0.0000009
19467,0.0010346,0.0000026,0.0000009
19468,0.0010344,0.0000026,0.0000009
19469,0.0010342,0.0000026,0.0000009
19470,0.0010340,0.0000026,0.0000009
19471,0.0010338,0.0000026,0.0000009
19472,0.0010336,0.0000026,0.0000009
19473,0.0010334,0.0000026,0.0000009
19474,0.0010333,0.0000026,0.0000009
19475,0.0010331,0.0000026,0.0000009
19476,0.0010329,0.0000026,0.0000009
19477,0.0010327,0.0000026,0.0000009
19478,0.0010325,0.0000026,0.0000009
19479,0.0010323,0.0000026,0.0000009
19480,0.0010321,0.0000026,0.0000009
19481,0.0010319,0.0000026,0.0000009
19482,0.0010317,0.0000026,0.0000009
19483,0.0010315,0.0000026,0.0000009
19484,0.0010313,0.0000026,0.0000009
19485,0.0010311,0.0000026,0.0000009
19486,0.0010309,0.0000026,0.0000009
19487,0.0010307,0.0000026,0.0000009
19488,0.0010305,0.0000026,0.0000009
19489,0.0010303,0.0000026,0.0000009
19490,0.0010301,0.0000026,0.0000009
19491,0.0010300,0.0000026,0.0000009
19492,0.0010298,0.0000026,0.0000009
19493,0.0010296,0.0000026,0.0000009
19494,0.0010294,0.0000026,0.0000009
19495,0.0010292,0.0000026,0.0000009
19496,0.0010290,0.0000026,0.0000009
19497,0.0010288,0.0000026,0.0000009
19498,0.0010286,0.0000026,0.0000009
19499,0.0010284,0.0000026,0.0000009
19500,0.0010282,0.0000026,0.0000009
19501,0.0010280,0.0000026,0.0000009
19502,0.0010278,0.0000026,0.0000009
19503,0.0010276,0.0000026,0.0000009
19504,0.0010274,0.0000026,0.0000009
19505,0.0010272,0.0000026,0.0000009
19506,0.0010271,0.0000026,0.0000009
19507,0.0010269,0.0000026,0.0000009
19508,0.0010267,0.0000026,0.0000009
19509,0.0010265,0.0000026,0.0000009
19510,0.0010263,0.0000026,0.0000009
19511,0.0010261,0.0000026,0.0000009
19512,0.0010259,0.0000026,0.0000009
19513,0.0010257,0.0000026,0.0000009
19514,0.0010255,0.0000026,0.0000009
19515,0.0010253,0.0000026,0.0000009
19516,0.0010251,0.0000026,0.0000009
19517,0.0010249,0.0000026,0.0000009
19518,0.0010247,0.0000026,0.0000009
19519,0.0010245,0.0000026,0.0000009
19520,0.0010244,0.0000026,0.0000009
19521,0.0010242,0.0000026,0.0000009
19522,0.0010240,0.0000026,0.0000009
19523,0.0010238,0.0000026,0.0000009
19524,0.0010236,0.0000026,0.0000009
19525,0.0010234,0.0000026,0.0000009
19526,0.0010232,0.0000026,0.0000009
19527,0.0010230,0.0000026,0.0000009
19528,0.0010228,0.0000026,0.0000009
19529,0.0010226,0.0000026,0.0000009
19530,0.0010224,0.0000026,0.0000009
19531,0.0010222,0.0000026,0.0000009
19532,0.0010220,0.0000026,0.0000009
19533,0.0010219,0.0000026,0.0000009
19534,0.0010217,0.0000026,0.0000009
19535,0.0010215,0.0000026,0.0000008
19536,0.0010213,0.0000026,0.0000008
19537,0.0010211,0.0000026,0.0000008
19538,0.0010209,0.0000026,0.0000008
19539,0.0010207,0.0000026,0.0000008
19540,0.0010205,0.0000026,0.0000008
19541,0.0010203,0.0000026,0.0000008
19542,0.0010201,0.0000025,0.0000008
19543,0.0010199,0.0000025,0.0000008
19544,0.0010197,0.0000025,0.0000008
19545,0.0010196,0.0000025,0.0000008
19546,0.0010194,0.0000025,0.0000008
19547,0.0010192,0.0000025,0.0000008
19548,0.0010190,0.0000025,0.0000008
19549,0.0010188,0.0000025,0.0000008
19550,0.0010186,0.0000025,0.0000008
19551,0.0010184,0.0000025,0.0000008
19552,0.0010182,0.0000025,0.0000008
19553,0.0010180,0.0000025,0.0000008
19554,0.0010178,0.0000025,0.0000008
19555,0.0010176,0.0000025,0.0000008
19556,0.0010174,0.0000025,0.0000008
19557,0.0010173,0.0000025,0.0000008
19558,0.0010171,0.0000025,0.0000008
19559,0.0010169,0.0000025,0.0000008
19560,0.0010167,0.0000025,0.0000008
19561,0.0010165,0.0000025,0.0000008
19562,0.0010163,0.0000025,0.0000008
19563,0.0010161,0.0000025,0.0000008
19564,0.0010159,0.0000025,0.0000008
19565,0.0010157,0.0000025,0.0000008
19566,0.0010155,0.0000025,0.0000008
19567,0.0010153,0.0000025,0.0000008
19568,0.0010152,0.0000025,0.0000008
19569,0.0010150,0.0000025,0.0000008
19570,0.0010148,0.0000025,0.0000008
19571,0.0010146,0.0000025,0.0000008
19572,0.0010144,0.0000025,0.0000008
19573,0.0010142,0.0000025,0.0000008
19574,0.0010140,0.0000025,0.0000008
19575,0.0010138,0.0000025,0.0000008
19576,0.0010136,0.0000025,0.0000008
19577,0.0010134,0.0000025,0.0000008
19578,0.0010133,0.0000025,0.0000008
19579,0.0010131,0.0000025,0.0000008
19580,0.0010129,0.0000025,0.0000008
19581,0.0010127,0.0000025,0.0000008
19582,0.0010125,0.0000025,0.0000008
19583,0.0010123,0.0000025,0.0000008
19584,0.0010121,0.0000025,0.0000008
19585,0.0010119,0.0000025,0.0000008
19586,0.0010117,0.0000025,0.0000008
19587,0.0010115,0.0000025,0.0000008
19588,0.0010114,0.0000025,0.0000008
19589,0.0010112,0.0000025,0.0000008
19590,0.0010110,0.0000025,0.0000008
19591,0.0010108,0.0000025,0.0000008
19592,0.0010106,0.0000025,0.0000008
19593,0.0010104,0.0000025,0.0000008
19594,0.0010102,0.0000025,0.0000008
19595,0.0010100,0.0000025,0.0000008
19596,0.0010098,0.0000025,0.0000008
19597,0.0010096,0.0000025,0.0000008
19598,0.0010095,0.0000025,0.0000008
19599,0.0010093,0.0000025,0.0000008
19600,0.0010091,0.0000025,0.0000008
19601,0.0010089,0.0000025,0.0000008
19602,0.0010087,0.0000025,0.0000008
19603,0.0010085,0.0000025,0.0000008
19604,0.0010083,0.0000025,0.0000008
19605,0.0010081,0.0000025,0.0000008
19606,0.0010079,0.0000025,0.0000008
19607,0.0010078,0.0000025,0.0000008
19608,0.0010076,0.0000025,0.0000008
19609,0.0010074,0.0000025,0.0000008
19610,0.0010072,0.0000025,0.0000008
19611,0.0010070,0.0000025,0.0000008
19612,0.0010068,0.0000025,0.0000008
19613,0.0010066,0.0000025,0.0000008
19614,0.0010064,0.0000025,0.0000008
19615,0.0010062,0.0000025,0.0000008
19616,0.0010061,0.0000025,0.0000008
19617,0.0010059,0.0000025,0.0000008
19618,0.0010057,0.0000025,0.0000008
19619,0.0010055,0.0000025,0.0000008
19620,0.0010053,0.0000025,0.0000008
19621,0.0010051,0.0000025,0.0000008
19622,0.0010049,0.0000025,0.0000008
19623,0.0010047,0.0000025,0.0000008
19624,0.0010045,0.0000025,0.0000008
19625,0.0010044,0.0000025,0.0000008
19626,0.0010042,0.0000025,0.0000008
19627,0.0010040,0.0000025,0.0000008
19628,0.0010038,0.0000025,0.0000008
19629,0.0010036,0.0000025,0.0000008
19630,0.0010034,0.0000025,0.0000008
19631,0.0010032,0.0000025,0.0000008
19632,0.0010030,0.0000025,0.0000008
19633,0.0010028,0.0000025,0.0000008
19634,0.0010027,0.0000025,0.0000008
19635,0.0010025,0.0000025,0.0000008
19636,0.0010023,0.0000025,0.0000008
19637,0.0010021,0.0000025,0.0000008
19638,0.0010019,0.0000025,0.0000008
19639,0.0010017,0.0000025,0.0000008
19640,0.0010015,0.0000025,0.0000008
19641,0.0010013,0.0000025,0.0000008
19642,0.0010012,0.0000025,0.0000008
19643,0.0010010,0.0000025,0.0000008
19644,0.0010008,0.0000025,0.0000008
19645,0.0010006,0.0000025,0.0000008
19646,0.0010004,0.0000025,0.0000008
19647,0.0010002,0.0000025,0.0000008
19648,0.0010000,0.0000025,0.0000008
19649,0.0009998,0.0000025,0.0000008
19650,0.0009997,0.0000025,0.0000008
19651,0.0009995,0.0000025,0.0000008
19652,0.0009993,0.0000025,0.0000008
19653,0.0009991,0.0000025,0.0000008
19654,0.0009989,0.0000025,0.0000008
19655,0.0009987,0.0000025,0.0000008
19656,0.0009985,0.0000025,0.0000008
19657,0.0009983,0.0000025,0.0000008
19658,0.0009982,0.0000025,0.0000008
19659,0.0009980,0.0000025,0.0000008
19660,0.0009978,0.0000025,0.0000008
19661,0.0009976,0.0000025,0.0000008
19662,0.0009974,0.0000025,0.0000008
19663,0.0009972,0.0000025,0.0000008
19664,0.0009970,0.0000025,0.0000008
19665,0.0009968,0.0000025,0.0000008
19666,0.0009967,0.0000025,0.0000008
19667,0.0009965,0.0000025,0.0000008
19668,0.0009963,0.0000025,0.0000008
19669,0.0009961,0.0000025,0.0000008
19670,0.0009959,0.0000025,0.0000008
19671,0.0009957,0.0000025,0.0000008
19672,0.0009955,0.0000025,0.0000008
19673,0.0009954,0.0000025,0.0000008
19674,0.0009952,0.0000025,0.0000008
19675,0.0009950,0.0000025,0.0000008
19676,0.0009948,0.0000025,0.0000008
19677,0.0009946,0.0000025,0.0000008
19678,0.0009944,0.0000025,0.0000008
19679,0.0009942,0.0000025,0.0000008
19680,0.0009941,0.0000025,0.0000008
19681,0.0009939,0.0000025,0.0000008
19682,0.0009937,0.0000025,0.0000008
19683,0.0009935,0.0000025,0.0000008
19684,0.0009933,0.0000025,0.0000008
19685,0.0009931,0.0000025,0.0000008
19686,0.0009929,0.0000025,0.0000008
19687,0.0009927,0.0000025,0.0000008
19688,0.0009926,0.0000025,0.0000008
19689,0.0009924,0.0000025,0.0000008
19690,0.0009922,0.0000025,0.0000008
19691,0.0009920,0.0000025,0.0000008
19692,0.0009918,0.0000025,0.0000008
19693,0.0009916,0.0000025,0.0000008
19694,0.0009914,0.0000025,0.0000008
19695,0.0009913,0.0000025,0.0000008
19696,0.0009911,0.0000025,0.0000008
19697,0.0009909,0.0000025,0.0000008
19698,0.0009907,0.0000025,0.0000008
19699,0.0009905,0.0000025,0.0000008
19700,0.0009903,0.0000025,0.0000008
19701,0.0009901,0.0000025,0.0000008
19702,0.0009900,0.0000025,0.0000008
19703,0.0009898,0.0000025,0.0000008
19704,0.0009896,0.0000025,0.0000008
19705,0.0009894,0.0000025,0.0000008
19706,0.0009892,0.0000025,0.0000008
19707,0.0009890,0.0000025,0.0000008
19708,0.0009889,0.0000025,0.0000008
19709,0.0009887,0.0000025,0.0000008
19710,0.0009885,0.0000025,0.0000008
19711,0.0009883,0.0000025,0.0000008
19712,0.0009881,0.0000025,0.0000008
19713,0.0009879,0.0000025,0.0000008
19714,0.0009877,0.0000025,0.0000008
19715,0.0009876,0.0000025,0.0000008
19716,0.0009874,0.0000025,0.0000008
19717,0.0009872,0.0000025,0.0000008
19718,0.0009870,0.0000025,0.0000008
19719,0.0009868,0.0000025,0.0000008
19720,0.0009866,0.0000025,0.0000008
19721,0.0009864,0.0000025,0.0000008
19722,0.0009863,0.0000025,0.0000008
19723,0.0009861,0.0000025,0.0000008
19724,0.0009859,0.0000025,0.0000008
19725,0.0009857,0.0000025,0.0000008
19726,0.0009855,0.0000025,0.0000008
19727,0.0009853,0.0000025,0.0000008
19728,0.0009852,0.0000025,0.0000008
19729,0.0009850,0.0000025,0.0000008
19730,0.0009848,0.0000024,0.0000008
19731,0.0009846,0.0000024,0.0000008
19732,0.0009844,0.0000024,0.0000008
19733,0.0009842,0.0000024,0.0000008
19734,0.0009840,0.0000024,0.0000008
19735,0.0009839,0.0000024,0.0000008
19736,0.0009837,0.0000024,0.0000008
19737,0.0009835,0.0000024,0.0000008
19738,0.0009833,0.0000024,0.0000008
19739,0.0009831,0.0000024,0.0000008
19740,0.0009829,0.0000024,0.0000008
19741,0.0009828,0.0000024,0.0000008
19742,0.0009826,0.0000024,0.0000008
19743,0.0009824,0.0000024,0.0000008
19744,0.0009822,0.0000024,0.0000008
19745,0.0009820,0.0000024,0.0000008
19746,0.0009818,0.0000024,0.0000008
19747,0.0009817,0.0000024,0.0000008
19748,0.0009815,0.0000024,0.0000008
19749,0.0009813,0.0000024,0.0000008
19750,0.0009811,0.0000024,0.0000008
19751,0.0009809,0.0000024,0.0000008
19752,0.0009807,0.0000024,0.0000008
19753,0.0009806,0.0000024,0.0000008
19754,0.0009804,0.0000024,0.0000008
19755,0.0009802,0.0000024,0.0000008
19756,0.0009800,0.0000024,0.0000008
19757,0.0009798,0.0000024,0.0000008
19758,0.0009796,0.0000024,0.0000008
19759,0.0009795,0.0000024,0.0000008
19760,0.0009793,0.0000024,0.0000008
19761,0.0009791,0.0000024,0.0000008
19762,0.0009789,0.0000024,0.0000008
19763,0.0009787,0.0000024,0.0000008
19764,0.0009785,0.0000024,0.0000008
19765,0.0009784,0.0000024,0.0000008
19766,0.0009782,0.0000024,0.0000008
19767,0.0009780,0.0000024,0.0000008
19768,0.0009778,0.0000024,0.0000008
19769,0.0009776,0.0000024,0.0000008
19770,0.0009774,0.0000024,0.0000008
19771,0.0009773,0.0000024,0.0000008
19772,0.0009771,0.0000024,0.0000008
19773,0.0009769,0.0000024,0.0000008
19774,0.0009767,0.0000024,0.0000008
19775,0.0009765,0.0000024,0.0000008
19776,0.0009763,0.0000024,0.0000008
19777,0.0009762,0.0000024,0.0000008
19778,0.0009760,0.0000024,0.0000008
19779,0.0009758,0.0000024,0.0000008
19780,0.0009756,0.0000024,0.0000008
19781,0.0009754,0.0000024,0.0000008
19782,0.0009753,0.0000024,0.0000008
19783,0.0009751,0.0000024,0.0000008
19784,0.0009749,0.0000024,0.0000008
19785,0.0009747,0.0000024,0.0000008
19786,0.0009745,0.0000024,0.0000008
19787,0.0009743,0.0000024,0.0000008
19788,0.0009742,0.0000024,0.0000008
19789,0.0009740,0.0000024,0.0000008
19790,0.0009738,0.0000024,0.0000008
19791,0.0009736,0.0000024,0.0000008
19792,0.0009734,0.0000024,0.0000008
19793,0.0009732,0.0000024,0.0000008
19794,0.0009731,0.0000024,0.0000008
19795,0.0009729,0.0000024,0.0000008
19796,0.0009727,0.0000024,0.0000008
19797,0.0009725,0.0000024,0.0000008
19798,0.0009723,0.0000024,0.0000008
19799,0.0009722,0.0000024,0.0000008
19800,0.0009720,0.0000024,0.0000008
19801,0.0009718,0.0000024,0.0000008
19802,0.0009716,0.0000024,0.0000008
19803,0.0009714,0.0000024,0.0000008
19804,0.0009712,0.0000024,0.0000008
19805,0.0009711,0.0000024,0.0000008
19806,0.0009709,0.0000024,0.0000008
19807,0.0009707,0.0000024,0.0000008
19808,0.0009705,0.0000024,0.0000008
19809,0.0009703,0.0000024,0.0000008
19810,0.0009702,0.0000024,0.0000008
19811,0.0009700,0.0000024,0.0000008
19812,0.0009698,0.0000024,0.0000008
19813,0.0009696,0.0000024,0.0000008
19814,0.0009694,0.0000024,0.0000008
19815,0.0009693,0.0000024,0.0000008
19816,0.0009691,0.0000024,0.0000008
19817,0.0009689,0.0000024,0.0000008
19818,0.0009687,0.0000024,0.0000008
19819,0.0009685,0.0000024,0.0000008
19820,0.0009683,0.0000024,0.0000008
19821,0.0009682,0.0000024,0.0000008
19822,0.0009680,0.0000024,0.0000008
19823,0.0009678,0.0000024,0.0000008
19824,0.0009676,0.0000024,0.0000008
19825,0.0009674,0.0000024,0.0000008
19826,0.0009673,0.0000024,0.0000008
19827,0.0009671,0.0000024,0.0000008
19828,0.0009669,0.0000024,0.0000008
19829,0.0009667,0.0000024,0.0000008
19830,0.0009665,0.0000024,0.0000008
19831,0.0009664,0.0000024,0.0000008
19832,0.0009662,0.0000024,0.0000008
19833,0.0009660,0.0000024,0.0000008
19834,0.0009658,0.0000024,0.0000008
19835,0.0009656,0.0000024,0.0000008
19836,0.0009655,0.0000024,0.0000008
19837,0.0009653,0.0000024,0.0000008
19838,0.0009651,0.0000024,0.0000008
19839,0.0009649,0.0000024,0.0000008
19840,0.0009647,0.0000024,0.0000008
19841,0.0009646,0.0000024,0.0000008
19842,0.0009644,0.0000024,0.0000008
19843,0.0009642,0.0000024,0.0000008
19844,0.0009640,0.0000024,0.0000008
19845,0.0009638,0.0000024,0.0000008
19846,0.0009637,0.0000024,0.0000008
19847,0.0009635,0.0000024,0.0000008
19848,0.0009633,0.0000024,0.0000008
19849,0.0009631,0.0000024,0.0000008
19850,0.0009629,0.0000024,0.0000008
19851,0.0009628,0.0000024,0.0000008
19852,0.0009626,0.0000024,0.0000008
19853,0.0009624,0.0000024,0.0000008
19854,0.0009622,0.0000024,0.0000008
19855,0.0009620,0.0000024,0.0000008
19856,0.0009619,0.0000024,0.0000008
19857,0.0009617,0.0000024,0.0000008
19858,0.0009615,0.0000024,0.0000008
19859,0.0009613,0.0000024,0.0000008
19860,0.0009611,0.0000024,0.0000008
19861,0.0009610,0.0000024,0.0000008
19862,0.0009608,0.0000024,0.0000008
19863,0.0009606,0.0000024,0.0000008
19864,0.0009604,0.0000024,0.0000008
19865,0.0009602,0.0000024,0.0000008
19866,0.0009601,0.0000024,0.0000008
19867,0.0009599,0.0000024,0.0000008
19868,0.0009597,0.0000024,0.0000008
19869,0.0009595,0.0000024,0.0000008
19870,0.0009593,0.0000024,0.0000008
19871,0.0009592,0.0000024,0.0000008
19872,0.0009590,0.0000024,0.0000008
19873,0.0009588,0.0000024,0.0000008
19874,0.0009586,0.0000024,0.0000008
19875,0.0009585,0.0000024,0.0000008
19876,0.0009583,0.0000024,0.0000008
19877,0.0009581,0.0000024,0.0000008
19878,0.0009579,0.0000024,0.0000008
19879,0.0009577,0.0000024,0.0000008
19880,0.0009576,0.0000024,0.0000008
19881,0.0009574,0.0000024,0.0000008
19882,0.0009572,0.0000024,0.0000008
19883,0.0009570,0.0000024,0.0000008
19884,0.0009568,0.0000024,0.0000008
19885,0.0009567,0.0000024,0.0000008
19886,0.0009565,0.0000024,0.0000008
19887,0.0009563,0.0000024,0.0000008
19888,0.0009561,0.0000024,0.0000008
19889,0.0009560,0.0000024,0.0000008
19890,0.0009558,0.0000024,0.0000008
19891,0.0009556,0.0000024,0.0000008
19892,0.0009554,0.0000024,0.0000008
19893,0.0009552,0.0000024,0.0000008
19894,0.0009551,0.0000024,0.0000008
19895,0.0009549,0.0000024,0.0000008
19896,0.0009547,0.0000024,0.0000008
19897,0.0009545,0.0000024,0.0000008
19898,0.0009544,0.0000024,0.0000008
19899,0.0009542,0.0000024,0.0000008
19900,0.0009540,0.0000024,0.0000008
19901,0.0009538,0.0000024,0.0000008
19902,0.0009536,0.0000024,0.0000008
19903,0.0009535,0.0000024,0.0000008
19904,0.0009533,0.0000024,0.0000008
19905,0.0009531,0.0000024,0.0000008
19906,0.0009529,0.0000024,0.0000008
19907,0.0009527,0.0000024,0.0000008
19908,0.0009526,0.0000024,0.0000008
19909,0.0009524,0.0000024,0.0000008
19910,0.0009522,0.0000024,0.0000008
19911,0.0009520,0.0000024,0.0000008
19912,0.0009519,0.0000024,0.0000008
19913,0.0009517,0.0000024,0.0000008
19914,0.0009515,0.0000024,0.0000008
19915,0.0009513,0.0000024,0.0000008
19916,0.0009512,0.0000024,0.0000008
19917,0.0009510,0.0000024,0.0000008
19918,0.0009508,0.0000024,0.0000008
19919,0.0009506,0.0000024,0.0000008
19920,0.0009504,0.0000024,0.0000008
19921,0.0009503,0.0000024,0.0000008
19922,0.0009501,0.0000024,0.0000008
19923,0.0009499,0.0000024,0.0000008
19924,0.0009497,0.0000024,0.0000008
19925,0.0009496,0.0000024,0.0000008
19926,0.0009494,0.0000024,0.0000008
19927,0.0009492,0.0000023,0.0000008
19928,0.0009490,0.0000023,0.0000008
19929,0.0009488,0.0000023,0.0000008
19930,0.0009487,0.0000023,0.0000008
19931,0.0009485,0.0000023,0.0000008
19932,0.0009483,0.0000023,0.0000008
19933,0.0009481,0.0000023,0.0000008
19934,0.0009480,0.0000023,0.0000008
19935,0.0009478,0.0000023,0.0000008
19936,0.0009476,0.0000023,0.0000008
19937,0.0009474,0.0000023,0.0000008
19938,0.0009473,0.0000023,0.0000008
19939,0.0009471,0.0000023,0.0000008
19940,0.0009469,0.0000023,0.0000008
19941,0.0009467,0.0000023,0.0000008
19942,0.0009466,0.0000023,0.0000008
19943,0.0009464,0.0000023,0.0000008
19944,0.0009462,0.0000023,0.0000008
19945,0.0009460,0.0000023,0.0000008
19946,0.0009458,0.0000023,0.0000008
19947,0.0009457,0.0000023,0.0000008
19948,0.0009455,0.0000023,0.0000008
19949,0.0009453,0.0000023,0.0000008
19950,0.0009451,0.0000023,0.0000008
19951,0.0009450,0.0000023,0.0000008
19952,0.0009448,0.0000023,0.0000008
19953,0.0009446,0.0000023,0.0000008
19954,0.0009444,0.0000023,0.0000008
19955,0.0009443,0.0000023,0.0000008
19956,0.0009441,0.0000023,0.0000008
19957,0.0009439,0.0000023,0.0000008
19958,0.0009437,0.0000023,0.0000008
19959,0.0009436,0.0000023,0.0000008
19960,0.0009434,0.0000023,0.0000008
19961,0.0009432,0.0000023,0.0000008
19962,0.0009430,0.0000023,0.0000008
19963,0.0009429,0.0000023,0.0000008
19964,0.0009427,0.0000023,0.0000008
19965,0.0009425,0.0000023,0.0000008
19966,0.0009423,0.0000023,0.0000008
19967,0.0009422,0.0000023,0.0000008
19968,0.0009420,0.0000023,0.0000008
19969,0.0009418,0.0000023,0.0000008
19970,0.0009416,0.0000023,0.0000008
19971,0.0009415,0.0000023,0.0000008
19972,0.0009413,0.0000023,0.0000008
19973,0.0009411,0.0000023,0.0000008
19974,0.0009409,0.0000023,0.0000008
19975,0.0009407,0.0000023,0.0000008
19976,0.0009406,0.0000023,0.0000008
19977,0.0009404,0.0000023,0.0000008
19978,0.0009402,0.0000023,0.0000008
19979,0.0009400,0.0000023,0.0000008
19980,0.0009399,0.0000023,0.0000008
19981,0.0009397,0.0000023,0.0000008
19982,0.0009395,0.0000023,0.0000008
19983,0.0009393,0.0000023,0.0000008
19984,0.0009392,0.0000023,0.0000008
19985,0.0009390,0.0000023,0.0000008
19986,0.0009388,0.0000023,0.0000008
19987,0.0009386,0.0000023,0.0000008
19988,0.0009385,0.0000023,0.0000008
19989,0.0009383,0.0000023,0.0000008
19990,0.0009381,0.0000023,0.0000008
19991,0.0009379,0.0000023,0.0000008
19992,0.0009378,0.0000023,0.0000008
19993,0.0009376,0.0000023,0.0000008
19994,0.0009374,0.0000023,0.0000008
19995,0.0009373,0.0000023,0.0000008
19996,0.0009371,0.0000023,0.0000008
19997,0.0009369,0.0000023,0.0000008
19998,0.0009367,0.0000023,0.0000008
19999,0.0009366,0.0000023,0.0000008
20000,0.0009364,0.0000023,0.0000008
20001,0.0009362,0.0000023,0.0000008
20002,0.0009360,0.0000023,0.0000008
20003,0.0009359,0.0000023,0.0000008
20004,0.0009357,0.0000023,0.0000008
20005,0.0009355,0.0000023,0.0000008
20006,0.0009353,0.0000023,0.0000008
20007,0.0009352,0.0000023,0.0000008
20008,0.0009350,0.0000023,0.0000008
20009,0.0009348,0.0000023,0.0000008
20010,0.0009346,0.0000023,0.0000008
20011,0.0009345,0.0000023,0.0000008
20012,0.0009343,0.0000023,0.0000008
20013,0.0009341,0.0000023,0.0000008
20014,0.0009339,0.0000023,0.0000008
20015,0.0009338,0.0000023,0.0000008
20016,0.0009336,0.0000023,0.0000008
20017,0.0009334,0.0000023,0.0000008
20018,0.0009332,0.0000023,0.0000008
20019,0.0009331,0.0000023,0.0000008
20020,0.0009329,0.0000023,0.0000008
20021,0.0009327,0.0000023,0.0000008
20022,0.0009326,0.0000023,0.0000008
20023,0.0009324,0.0000023,0.0000008
20024,0.0009322,0.0000023,0.0000008
20025,0.0009320,0.0000023,0.0000008
20026,0.0009319,0.0000023,0.0000008
20027,0.0009317,0.0000023,0.0000008
20028,0.0009315,0.0000023,0.0000008
20029,0.0009313,0.0000023,0.0000008
20030,0.0009312,0.0000023,0.0000008
20031,0.0009310,0.0000023,0.0000008
20032,0.0009308,0.0000023,0.0000008
20033,0.0009306,0.0000023,0.0000008
20034,0.0009305,0.0000023,0.0000008
20035,0.0009303,0.0000023,0.0000008
20036,0.0009301,0.0000023,0.0000008
20037,0.0009300,0.0000023,0.0000008
20038,0.0009298,0.0000023,0.0000008
20039,0.0009296,0.0000023,0.0000008
20040,0.0009294,0.0000023,0.0000008
20041,0.0009293,0.0000023,0.0000008
20042,0.0009291,0.0000023,0.0000008
20043,0.0009289,0.0000023,0.0000008
20044,0.0009287,0.0000023,0.0000008
20045,0.0009286,0.0000023,0.0000008
20046,0.0009284,0.0000023,0.0000008
20047,0.0009282,0.0000023,0.0000008
20048,0.0009281,0.0000023,0.0000008
20049,0.0009279,0.0000023,0.0000008
20050,0.0009277,0.0000023,0.0000008
20051,0.0009275,0.0000023,0.0000008
20052,0.0009274,0.0000023,0.0000008
20053,0.0009272,0.0000023,0.0000008
20054,0.0009270,0.0000023,0.0000008
20055,0.0009268,0.0000023,0.0000008
20056,0.0009267,0.0000023,0.0000008
20057,0.0009265,0.0000023,0.0000008
20058,0.0009263,0.0000023,0.0000008
20059,0.0009262,0.0000023,0.0000008
20060,0.0009260,0.0000023,0.0000008
20061,0.0009258,0.0000023,0.0000008
20062,0.0009256,0.0000023,0.0000008
20063,0.0009255,0.0000023,0.0000008
20064,0.0009253,0.0000023,0.0000008
20065,0.0009251,0.0000023,0.0000008
20066,0.0009249,0.0000023,0.0000008
20067,0.0009248,0.0000023,0.0000008
20068,0.0009246,0.0000023,0.0000008
20069,0.0009244,0.0000023,0.0000008
20070,0.0009243,0.0000023,0.0000008
20071,0.0009241,0.0000023,0.0000008
20072,0.0009239,0.0000023,0.0000008
20073,0.0009237,0.0000023,0.0000008
20074,0.0009236,0.0000023,0.0000008
20075,0.0009234,0.0000023,0.0000008
20076,0.0009232,0.0000023,0.0000008
20077,0.0009231,0.0000023,0.0000008
20078,0.0009229,0.0000023,0.0000008
20079,0.0009227,0.0000023,0.0000008
20080,0.0009225,0.0000023,0.0000008
20081,0.0009224,0.0000023,0.0000008
20082,0.0009222,0.0000023,0.0000008
20083,0.0009220,0.0000023,0.0000008
20084,0.0009219,0.0000023,0.0000008
20085,0.0009217,0.0000023,0.0000008
20086,0.0009215,0.0000023,0.0000008
20087,0.0009213,0.0000023,0.0000008
20088,0.0009212,0.0000023,0.0000008
20089,0.0009210,0.0000023,0.0000008
20090,0.0009208,0.0000023,0.0000008
20091,0.0009207,0.0000023,0.0000008
20092,0.0009205,0.0000023,0.0000008
20093,0.0009203,0.0000023,0.0000008
20094,0.0009201,0.0000023,0.0000008
20095,0.0009200,0.0000023,0.0000008
20096,0.0009198,0.0000023,0.0000008
20097,0.0009196,0.0000023,0.0000008
20098,0.0009195,0.0000023,0.0000008
20099,0.0009193,0.0000023,0.0000008
20100,0.0009191,0.0000023,0.0000008
20101,0.0009190,0.0000023,0.0000008
20102,0.0009188,0.0000023,0.0000008
20103,0.0009186,0.0000023,0.0000008
20104,0.0009184,0.0000023,0.0000008
20105,0.0009183,0.0000023,0.0000008
20106,0.0009181,0.0000023,0.0000008
20107,0.0009179,0.0000023,0.0000008
20108,0.0009178,0.0000023,0.0000008
20109,0.0009176,0.0000023,0.0000008
20110,0.0009174,0.0000023,0.0000008
20111,0.0009172,0.0000023,0.0000008
20112,0.0009171,0.0000023,0.0000008
20113,0.0009169,0.0000023,0.0000008
20114,0.0009167,0.0000023,0.0000008
20115,0.0009166,0.0000023,0.0000008
20116,0.0009164,0.0000023,0.0000008
20117,0.0009162,0.0000023,0.0000008
20118,0.0009161,0.0000023,0.0000008
20119,0.0009159,0.0000023,0.0000008
20120,0.0009157,0.0000023,0.0000008
20121,0.0009155,0.0000023,0.0000008
20122,0.0009154,0.0000023,0.0000008
20123,0.0009152,0.0000023,0.0000008
20124,0.0009150,0.0000023,0.0000008
20125,0.0009149,0.0000023,0.0000008
20126,0.0009147,0.0000023,0.0000008
20127,0.0009145,0.0000023,0.0000008
20128,0.0009144,0.0000023,0.0000008
20129,0.0009142,0.0000023,0.0000008
20130,0.0009140,0.0000023,0.0000008
20131,0.0009138,0.0000023,0.0000008
20132,0.0009137,0.0000023,0.0000008
20133,0.0009135,0.0000022,0.0000007
20134,0.0009133,0.0000022,0.0000007
20135,0.0009132,0.0000022,0.0000007
20136,0.0009130,0.0000022,0.0000007
20137,0.0009128,0.0000022,0.0000007
20138,0.0009127,0.0000022,0.0000007
20139,0.0009125,0.0000022,0.0000007
20140,0.0009123,0.0000022,0.0000007
20141,0.0009121,0.0000022,0.0000007
20142,0.0009120,0.0000022,0.0000007
20143,0.0009118,0.0000022,0.0000007
20144,0.0009116,0.0000022,0.0000007
20145,0.0009115,0.0000022,0.0000007
20146,0.0009113,0.0000022,0.0000007
20147,0.0009111,0.0000022,0.0000007
20148,0.0009110,0.0000022,0.0000007
20149,0.0009108,0.0000022,0.0000007
20150,0.0009106,0.0000022,0.0000007
20151,0.0009105,0.0000022,0.0000007
20152,0.0009103,0.0000022,0.0000007
20153,0.0009101,0.0000022,0.0000007
20154,0.0009099,0.0000022,0.0000007
20155,0.0009098,0.0000022,0.0000007
20156,0.0009096,0.0000022,0.0000007
20157,0.0009094,0.0000022,0.0000007
20158,0.0009093,0.0000022,0.0000007
20159,0.0009091,0.0000022,0.0000007
20160,0.0009089,0.0000022,0.0000007
20161,0.0009088,0.0000022,0.0000007
20162,0.0009086,0.0000022,0.0000007
20163,0.0009084,0.0000022,0.0000007
20164,0.0009083,0.0000022,0.0000007
20165,0.0009081,0.0000022,0.0000007
20166,0.0009079,0.0000022,0.0000007
20167,0.0009078,0.0000022,0.0000007
20168,0.0009076,0.0000022,0.0000007
20169,0.0009074,0.0000022,0.0000007
20170,0.0009073,0.0000022,0.0000007
20171,0.0009071,0.0000022,0.0000007
20172,0.0009069,0.0000022,0.0000007
20173,0.0009067,0.0000022,0.0000007
20174,0.0009066,0.0000022,0.0000007
20175,0.0009064,0.0000022,0.0000007
20176,0.0009062,0.0000022,0.0000007
20177,0.0009061,0.0000022,0.0000007
20178,0.0009059,0.0000022,0.0000007
20179,0.0009057,0.0000022,0.0000007
20180,0.0009056,0.0000022,0.0000007
20181,0.0009054,0.0000022,0.0000007
20182,0.0009052,0.0000022,0.0000007
20183,0.0009051,0.0000022,0.0000007
20184,0.0009049,0.0000022,0.0000007
20185,0.0009047,0.0000022,0.0000007
20186,0.0009046,0.0000022,0.0000007
20187,0.0009044,0.0000022,0.0000007
20188,0.0009042,0.0000022,0.0000007
20189,0.0009041,0.0000022,0.0000007
20190,0.0009039,0.0000022,0.0000007
20191,0.0009037,0.0000022,0.0000007
20192,0.0009036,0.0000022,0.0000007
20193,0.0009034,0.0000022,0.0000007
20194,0.0009032,0.0000022,0.0000007
20195,0.0009031,0.0000022,0.0000007
20196,0.0009029,0.0000022,0.0000007
20197,0.0009027,0.0000022,0.0000007
20198,0.0009025,0.0000022,0.0000007
20199,0.0009024,0.0000022,0.0000007
20200,0.0009022,0.0000022,0.0000007
20201,0.0009020,0.0000022,0.0000007
20202,0.0009019,0.0000022,0.0000007
20203,0.0009017,0.0000022,0.0000007
20204,0.0009015,0.0000022,0.0000007
20205,0.0009014,0.0000022,0.0000007
20206,0.0009012,0.0000022,0.0000007
20207,0.0009010,0.0000022,0.0000007
20208,0.0009009,0.0000022,0.0000007
20209,0.0009007,0.0000022,0.0000007
20210,0.0009005,0.0000022,0.0000007
20211,0.0009004,0.0000022,0.0000007
20212,0.0009002,0.0000022,0.0000007
20213,0.0009000,0.0000022,0.0000007
20214,0.0008999,0.0000022,0.0000007
20215,0.0008997,0.0000022,0.0000007
20216,0.0008995,0.0000022,0.0000007
20217,0.0008994,0.0000022,0.0000007
20218,0.0008992,0.0000022,0.0000007
20219,0.0008990,0.0000022,0.0000007
20220,0.0008989,0.0000022,0.0000007
20221,0.0008987,0.0000022,0.0000007
20222,0.0008985,0.0000022,0.0000007
20223,0.0008984,0.0000022,0.0000007
20224,0.0008982,0.0000022,0.0000007
20225,0.0008980,0.0000022,0.0000007
20226,0.0008979,0.0000022,0.0000007
20227,0.0008977,0.0000022,0.0000007
20228,0.0008975,0.0000022,0.0000007
20229,0.0008974,0.0000022,0.0000007
20230,0.0008972,0.0000022,0.0000007
20231,0.0008970,0.0000022,0.0000007
20232,0.0008969,0.0000022,0.0000007
20233,0.0008967,0.0000022,0.0000007
20234,0.0008965,0.0000022,0.0000007
20235,0.0008964,0.0000022,0.0000007
20236,0.0008962,0.0000022,0.0000007
20237,0.0008960,0.0000022,0.0000007
20238,0.0008959,0.0000022,0.0000007
20239,0.0008957,0.0000022,0.0000007
20240,0.0008955,0.0000022,0.0000007
20241,0.0008954,0.0000022,0.0000007
20242,0.0008952,0.0000022,0.0000007
20243,0.0008951,0.0000022,0.0000007
20244,0.0008949,0.0000022,0.0000007
20245,0.0008947,0.0000022,0.0000007
20246,0.0008946,0.0000022,0.0000007
20247,0.0008944,0.0000022,0.0000007
20248,0.0008942,0.0000022,0.0000007
20249,0.0008941,0.0000022,0.0000007
20250,0.0008939,0.0000022,0.0000007
20251,0.0008937,0.0000022,0.0000007
20252,0.0008936,0.0000022,0.0000007
20253,0.0008934,0.0000022,0.0000007
20254,0.0008932,0.0000022,0.0000007
20255,0.0008931,0.0000022,0.0000007
20256,0.0008929,0.0000022,0.0000007
20257,0.0008927,0.0000022,0.0000007
20258,0.0008926,0.0000022,0.0000007
20259,0.0008924,0.0000022,0.0000007
20260,0.0008922,0.0000022,0.0000007
20261,0.0008921,0.0000022,0.0000007
20262,0.0008919,0.0000022,0.0000007
20263,0.0008917,0.0000022,0.0000007
20264,0.0008916,0.0000022,0.0000007
20265,0.0008914,0.0000022,0.0000007
20266,0.0008912,0.0000022,0.0000007
20267,0.0008911,0.0000022,0.0000007
20268,0.0008909,0.0000022,0.0000007
20269,0.0008907,0.0000022,0.0000007
20270,0.0008906,0.0000022,0.0000007
20271,0.0008904,0.0000022,0.0000007
20272,0.0008903,0.0000022,0.0000007
20273,0.0008901,0.0000022,0.0000007
20274,0.0008899,0.0000022,0.0000007
20275,0.0008898,0.0000022,0.0000007
20276,0.0008896,0.0000022,0.0000007
20277,0.0008894,0.0000022,0.0000007
20278,0.0008893,0.0000022,0.0000007
20279,0.0008891,0.0000022,0.0000007
20280,0.0008889,0.0000022,0.0000007
20281,0.0008888,0.0000022,0.0000007
20282,0.0008886,0.0000022,0.0000007
20283,0.0008884,0.0000022,0.0000007
20284,0.0008883,0.0000022,0.0000007
20285,0.0008881,0.0000022,0.0000007
20286,0.0008879,0.0000022,0.0000007
20287,0.0008878,0.0000022,0.0000007
20288,0.0008876,0.0000022,0.0000007
20289,0.0008875,0.0000022,0.0000007
20290,0.0008873,0.0000022,0.0000007
20291,0.0008871,0.0000022,0.0000007
20292,0.0008870,0.0000022,0.0000007
20293,0.0008868,0.0000022,0.0000007
20294,0.0008866,0.0000022,0.0000007
20295,0.0008865,0.0000022,0.0000007
20296,0.0008863,0.0000022,0.0000007
20297,0.0008861,0.0000022,0.0000007
20298,0.0008860,0.0000022,0.0000007
20299,0.0008858,0.0000022,0.0000007
20300,0.0008857,0.0000022,0.0000007
20301,0.0008855,0.0000022,0.0000007
20302,0.0008853,0.0000022,0.0000007
20303,0.0008852,0.0000022,0.0000007
20304,0.0008850,0.0000022,0.0000007
20305,0.0008848,0.0000022,0.0000007
20306,0.0008847,0.0000022,0.0000007
20307,0.0008845,0.0000022,0.0000007
20308,0.0008843,0.0000022,0.0000007
20309,0.0008842,0.0000022,0.0000007
20310,0.0008840,0.0000022,0.0000007
20311,0.0008838,0.0000022,0.0000007
20312,0.0008837,0.0000022,0.0000007
20313,0.0008835,0.0000022,0.0000007
20314,0.0008834,0.0000022,0.0000007
20315,0.0008832,0.0000022,0.0000007
20316,0.0008830,0.0000022,0.0000007
20317,0.0008829,0.0000022,0.0000007
20318,0.0008827,0.0000022,0.0000007
20319,0.0008825,0.0000022,0.0000007
20320,0.0008824,0.0000022,0.0000007
20321,0.0008822,0.0000022,0.0000007
20322,0.0008821,0.0000022,0.0000007
20323,0.0008819,0.0000022,0.0000007
20324,0.0008817,0.0000022,0.0000007
20325,0.0008816,0.0000022,0.0000007
20326,0.0008814,0.0000022,0.0000007
20327,0.0008812,0.0000022,0.0000007
20328,0.0008811,0.0000022,0.0000007
20329,0.0008809,0.0000022,0.0000007
20330,0.0008807,0.0000022,0.0000007
20331,0.0008806,0.0000022,0.0000007
20332,0.0008804,0.0000022,0.0000007
20333,0.0008803,0.0000022,0.0000007
20334,0.0008801,0.0000022,0.0000007
20335,0.0008799,0.0000022,0.0000007
20336,0.0008798,0.0000022,0.0000007
20337,0.0008796,0.0000022,0.0000007
20338,0.0008794,0.0000022,0.0000007
20339,0.0008793,0.0000022,0.0000007
20340,0.0008791,0.0000022,0.0000007
20341,0.0008790,0.0000022,0.0000007
20342,0.0008788,0.0000022,0.0000007
20343,0.0008786,0.0000022,0.0000007
20344,0.0008785,0.0000022,0.0000007
20345,0.0008783,0.0000022,0.0000007
20346,0.0008781,0.0000022,0.0000007
20347,0.0008780,0.0000022,0.0000007
20348,0.0008778,0.0000022,0.0000007
20349,0.0008777,0.0000022,0.0000007
20350,0.0008775,0.0000021,0.0000007
20351,0.0008773,0.0000021,0.0000007
20352,0.0008772,0.0000021,0.0000007
20353,0.0008770,0.0000021,0.0000007
20354,0.0008768,0.0000021,0.0000007
20355,0.0008767,0.0000021,0.0000007
20356,0.0008765,0.0000021,0.0000007
20357,0.0008764,0.0000021,0.0000007
20358,0.0008762,0.0000021,0.0000007
20359,0.0008760,0.0000021,0.0000007
20360,0.0008759,0.0000021,0.0000007
20361,0.0008757,0.0000021,0.0000007
20362,0.0008755,0.0000021,0.0000007
20363,0.0008754,0.0000021,0.0000007
20364,0.0008752,0.0000021,0.0000007
20365,0.0008751,0.0000021,0.0000007
20366,0.0008749,0.0000021,0.0000007
20367,0.0008747,0.0000021,0.0000007
20368,0.0008746,0.0000021,0.0000007
20369,0.0008744,0.0000021,0.0000007
20370,0.0008743,0.0000021,0.0000007
20371,0.0008741,0.0000021,0.0000007
20372,0.0008739,0.0000021,0.0000007
20373,0.0008738,0.0000021,0.0000007
20374,0.0008736,0.0000021,0.0000007
20375,0.0008734,0.0000021,0.0000007
20376,0.0008733,0.0000021,0.0000007
20377,0.0008731,0.0000021,0.0000007
20378,0.0008730,0.0000021,0.0000007
20379,0.0008728,0.0000021,0.0000007
20380,0.0008726,0.0000021,0.0000007
20381,0.0008725,0.0000021,0.0000007
20382,0.0008723,0.0000021,0.0000007
20383,0.0008722,0.0000021,0.0000007
20384,0.0008720,0.0000021,0.0000007
20385,0.0008718,0.0000021,0.0000007
20386,0.0008717,0.0000021,0.0000007
20387,0.0008715,0.0000021,0.0000007
20388,0.0008713,0.0000021,0.0000007
20389,0.0008712,0.0000021,0.0000007
20390,0.0008710,0.0000021,0.0000007
20391,0.0008709,0.0000021,0.0000007
20392,0.0008707,0.0000021,0.0000007
20393,0.0008705,0.0000021,0.0000007
20394,0.0008704,0.0000021,0.0000007
20395,0.0008702,0.0000021,0.0000007
20396,0.0008701,0.0000021,0.0000007
20397,0.0008699,0.0000021,0.0000007
20398,0.0008697,0.0000021,0.0000007
20399,0.0008696,0.0000021,0.0000007
20400,0.0008694,0.0000021,0.0000007
20401,0.0008693,0.0000021,0.0000007
20402,0.0008691,0.0000021,0.0000007
20403,0.0008689,0.0000021,0.0000007
20404,0.0008688,0.0000021,0.0000007
20405,0.0008686,0.0000021,0.0000007
20406,0.0008685,0.0000021,0.0000007
20407,0.0008683,0.0000021,0.0000007
20408,0.0008681,0.0000021,0.0000007
20409,0.0008680,0.0000021,0.0000007
20410,0.0008678,0.0000021,0.0000007
20411,0.0008677,0.0000021,0.0000007
20412,0.0008675,0.0000021,0.0000007
20413,0.0008673,0.0000021,0.0000007
20414,0.0008672,0.0000021,0.0000007
20415,0.0008670,0.0000021,0.0000007
20416,0.0008669,0.0000021,0.0000007
20417,0.0008667,0.0000021,0.0000007
20418,0.0008665,0.0000021,0.0000007
20419,0.0008664,0.0000021,0.0000007
20420,0.0008662,0.0000021,0.0000007
20421,0.0008661,0.0000021,0.0000007
20422,0.0008659,0.0000021,0.0000007
20423,0.0008657,0.0000021,0.0000007
20424,0.0008656,0.0000021,0.0000007
20425,0.0008654,0.0000021,0.0000007
20426,0.0008653,0.0000021,0.0000007
20427,0.0008651,0.0000021,0.0000007
20428,0.0008649,0.0000021,0.0000007
20429,0.0008648,0.0000021,0.0000007
20430,0.0008646,0.0000021,0.0000007
20431,0.0008645,0.0000021,0.0000007
20432,0.0008643,0.0000021,0.0000007
20433,0.0008641,0.0000021,0.0000007
20434,0.0008640,0.0000021,0.0000007
20435,0.0008638,0.0000021,0.0000007
20436,0.0008637,0.0000021,0.0000007
20437,0.0008635,0.0000021,0.0000007
20438,0.0008633,0.0000021,0.0000007
20439,0.0008632,0.0000021,0.0000007
20440,0.0008630,0.0000021,0.0000007
20441,0.0008629,0.0000021,0.0000007
20442,0.0008627,0.0000021,0.0000007
20443,0.0008625,0.0000021,0.0000007
20444,0.0008624,0.0000021,0.0000007
20445,0.0008622,0.0000021,0.0000007
20446,0.0008621,0.0000021,0.0000007
20447,0.0008619,0.0000021,0.0000007
20448,0.0008617,0.0000021,0.0000007
20449,0.0008616,0.0000021,0.0000007
20450,0.0008614,0.0000021,0.0000007
20451,0.0008613,0.0000021,0.0000007
20452,0.0008611,0.0000021,0.0000007
20453,0.0008609,0.0000021,0.0000007
20454,0.0008608,0.0000021,0.0000007
20455,0.0008606,0.0000021,0.0000007
20456,0.0008605,0.0000021,0.0000007
20457,0.0008603,0.0000021,0.0000007
20458,0.0008602,0.0000021,0.0000007
20459,0.0008600,0.0000021,0.0000007
20460,0.0008598,0.0000021,0.0000007
20461,0.0008597,0.0000021,0.0000007
20462,0.0008595,0.0000021,0.0000007
20463,0.0008594,0.0000021,0.0000007
20464,0.0008592,0.0000021,0.0000007
20465,0.0008590,0.0000021,0.0000007
20466,0.0008589,0.0000021,0.0000007
20467,0.0008587,0.0000021,0.0000007
20468,0.0008586,0.0000021,0.0000007
20469,0.0008584,0.0000021,0.0000007
20470,0.0008583,0.0000021,0.0000007
20471,0.0008581,0.0000021,0.0000007
20472,0.0008579,0.0000021,0.0000007
20473,0.0008578,0.0000021,0.0000007
20474,0.0008576,0.0000021,0.0000007
20475,0.0008575,0.0000021,0.0000007
20476,0.0008573,0.0000021,0.0000007
20477,0.0008571,0.0000021,0.0000007
20478,0.0008570,0.0000021,0.0000007
20479,0.0008568,0.0000021,0.0000007
20480,0.0008567,0.0000021,0.0000007
20481,0.0008565,0.0000021,0.0000007
20482,0.0008564,0.0000021,0.0000007
20483,0.0008562,0.0000021,0.0000007
20484,0.0008560,0.0000021,0.0000007
20485,0.0008559,0.0000021,0.0000007
20486,0.0008557,0.0000021,0.0000007
20487,0.0008556,0.0000021,0.0000007
20488,0.0008554,0.0000021,0.0000007
20489,0.0008552,0.0000021,0.0000007
20490,0.0008551,0.0000021,0.0000007
20491,0.0008549,0.0000021,0.0000007
20492,0.0008548,0.0000021,0.0000007
20493,0.0008546,0.0000021,0.0000007
20494,0.0008545,0.0000021,0.0000007
20495,0.0008543,0.0000021,0.0000007
20496,0.0008541,0.0000021,0.0000007
20497,0.0008540,0.0000021,0.0000007
20498,0.0008538,0.0000021,0.0000007
20499,0.0008537,0.0000021,0.0000007
20500,0.0008535,0.0000021,0.0000007
20501,0.0008534,0.0000021,0.0000007
20502,0.0008532,0.0000021,0.0000007
20503,0.0008530,0.0000021,0.0000007
20504,0.0008529,0.0000021,0.0000007
20505,0.0008527,0.0000021,0.0000007
20506,0.0008526,0.0000021,0.0000007
20507,0.0008524,0.0000021,0.0000007
20508,0.0008523,0.0000021,0.0000007
20509,0.0008521,0.0000021,0.0000007
20510,0.0008519,0.0000021,0.0000007
20511,0.0008518,0.0000021,0.0000007
20512,0.0008516,0.0000021,0.0000007
20513,0.0008515,0.0000021,0.0000007
20514,0.0008513,0.0000021,0.0000007
20515,0.0008512,0.0000021,0.0000007
20516,0.0008510,0.0000021,0.0000007
20517,0.0008508,0.0000021,0.0000007
20518,0.0008507,0.0000021,0.0000007
20519,0.0008505,0.0000021,0.0000007
20520,0.0008504,0.0000021,0.0000007
20521,0.0008502,0.0000021,0.0000007
20522,0.0008501,0.0000021,0.0000007
20523,0.0008499,0.0000021,0.0000007
20524,0.0008497,0.0000021,0.0000007
20525,0.0008496,0.0000021,0.0000007
20526,0.0008494,0.0000021,0.0000007
20527,0.0008493,0.0000021,0.0000007
20528,0.0008491,0.0000021,0.0000007
20529,0.0008490,0.0000021,0.0000007
20530,0.0008488,0.0000021,0.0000007
20531,0.0008486,0.0000021,0.0000007
20532,0.0008485,0.0000021,0.0000007
20533,0.0008483,0.0000021,0.0000007
20534,0.0008482,0.0000021,0.0000007
20535,0.0008480,0.0000021,0.0000007
20536,0.0008479,0.0000021,0.0000007
20537,0.0008477,0.0000021,0.0000007
20538,0.0008476,0.0000021,0.0000007
20539,0.0008474,0.0000021,0.0000007
20540,0.0008472,0.0000021,0.0000007
20541,0.0008471,0.0000021,0.0000007
20542,0.0008469,0.0000021,0.0000007
20543,0.0008468,0.0000021,0.0000007
20544,0.0008466,0.0000021,0.0000007
20545,0.0008465,0.0000021,0.0000007
20546,0.0008463,0.0000021,0.0000007
20547,0.0008461,0.0000021,0.0000007
20548,0.0008460,0.0000021,0.0000007
20549,0.0008458,0.0000021,0.0000007
20550,0.0008457,0.0000021,0.0000007
20551,0.0008455,0.0000021,0.0000007
20552,0.0008454,0.0000021,0.0000007
20553,0.0008452,0.0000021,0.0000007
20554,0.0008451,0.0000021,0.0000007
20555,0.0008449,0.0000021,0.0000007
20556,0.0008447,0.0000021,0.0000007
20557,0.0008446,0.0000021,0.0000007
20558,0.0008444,0.0000021,0.0000007
20559,0.0008443,0.0000021,0.0000007
20560,0.0008441,0.0000021,0.0000007
20561,0.0008440,0.0000021,0.0000007
20562,0.0008438,0.0000021,0.0000007
20563,0.0008437,0.0000021,0.0000007
20564,0.0008435,0.0000021,0.0000007
20565,0.0008433,0.0000021,0.0000007
20566,0.0008432,0.0000021,0.0000007
20567,0.0008430,0.0000021,0.0000007
20568,0.0008429,0.0000021,0.0000007
20569,0.0008427,0.0000021,0.0000007
20570,0.0008426,0.0000021,0.0000007
20571,0.0008424,0.0000021,0.0000007
20572,0.0008423,0.0000021,0.0000007
20573,0.0008421,0.0000021,0.0000007
20574,0.0008419,0.0000021,0.0000007
20575,0.0008418,0.0000021,0.0000007
20576,0.0008416,0.0000021,0.0000007
20577,0.0008415,0.0000021,0.0000007
20578,0.0008413,0.0000021,0.0000007
20579,0.0008412,0.0000020,0.0000007
20580,0.0008410,0.0000020,0.0000007
20581,0.0008409,0.0000020,0.0000007
20582,0.0008407,0.0000020,0.0000007
20583,0.0008406,0.0000020,0.0000007
20584,0.0008404,0.0000020,0.0000007
20585,0.0008402,0.0000020,0.0000007
20586,0.0008401,0.0000020,0.0000007
20587,0.0008399,0.0000020,0.0000007
20588,0.0008398,0.0000020,0.0000007
20589,0.0008396,0.0000020,0.0000007
20590,0.0008395,0.0000020,0.0000007
20591,0.0008393,0.0000020,0.0000007
20592,0.0008392,0.0000020,0.0000007
20593,0.0008390,0.0000020,0.0000007
20594,0.0008389,0.0000020,0.0000007
20595,0.0008387,0.0000020,0.0000007
20596,0.0008385,0.0000020,0.0000007
20597,0.0008384,0.0000020,0.0000007
20598,0.0008382,0.0000020,0.0000007
20599,0.0008381,0.0000020,0.0000007
20600,0.0008379,0.0000020,0.0000007
20601,0.0008378,0.0000020,0.0000007
20602,0.0008376,0.0000020,0.0000007
20603,0.0008375,0.0000020,0.0000007
20604,0.0008373,0.0000020,0.0000007
20605,0.0008372,0.0000020,0.0000007
20606,0.0008370,0.0000020,0.0000007
20607,0.0008368,0.0000020,0.0000007
20608,0.0008367,0.0000020,0.0000007
20609,0.0008365,0.0000020,0.0000007
20610,0.0008364,0.0000020,0.0000007
20611,0.0008362,0.0000020,0.0000007
20612,0.0008361,0.0000020,0.0000007
20613,0.0008359,0.0000020,0.0000007
20614,0.0008358,0.0000020,0.0000007
20615,0.0008356,0.0000020,0.0000007
20616,0.0008355,0.0000020,0.0000007
20617,0.0008353,0.0000020,0.0000007
20618,0.0008352,0.0000020,0.0000007
20619,0.0008350,0.0000020,0.0000007
20620,0.0008348,0.0000020,0.0000007
20621,0.0008347,0.0000020,0.0000007
20622,0.0008345,0.0000020,0.0000007
20623,0.0008344,0.0000020,0.0000007
20624,0.0008342,0.0000020,0.0000007
20625,0.0008341,0.0000020,0.0000007
20626,0.0008339,0.0000020,0.0000007
20627,0.0008338,0.0000020,0.0000007
20628,0.0008336,0.0000020,0.0000007
20629,0.0008335,0.0000020,0.0000007
20630,0.0008333,0.0000020,0.0000007
20631,0.0008332,0.0000020,0.0000007
20632,0.0008330,0.0000020,0.0000007
20633,0.0008329,0.0000020,0.0000007
20634,0.0008327,0.0000020,0.0000007
20635,0.0008325,0.0000020,0.0000007
20636,0.0008324,0.0000020,0.0000007
20637,0.0008322,0.0000020,0.0000007
20638,0.0008321,0.0000020,0.0000007
20639,0.0008319,0.0000020,0.0000007
20640,0.0008318,0.0000020,0.0000007
20641,0.0008316,0.0000020,0.0000007
20642,0.0008315,0.0000020,0.0000007
20643,0.0008313,0.0000020,0.0000007
20644,0.0008312,0.0000020,0.0000007
20645,0.0008310,0.0000020,0.0000007
20646,0.0008309,0.0000020,0.0000007
20647,0.0008307,0.0000020,0.0000007
20648,0.0008306,0.0000020,0.0000007
20649,0.0008304,0.0000020,0.0000007
20650,0.0008303,0.0000020,0.0000007
20651,0.0008301,0.0000020,0.0000007
20652,0.0008299,0.0000020,0.0000007
20653,0.0008298,0.0000020,0.0000007
20654,0.0008296,0.0000020,0.0000007
20655,0.0008295,0.0000020,0.0000007
20656,0.0008293,0.0000020,0.0000007
20657,0.0008292,0.0000020,0.0000007
20658,0.0008290,0.0000020,0.0000007
20659,0.0008289,0.0000020,0.0000007
20660,0.0008287,0.0000020,0.0000007
20661,0.0008286,0.0000020,0.0000007
20662,0.0008284,0.0000020,0.0000007
20663,0.0008283,0.0000020,0.0000007
20664,0.0008281,0.0000020,0.0000007
20665,0.0008280,0.0000020,0.0000007
20666,0.0008278,0.0000020,0.0000007
20667,0.0008277,0.0000020,0.0000007
20668,0.0008275,0.0000020,0.0000007
20669,0.0008274,0.0000020,0.0000007
20670,0.0008272,0.0000020,0.0000007
20671,0.0008271,0.0000020,0.0000007
20672,0.0008269,0.0000020,0.0000007
20673,0.0008267,0.0000020,0.0000007
20674,0.0008266,0.0000020,0.0000007
20675,0.0008264,0.0000020,0.0000007
20676,0.0008263,0.0000020,0.0000007
20677,0.0008261,0.0000020,0.0000007
20678,0.0008260,0.0000020,0.0000007
20679,0.0008258,0.0000020,0.0000007
20680,0.0008257,0.0000020,0.0000007
20681,0.0008255,0.0000020,0.0000007
20682,0.0008254,0.0000020,0.0000007
20683,0.0008252,0.0000020,0.0000007
20684,0.0008251,0.0000020,0.0000007
20685,0.0008249,0.0000020,0.0000007
20686,0.0008248,0.0000020,0.0000007
20687,0.0008246,0.0000020,0.0000007
20688,0.0008245,0.0000020,0.0000007
20689,0.0008243,0.0000020,0.0000007
20690,0.0008242,0.0000020,0.0000007
20691,0.0008240,0.0000020,0.0000007
20692,0.0008239,0.0000020,0.0000007
20693,0.0008237,0.0000020,0.0000007
20694,0.0008236,0.0000020,0.0000007
20695,0.0008234,0.0000020,0.0000007
20696,0.0008233,0.0000020,0.0000007
20697,0.0008231,0.0000020,0.0000007
20698,0.0008230,0.0000020,0.0000007
20699,0.0008228,0.0000020,0.0000007
20700,0.0008227,0.0000020,0.0000007
20701,0.0008225,0.0000020,0.0000007
20702,0.0008224,0.0000020,0.0000007
20703,0.0008222,0.0000020,0.0000007
20704,0.0008220,0.0000020,0.0000007
20705,0.0008219,0.0000020,0.0000007
20706,0.0008217,0.0000020,0.0000007
20707,0.0008216,0.0000020,0.0000007
20708,0.0008214,0.0000020,0.0000007
20709,0.0008213,0.0000020,0.0000007
20710,0.0008211,0.0000020,0.0000007
20711,0.0008210,0.0000020,0.0000007
20712,0.0008208,0.0000020,0.0000007
20713,0.0008207,0.0000020,0.0000007
20714,0.0008205,0.0000020,0.0000007
20715,0.0008204,0.0000020,0.0000007
20716,0.0008202,0.0000020,0.0000007
20717,0.0008201,0.0000020,0.0000007
20718,0.0008199,0.0000020,0.0000007
20719,0.0008198,0.0000020,0.0000007
20720,0.0008196,0.0000020,0.0000007
20721,0.0008195,0.0000020,0.0000007
20722,0.0008193,0.0000020,0.0000007
20723,0.0008192,0.0000020,0.0000007
20724,0.0008190,0.0000020,0.0000007
20725,0.0008189,0.0000020,0.0000007
20726,0.0008187,0.0000020,0.0000007
20727,0.0008186,0.0000020,0.0000007
20728,0.0008184,0.0000020,0.0000007
20729,0.0008183,0.0000020,0.0000007
20730,0.0008181,0.0000020,0.0000007
20731,0.0008180,0.0000020,0.0000007
20732,0.0008178,0.0000020,0.0000007
20733,0.0008177,0.0000020,0.0000007
20734,0.0008175,0.0000020,0.0000007
20735,0.0008174,0.0000020,0.0000007
20736,0.0008172,0.0000020,0.0000007
20737,0.0008171,0.0000020,0.0000007
20738,0.0008169,0.0000020,0.0000007
20739,0.0008168,0.0000020,0.0000007
20740,0.0008166,0.0000020,0.0000007
20741,0.0008165,0.0000020,0.0000007
20742,0.0008163,0.0000020,0.0000007
20743,0.0008162,0.0000020,0.0000007
20744,0.0008160,0.0000020,0.0000007
20745,0.0008159,0.0000020,0.0000007
20746,0.0008157,0.0000020,0.0000007
20747,0.0008156,0.0000020,0.0000007
20748,0.0008154,0.0000020,0.0000007
20749,0.0008153,0.0000020,0.0000007
20750,0.0008151,0.0000020,0.0000007
20751,0.0008150,0.0000020,0.0000007
20752,0.0008148,0.0000020,0.0000007
20753,0.0008147,0.0000020,0.0000007
20754,0.0008145,0.0000020,0.0000007
20755,0.0008144,0.0000020,0.0000007
20756,0.0008142,0.0000020,0.0000007
20757,0.0008141,0.0000020,0.0000007
20758,0.0008139,0.0000020,0.0000007
20759,0.0008138,0.0000020,0.0000007
20760,0.0008136,0.0000020,0.0000007
20761,0.0008135,0.0000020,0.0000007
20762,0.0008133,0.0000020,0.0000007
20763,0.0008132,0.0000020,0.0000007
20764,0.0008130,0.0000020,0.0000007
20765,0.0008129,0.0000020,0.0000007
20766,0.0008127,0.0000020,0.0000007
20767,0.0008126,0.0000020,0.0000007
20768,0.0008124,0.0000020,0.0000007
20769,0.0008123,0.0000020,0.0000007
20770,0.0008121,0.0000020,0.0000007
20771,0.0008120,0.0000020,0.0000007
20772,0.0008118,0.0000020,0.0000007
20773,0.0008117,0.0000020,0.0000007
20774,0.0008115,0.0000020,0.0000007
20775,0.0008114,0.0000020,0.0000007
20776,0.0008112,0.0000020,0.0000007
20777,0.0008111,0.0000020,0.0000007
20778,0.0008110,0.0000020,0.0000007
20779,0.0008108,0.0000020,0.0000007
20780,0.0008107,0.0000020,0.0000007
20781,0.0008105,0.0000020,0.0000007
20782,0.0008104,0.0000020,0.0000007
20783,0.0008102,0.0000020,0.0000007
20784,0.0008101,0.0000020,0.0000007
20785,0.0008099,0.0000020,0.0000007
20786,0.0008098,0.0000020,0.0000007
20787,0.0008096,0.0000020,0.0000007
20788,0.0008095,0.0000020,0.0000007
20789,0.0008093,0.0000020,0.0000007
20790,0.0008092,0.0000020,0.0000007
20791,0.0008090,0.0000020,0.0000007
20792,0.0008089,0.0000020,0.0000007
20793,0.0008087,0.0000020,0.0000007
20794,0.0008086,0.0000020,0.0000007
20795,0.0008084,0.0000020,0.0000007
20796,0.0008083,0.0000020,0.0000007
20797,0.0008081,0.0000020,0.0000007
20798,0.0008080,0.0000020,0.0000007
20799,0.0008078,0.0000020,0.0000007
20800,0.0008077,0.0000020,0.0000007
20801,0.0008075,0.0000020,0.0000007
20802,0.0008074,0.0000020,0.0000007
20803,0.0008072,0.0000020,0.0000007
20804,0.0008071,0.0000020,0.0000007
20805,0.0008069,0.0000020,0.0000007
20806,0.0008068,0.0000020,0.0000007
20807,0.0008066,0.0000020,0.0000007
20808,0.0008065,0.0000020,0.0000007
20809,0.0008063,0.0000020,0.0000007
20810,0.0008062,0.0000020,0.0000007
20811,0.0008061,0.0000020,0.0000007
20812,0.0008059,0.0000020,0.0000007
20813,0.0008058,0.0000020,0.0000007
20814,0.0008056,0.0000020,0.0000007
20815,0.0008055,0.0000020,0.0000007
20816,0.0008053,0.0000020,0.0000007
20817,0.0008052,0.0000020,0.0000007
20818,0.0008050,0.0000020,0.0000007
20819,0.0008049,0.0000020,0.0000007
20820,0.0008047,0.0000020,0.0000007
20821,0.0008046,0.0000019,0.0000007
20822,0.0008044,0.0000019,0.0000007
20823,0.0008043,0.0000019,0.0000007
20824,0.0008041,0.0000019,0.0000007
20825,0.0008040,0.0000019,0.0000007
20826,0.0008038,0.0000019,0.0000007
20827,0.0008037,0.0000019,0.0000007
20828,0.0008035,0.0000019,0.0000007
20829,0.0008034,0.0000019,0.0000007
20830,0.0008032,0.0000019,0.0000007
20831,0.0008031,0.0000019,0.0000007
20832,0.0008030,0.0000019,0.0000007
20833,0.0008028,0.0000019,0.0000007
20834,0.0008027,0.0000019,0.0000007
20835,0.0008025,0.0000019,0.0000006
20836,0.0008024,0.0000019,0.0000006
20837,0.0008022,0.0000019,0.0000006
20838,0.0008021,0.0000019,0.0000006
20839,0.0008019,0.0000019,0.0000006
20840,0.0008018,0.0000019,0.0000006
20841,0.0008016,0.0000019,0.0000006
20842,0.0008015,0.0000019,0.0000006
20843,0.0008013,0.0000019,0.0000006
20844,0.0008012,0.0000019,0.0000006
20845,0.0008010,0.0000019,0.0000006
20846,0.0008009,0.0000019,0.0000006
20847,0.0008007,0.0000019,0.0000006
20848,0.0008006,0.0000019,0.0000006
20849,0.0008005,0.0000019,0.0000006
20850,0.0008003,0.0000019,0.0000006
20851,0.0008002,0.0000019,0.0000006
20852,0.0008000,0.0000019,0.0000006
20853,0.0007999,0.0000019,0.0000006
20854,0.0007997,0.0000019,0.0000006
20855,0.0007996,0.0000019,0.0000006
20856,0.0007994,0.0000019,0.0000006
20857,0.0007993,0.0000019,0.0000006
20858,0.0007991,0.0000019,0.0000006
20859,0.0007990,0.0000019,0.0000006
20860,0.0007988,0.0000019,0.0000006
20861,0.0007987,0.0000019,0.0000006
20862,0.0007986,0.0000019,0.0000006
20863,0.0007984,0.0000019,0.0000006
20864,0.0007983,0.0000019,0.0000006
20865,0.0007981,0.0000019,0.0000006
20866,0.0007980,0.0000019,0.0000006
20867,0.0007978,0.0000019,0.0000006
20868,0.0007977,0.0000019,0.0000006
20869,0.0007975,0.0000019,0.0000006
20870,0.0007974,0.0000019,0.0000006
20871,0.0007972,0.0000019,0.0000006
20872,0.0007971,0.0000019,0.0000006
20873,0.0007969,0.0000019,0.0000006
20874,0.0007968,0.0000019,0.0000006
20875,0.0007966,0.0000019,0.0000006
20876,0.0007965,0.0000019,0.0000006
20877,0.0007964,0.0000019,0.0000006
20878,0.0007962,0.0000019,0.0000006
20879,0.0007961,0.0000019,0.0000006
20880,0.0007959,0.0000019,0.0000006
20881,0.0007958,0.0000019,0.0000006
20882,0.0007956,0.0000019,0.0000006
20883,0.0007955,0.0000019,0.0000006
20884,0.0007953,0.0000019,0.0000006
20885,0.0007952,0.0000019,0.0000006
20886,0.0007950,0.0000019,0.0000006
20887,0.0007949,0.0000019,0.0000006
20888,0.0007948,0.0000019,0.0000006
20889,0.0007946,0.0000019,0.0000006
20890,0.0007945,0.0000019,0.0000006
20891,0.0007943,0.0000019,0.0000006
20892,0.0007942,0.0000019,0.0000006
20893,0.0007940,0.0000019,0.0000006
20894,0.0007939,0.0000019,0.0000006
20895,0.0007937,0.0000019,0.0000006
20896,0.0007936,0.0000019,0.0000006
20897,0.0007934,0.0000019,0.0000006
20898,0.0007933,0.0000019,0.0000006
20899,0.0007932,0.0000019,0.0000006
20900,0.0007930,0.0000019,0.0000006
20901,0.0007929,0.0000019,0.0000006
20902,0.0007927,0.0000019,0.0000006
20903,0.0007926,0.0000019,0.0000006
20904,0.0007924,0.0000019,0.0000006
20905,0.0007923,0.0000019,0.0000006
20906,0.0007921,0.0000019,0.0000006
20907,0.0007920,0.0000019,0.0000006
20908,0.0007918,0.0000019,0.0000006
20909,0.0007917,0.0000019,0.0000006
20910,0.0007916,0.0000019,0.0000006
20911,0.0007914,0.0000019,0.0000006
20912,0.0007913,0.0000019,0.0000006
20913,0.0007911,0.0000019,0.0000006
20914,0.0007910,0.0000019,0.0000006
20915,0.0007908,0.0000019,0.0000006
20916,0.0007907,0.0000019,0.0000006
20917,0.0007905,0.0000019,0.0000006
20918,0.0007904,0.0000019,0.0000006
20919,0.0007903,0.0000019,0.0000006
20920,0.0007901,0.0000019,0.0000006
20921,0.0007900,0.0000019,0.0000006
20922,0.0007898,0.0000019,0.0000006
20923,0.0007897,0.0000019,0.0000006
20924,0.0007895,0.0000019,0.0000006
20925,0.0007894,0.0000019,0.0000006
20926,0.0007892,0.0000019,0.0000006
20927,0.0007891,0.0000019,0.0000006
20928,0.0007890,0.0000019,0.0000006
20929,0.0007888,0.0000019,0.0000006
20930,0.0007887,0.0000019,0.0000006
20931,0.0007885,0.0000019,0.0000006
20932,0.0007884,0.0000019,0.0000006
20933,0.0007882,0.0000019,0.0000006
20934,0.0007881,0.0000019,0.0000006
20935,0.0007879,0.0000019,0.0000006
20936,0.0007878,0.0000019,0.0000006
20937,0.0007877,0.0000019,0.0000006
20938,0.0007875,0.0000019,0.0000006
20939,0.0007874,0.0000019,0.0000006
20940,0.0007872,0.0000019,0.0000006
20941,0.0007871,0.0000019,0.0000006
20942,0.0007869,0.0000019,0.0000006
20943,0.0007868,0.0000019,0.0000006
20944,0.0007866,0.0000019,0.0000006
20945,0.0007865,0.0000019,0.0000006
20946,0.0007864,0.0000019,0.0000006
20947,0.0007862,0.0000019,0.0000006
20948,0.0007861,0.0000019,0.0000006
20949,0.0007859,0.0000019,0.0000006
20950,0.0007858,0.0000019,0.0000006
20951,0.0007856,0.0000019,0.0000006
20952,0.0007855,0.0000019,0.0000006
20953,0.0007854,0.0000019,0.0000006
20954,0.0007852,0.0000019,0.0000006
20955,0.0007851,0.0000019,0.0000006
20956,0.0007849,0.0000019,0.0000006
20957,0.0007848,0.0000019,0.0000006
20958,0.0007846,0.0000019,0.0000006
20959,0.0007845,0.0000019,0.0000006
20960,0.0007843,0.0000019,0.0000006
20961,0.0007842,0.0000019,0.0000006
20962,0.0007841,0.0000019,0.0000006
20963,0.0007839,0.0000019,0.0000006
20964,0.0007838,0.0000019,0.0000006
20965,0.0007836,0.0000019,0.0000006
20966,0.0007835,0.0000019,0.0000006
20967,0.0007833,0.0000019,0.0000006
20968,0.0007832,0.0000019,0.0000006
20969,0.0007831,0.0000019,0.0000006
20970,0.0007829,0.0000019,0.0000006
20971,0.0007828,0.0000019,0.0000006
20972,0.0007826,0.0000019,0.0000006
20973,0.0007825,0.0000019,0.0000006
20974,0.0007823,0.0000019,0.0000006
20975,0.0007822,0.0000019,0.0000006
20976,0.0007821,0.0000019,0.0000006
20977,0.0007819,0.0000019,0.0000006
20978,0.0007818,0.0000019,0.0000006
20979,0.0007816,0.0000019,0.0000006
20980,0.0007815,0.0000019,0.0000006
20981,0.0007813,0.0000019,0.0000006
20982,0.0007812,0.0000019,0.0000006
20983,0.0007811,0.0000019,0.0000006
20984,0.0007809,0.0000019,0.0000006
20985,0.0007808,0.0000019,0.0000006
20986,0.0007806,0.0000019,0.0000006
20987,0.0007805,0.0000019,0.0000006
20988,0.0007803,0.0000019,0.0000006
20989,0.0007802,0.0000019,0.0000006
20990,0.0007801,0.0000019,0.0000006
20991,0.0007799,0.0000019,0.0000006
20992,0.0007798,0.0000019,0.0000006
20993,0.0007796,0.0000019,0.0000006
20994,0.0007795,0.0000019,0.0000006
20995,0.0007793,0.0000019,0.0000006
20996,0.0007792,0.0000019,0.0000006
20997,0.0007791,0.0000019,0.0000006
20998,0.0007789,0.0000019,0.0000006
20999,0.0007788,0.0000019,0.0000006
21000,0.0007786,0.0000019,0.0000006
21001,0.0007785,0.0000019,0.0000006
21002,0.0007783,0.0000019,0.0000006
21003,0.0007782,0.0000019,0.0000006
21004,0.0007781,0.0000019,0.0000006
21005,0.0007779,0.0000019,0.0000006
21006,0.0007778,0.0000019,0.0000006
21007,0.0007776,0.0000019,0.0000006
21008,0.0007775,0.0000019,0.0000006
21009,0.0007773,0.0000019,0.0000006
21010,0.0007772,0.0000019,0.0000006
21011,0.0007771,0.0000019,0.0000006
21012,0.0007769,0.0000019,0.0000006
21013,0.0007768,0.0000019,0.0000006
21014,0.0007766,0.0000019,0.0000006
21015,0.0007765,0.0000019,0.0000006
21016,0.0007764,0.0000019,0.0000006
21017,0.0007762,0.0000019,0.0000006
21018,0.0007761,0.0000019,0.0000006
21019,0.0007759,0.0000019,0.0000006
21020,0.0007758,0.0000019,0.0000006
21021,0.0007756,0.0000019,0.0000006
21022,0.0007755,0.0000019,0.0000006
21023,0.0007754,0.0000019,0.0000006
21024,0.0007752,0.0000019,0.0000006
21025,0.0007751,0.0000019,0.0000006
21026,0.0007749,0.0000019,0.0000006
21027,0.0007748,0.0000019,0.0000006
21028,0.0007747,0.0000019,0.0000006
21029,0.0007745,0.0000019,0.0000006
21030,0.0007744,0.0000019,0.0000006
21031,0.0007742,0.0000019,0.0000006
21032,0.0007741,0.0000019,0.0000006
21033,0.0007739,0.0000019,0.0000006
21034,0.0007738,0.0000019,0.0000006
21035,0.0007737,0.0000019,0.0000006
21036,0.0007735,0.0000019,0.0000006
21037,0.0007734,0.0000019,0.0000006
21038,0.0007732,0.0000019,0.0000006
21039,0.0007731,0.0000019,0.0000006
21040,0.0007730,0.0000019,0.0000006
21041,0.0007728,0.0000019,0.0000006
21042,0.0007727,0.0000019,0.0000006
21043,0.0007725,0.0000019,0.0000006
21044,0.0007724,0.0000019,0.0000006
21045,0.0007722,0.0000019,0.0000006
21046,0.0007721,0.0000019,0.0000006
21047,0.0007720,0.0000019,0.0000006
21048,0.0007718,0.0000019,0.0000006
21049,0.0007717,0.0000019,0.0000006
21050,0.0007715,0.0000019,0.0000006
21051,0.0007714,0.0000019,0.0000006
21052,0.0007713,0.0000019,0.0000006
21053,0.0007711,0.0000019,0.0000006
21054,0.0007710,0.0000019,0.0000006
21055,0.0007708,0.0000019,0.0000006
21056,0.0007707,0.0000019,0.0000006
21057,0.0007706,0.0000019,0.0000006
21058,0.0007704,0.0000019,0.0000006
21059,0.0007703,0.0000019,0.0000006
21060,0.0007701,0.0000019,0.0000006
21061,0.0007700,0.0000019,0.0000006
21062,0.0007699,0.0000019,0.0000006
21063,0.0007697,0.0000019,0.0000006
21064,0.0007696,0.0000019,0.0000006
21065,0.0007694,0.0000019,0.0000006
21066,0.0007693,0.0000019,0.0000006
21067,0.0007691,0.0000019,0.0000006
21068,0.0007690,0.0000019,0.0000006
21069,0.0007689,0.0000019,0.0000006
21070,0.0007687,0.0000019,0.0000006
21071,0.0007686,0.0000019,0.0000006
21072,0.0007684,0.0000019,0.0000006
21073,0.0007683,0.0000019,0.0000006
21074,0.0007682,0.0000019,0.0000006
21075,0.0007680,0.0000019,0.0000006
21076,0.0007679,0.0000019,0.0000006
21077,0.0007677,0.0000018,0.0000006
21078,0.0007676,0.0000018,0.0000006
21079,0.0007675,0.0000018,0.0000006
21080,0.0007673,0.0000018,0.0000006
21081,0.0007672,0.0000018,0.0000006
21082,0.0007670,0.0000018,0.0000006
21083,0.0007669,0.0000018,0.0000006
21084,0.0007668,0.0000018,0.0000006
21085,0.0007666,0.0000018,0.0000006
21086,0.0007665,0.0000018,0.0000006
21087,0.0007663,0.0000018,0.0000006
21088,0.0007662,0.0000018,0.0000006
21089,0.0007661,0.0000018,0.0000006
21090,0.0007659,0.0000018,0.0000006
21091,0.0007658,0.0000018,0.0000006
21092,0.0007656,0.0000018,0.0000006
21093,0.0007655,0.0000018,0.0000006
21094,0.0007654,0.0000018,0.0000006
21095,0.0007652,0.0000018,0.0000006
21096,0.0007651,0.0000018,0.0000006
21097,0.0007649,0.0000018,0.0000006
21098,0.0007648,0.0000018,0.0000006
21099,0.0007647,0.0000018,0.0000006
21100,0.0007645,0.0000018,0.0000006
21101,0.0007644,0.0000018,0.0000006
21102,0.0007642,0.0000018,0.0000006
21103,0.0007641,0.0000018,0.0000006
21104,0.0007640,0.0000018,0.0000006
21105,0.0007638,0.0000018,0.0000006
21106,0.0007637,0.0000018,0.0000006
21107,0.0007636,0.0000018,0.0000006
21108,0.0007634,0.0000018,0.0000006
21109,0.0007633,0.0000018,0.0000006
21110,0.0007631,0.0000018,0.0000006
21111,0.0007630,0.0000018,0.0000006
21112,0.0007629,0.0000018,0.0000006
21113,0.0007627,0.0000018,0.0000006
21114,0.0007626,0.0000018,0.0000006
21115,0.0007624,0.0000018,0.0000006
21116,0.0007623,0.0000018,0.0000006
21117,0.0007622,0.0000018,0.0000006
21118,0.0007620,0.0000018,0.0000006
21119,0.0007619,0.0000018,0.0000006
21120,0.0007617,0.0000018,0.0000006
21121,0.0007616,0.0000018,0.0000006
21122,0.0007615,0.0000018,0.0000006
21123,0.0007613,0.0000018,0.0000006
21124,0.0007612,0.0000018,0.0000006
21125,0.0007610,0.0000018,0.0000006
21126,0.0007609,0.0000018,0.0000006
21127,0.0007608,0.0000018,0.0000006
21128,0.0007606,0.0000018,0.0000006
21129,0.0007605,0.0000018,0.0000006
21130,0.0007604,0.0000018,0.0000006
21131,0.0007602,0.0000018,0.0000006
21132,0.0007601,0.0000018,0.0000006
21133,0.0007599,0.0000018,0.0000006
21134,0.0007598,0.0000018,0.0000006
21135,0.0007597,0.0000018,0.0000006
21136,0.0007595,0.0000018,0.0000006
21137,0.0007594,0.0000018,0.0000006
21138,0.0007592,0.0000018,0.0000006
21139,0.0007591,0.0000018,0.0000006
21140,0.0007590,0.0000018,0.0000006
21141,0.0007588,0.0000018,0.0000006
21142,0.0007587,0.0000018,0.0000006
21143,0.0007586,0.0000018,0.0000006
21144,0.0007584,0.0000018,0.0000006
21145,0.0007583,0.0000018,0.0000006
21146,0.0007581,0.0000018,0.0000006
21147,0.0007580,0.0000018,0.0000006
21148,0.0007579,0.0000018,0.0000006
21149,0.0007577,0.0000018,0.0000006
21150,0.0007576,0.0000018,0.0000006
21151,0.0007574,0.0000018,0.0000006
21152,0.0007573,0.0000018,0.0000006
21153,0.0007572,0.0000018,0.0000006
21154,0.0007570,0.0000018,0.0000006
21155,0.0007569,0.0000018,0.0000006
21156,0.0007568,0.0000018,0.0000006
21157,0.0007566,0.0000018,0.0000006
21158,0.0007565,0.0000018,0.0000006
21159,0.0007563,0.0000018,0.0000006
21160,0.0007562,0.0000018,0.0000006
21161,0.0007561,0.0000018,0.0000006
21162,0.0007559,0.0000018,0.0000006
21163,0.0007558,0.0000018,0.0000006
21164,0.0007557,0.0000018,0.0000006
21165,0.0007555,0.0000018,0.0000006
21166,0.0007554,0.0000018,0.0000006
21167,0.0007552,0.0000018,0.0000006
21168,0.0007551,0.0000018,0.0000006
21169,0.0007550,0.0000018,0.0000006
21170,0.0007548,0.0000018,0.0000006
21171,0.0007547,0.0000018,0.0000006
21172,0.0007546,0.0000018,0.0000006
21173,0.0007544,0.0000018,0.0000006
21174,0.0007543,0.0000018,0.0000006
21175,0.0007541,0.0000018,0.0000006
21176,0.0007540,0.0000018,0.0000006
21177,0.0007539,0.0000018,0.0000006
21178,0.0007537,0.0000018,0.0000006
21179,0.0007536,0.0000018,0.0000006
21180,0.0007535,0.0000018,0.0000006
21181,0.0007533,0.0000018,0.0000006
21182,0.0007532,0.0000018,0.0000006
21183,0.0007530,0.0000018,0.0000006
21184,0.0007529,0.0000018,0.0000006
21185,0.0007528,0.0000018,0.0000006
21186,0.0007526,0.0000018,0.0000006
21187,0.0007525,0.0000018,0.0000006
21188,0.0007524,0.0000018,0.0000006
21189,0.0007522,0.0000018,0.0000006
21190,0.0007521,0.0000018,0.0000006
21191,0.0007519,0.0000018,0.0000006
21192,0.0007518,0.0000018,0.0000006
21193,0.0007517,0.0000018,0.0000006
21194,0.0007515,0.0000018,0.0000006
21195,0.0007514,0.0000018,0.0000006
21196,0.0007513,0.0000018,0.0000006
21197,0.0007511,0.0000018,0.0000006
21198,0.0007510,0.0000018,0.0000006
21199,0.0007508,0.0000018,0.0000006
21200,0.0007507,0.0000018,0.0000006
21201,0.0007506,0.0000018,0.0000006
21202,0.0007504,0.0000018,0.0000006
21203,0.0007503,0.0000018,0.0000006
21204,0.0007502,0.0000018,0.0000006
21205,0.0007500,0.0000018,0.0000006
21206,0.0007499,0.0000018,0.0000006
21207,0.0007498,0.0000018,0.0000006
21208,0.0007496,0.0000018,0.0000006
21209,0.0007495,0.0000018,0.0000006
21210,0.0007493,0.0000018,0.0000006
21211,0.0007492,0.0000018,0.0000006
21212,0.0007491,0.0000018,0.0000006
21213,0.0007489,0.0000018,0.0000006
21214,0.0007488,0.0000018,0.0000006
21215,0.0007487,0.0000018,0.0000006
21216,0.0007485,0.0000018,0.0000006
21217,0.0007484,0.0000018,0.0000006
21218,0.0007482,0.0000018,0.0000006
21219,0.0007481,0.0000018,0.0000006
21220,0.0007480,0.0000018,0.0000006
21221,0.0007478,0.0000018,0.0000006
21222,0.0007477,0.0000018,0.0000006
21223,0.0007476,0.0000018,0.0000006
21224,0.0007474,0.0000018,0.0000006
21225,0.0007473,0.0000018,0.0000006
21226,0.0007472,0.0000018,0.0000006
21227,0.0007470,0.0000018,0.0000006
21228,0.0007469,0.0000018,0.0000006
21229,0.0007468,0.0000018,0.0000006
21230,0.0007466,0.0000018,0.0000006
21231,0.0007465,0.0000018,0.0000006
21232,0.0007463,0.0000018,0.0000006
21233,0.0007462,0.0000018,0.0000006
21234,0.0007461,0.0000018,0.0000006
21235,0.0007459,0.0000018,0.0000006
21236,0.0007458,0.0000018,0.0000006
21237,0.0007457,0.0000018,0.0000006
21238,0.0007455,0.0000018,0.0000006
21239,0.0007454,0.0000018,0.0000006
21240,0.0007453,0.0000018,0.0000006
21241,0.0007451,0.0000018,0.0000006
21242,0.0007450,0.0000018,0.0000006
21243,0.0007448,0.0000018,0.0000006
21244,0.0007447,0.0000018,0.0000006
21245,0.0007446,0.0000018,0.0000006
21246,0.0007444,0.0000018,0.0000006
21247,0.0007443,0.0000018,0.0000006
21248,0.0007442,0.0000018,0.0000006
21249,0.0007440,0.0000018,0.0000006
21250,0.0007439,0.0000018,0.0000006
21251,0.0007438,0.0000018,0.0000006
21252,0.0007436,0.0000018,0.0000006
21253,0.0007435,0.0000018,0.0000006
21254,0.0007434,0.0000018,0.0000006
21255,0.0007432,0.0000018,0.0000006
21256,0.0007431,0.0000018,0.0000006
21257,0.0007430,0.0000018,0.0000006
21258,0.0007428,0.0000018,0.0000006
21259,0.0007427,0.0000018,0.0000006
21260,0.0007425,0.0000018,0.0000006
21261,0.0007424,0.0000018,0.0000006
21262,0.0007423,0.0000018,0.0000006
21263,0.0007421,0.0000018,0.0000006
21264,0.0007420,0.0000018,0.0000006
21265,0.0007419,0.0000018,0.0000006
21266,0.0007417,0.0000018,0.0000006
21267,0.0007416,0.0000018,0.0000006
21268,0.0007415,0.0000018,0.0000006
21269,0.0007413,0.0000018,0.0000006
21270,0.0007412,0.0000018,0.0000006
21271,0.0007411,0.0000018,0.0000006
21272,0.0007409,0.0000018,0.0000006
21273,0.0007408,0.0000018,0.0000006
21274,0.0007407,0.0000018,0.0000006
21275,0.0007405,0.0000018,0.0000006
21276,0.0007404,0.0000018,0.0000006
21277,0.0007403,0.0000018,0.0000006
21278,0.0007401,0.0000018,0.0000006
21279,0.0007400,0.0000018,0.0000006
21280,0.0007398,0.0000018,0.0000006
21281,0.0007397,0.0000018,0.0000006
21282,0.0007396,0.0000018,0.0000006
21283,0.0007394,0.0000018,0.0000006
21284,0.0007393,0.0000018,0.0000006
21285,0.0007392,0.0000018,0.0000006
21286,0.0007390,0.0000018,0.0000006
21287,0.0007389,0.0000018,0.0000006
21288,0.0007388,0.0000018,0.0000006
21289,0.0007386,0.0000018,0.0000006
21290,0.0007385,0.0000018,0.0000006
21291,0.0007384,0.0000018,0.0000006
21292,0.0007382,0.0000018,0.0000006
21293,0.0007381,0.0000018,0.0000006
21294,0.0007380,0.0000018,0.0000006
21295,0.0007378,0.0000018,0.0000006
21296,0.0007377,0.0000018,0.0000006
21297,0.0007376,0.0000018,0.0000006
21298,0.0007374,0.0000018,0.0000006
21299,0.0007373,0.0000018,0.0000006
21300,0.0007372,0.0000018,0.0000006
21301,0.0007370,0.0000018,0.0000006
21302,0.0007369,0.0000018,0.0000006
21303,0.0007368,0.0000018,0.0000006
21304,0.0007366,0.0000018,0.0000006
21305,0.0007365,0.0000018,0.0000006
21306,0.0007364,0.0000018,0.0000006
21307,0.0007362,0.0000018,0.0000006
21308,0.0007361,0.0000018,0.0000006
21309,0.0007360,0.0000018,0.0000006
21310,0.0007358,0.0000018,0.0000006
21311,0.0007357,0.0000018,0.0000006
21312,0.0007356,0.0000018,0.0000006
21313,0.0007354,0.0000018,0.0000006
21314,0.0007353,0.0000018,0.0000006
21315,0.0007351,0.0000018,0.0000006
21316,0.0007350,0.0000018,0.0000006
21317,0.0007349,0.0000018,0.0000006
21318,0.0007347,0.0000018,0.0000006
21319,0.0007346,0.0000018,0.0000006
21320,0.0007345,0.0000018,0.0000006
21321,0.0007343,0.0000018,0.0000006
21322,0.0007342,0.0000018,0.0000006
21323,0.0007341,0.0000018,0.0000006
21324,0.0007339,0.0000018,0.0000006
21325,0.0007338,0.0000018,0.0000006
21326,0.0007337,0.0000018,0.0000006
21327,0.0007335,0.0000018,0.0000006
21328,0.0007334,0.0000018,0.0000006
21329,0.0007333,0.0000018,0.0000006
21330,0.0007331,0.0000018,0.0000006
21331,0.0007330,0.0000018,0.0000006
21332,0.0007329,0.0000018,0.0000006
21333,0.0007327,0.0000018,0.0000006
21334,0.0007326,0.0000018,0.0000006
21335,0.0007325,0.0000018,0.0000006
21336,0.0007323,0.0000018,0.0000006
21337,0.0007322,0.0000018,0.0000006
21338,0.0007321,0.0000018,0.0000006
21339,0.0007319,0.0000018,0.0000006
21340,0.0007318,0.0000018,0.0000006
21341,0.0007317,0.0000018,0.0000006
21342,0.0007315,0.0000018,0.0000006
21343,0.0007314,0.0000018,0.0000006
21344,0.0007313,0.0000018,0.0000006
21345,0.0007311,0.0000018,0.0000006
21346,0.0007310,0.0000018,0.0000006
21347,0.0007309,0.0000018,0.0000006
21348,0.0007308,0.0000018,0.0000006
21349,0.0007306,0.0000018,0.0000006
21350,0.0007305,0.0000017,0.0000006
21351,0.0007304,0.0000017,0.0000006
21352,0.0007302,0.0000017,0.0000006
21353,0.0007301,0.0000017,0.0000006
21354,0.0007300,0.0000017,0.0000006
21355,0.0007298,0.0000017,0.0000006
21356,0.0007297,0.0000017,0.0000006
21357,0.0007296,0.0000017,0.0000006
21358,0.0007294,0.0000017,0.0000006
21359,0.0007293,0.0000017,0.0000006
21360,0.0007292,0.0000017,0.0000006
21361,0.0007290,0.0000017,0.0000006
21362,0.0007289,0.0000017,0.0000006
21363,0.0007288,0.0000017,0.0000006
21364,0.0007286,0.0000017,0.0000006
21365,0.0007285,0.0000017,0.0000006
21366,0.0007284,0.0000017,0.0000006
21367,0.0007282,0.0000017,0.0000006
21368,0.0007281,0.0000017,0.0000006
21369,0.0007280,0.0000017,0.0000006
21370,0.0007278,0.0000017,0.0000006
21371,0.0007277,0.0000017,0.0000006
21372,0.0007276,0.0000017,0.0000006
21373,0.0007274,0.0000017,0.0000006
21374,0.0007273,0.0000017,0.0000006
21375,0.0007272,0.0000017,0.0000006
21376,0.0007270,0.0000017,0.0000006
21377,0.0007269,0.0000017,0.0000006
21378,0.0007268,0.0000017,0.0000006
21379,0.0007266,0.0000017,0.0000006
21380,0.0007265,0.0000017,0.0000006
21381,0.0007264,0.0000017,0.0000006
21382,0.0007262,0.0000017,0.0000006
21383,0.0007261,0.0000017,0.0000006
21384,0.0007260,0.0000017,0.0000006
21385,0.0007259,0.0000017,0.0000006
21386,0.0007257,0.0000017,0.0000006
21387,0.0007256,0.0000017,0.0000006
21388,0.0007255,0.0000017,0.0000006
21389,0.0007253,0.0000017,0.0000006
21390,0.0007252,0.0000017,0.0000006
21391,0.0007251,0.0000017,0.0000006
21392,0.0007249,0.0000017,0.0000006
21393,0.0007248,0.0000017,0.0000006
21394,0.0007247,0.0000017,0.0000006
21395,0.0007245,0.0000017,0.0000006
21396,0.0007244,0.0000017,0.0000006
21397,0.0007243,0.0000017,0.0000006
21398,0.0007241,0.0000017,0.0000006
21399,0.0007240,0.0000017,0.0000006
21400,0.0007239,0.0000017,0.0000006
21401,0.0007237,0.0000017,0.0000006
21402,0.0007236,0.0000017,0.0000006
21403,0.0007235,0.0000017,0.0000006
21404,0.0007233,0.0000017,0.0000006
21405,0.0007232,0.0000017,0.0000006
21406,0.0007231,0.0000017,0.0000006
21407,0.0007230,0.0000017,0.0000006
21408,0.0007228,0.0000017,0.0000006
21409,0.0007227,0.0000017,0.0000006
21410,0.0007226,0.0000017,0.0000006
21411,0.0007224,0.0000017,0.0000006
21412,0.0007223,0.0000017,0.0000006
21413,0.0007222,0.0000017,0.0000006
21414,0.0007220,0.0000017,0.0000006
21415,0.0007219,0.0000017,0.0000006
21416,0.0007218,0.0000017,0.0000006
21417,0.0007216,0.0000017,0.0000006
21418,0.0007215,0.0000017,0.0000006
21419,0.0007214,0.0000017,0.0000006
21420,0.0007213,0.0000017,0.0000006
21421,0.0007211,0.0000017,0.0000006
21422,0.0007210,0.0000017,0.0000006
21423,0.0007209,0.0000017,0.0000006
21424,0.0007207,0.0000017,0.0000006
21425,0.0007206,0.0000017,0.0000006
21426,0.0007205,0.0000017,0.0000006
21427,0.0007203,0.0000017,0.0000006
21428,0.0007202,0.0000017,0.0000006
21429,0.0007201,0.0000017,0.0000006
21430,0.0007199,0.0000017,0.0000006
21431,0.0007198,0.0000017,0.0000006
21432,0.0007197,0.0000017,0.0000006
21433,0.0007195,0.0000017,0.0000006
21434,0.0007194,0.0000017,0.0000006
21435,0.0007193,0.0000017,0.0000006
21436,0.0007192,0.0000017,0.0000006
21437,0.0007190,0.0000017,0.0000006
21438,0.0007189,0.0000017,0.0000006
21439,0.0007188,0.0000017,0.0000006
21440,0.0007186,0.0000017,0.0000006
21441,0.0007185,0.0000017,0.0000006
21442,0.0007184,0.0000017,0.0000006
21443,0.0007182,0.0000017,0.0000006
21444,0.0007181,0.0000017,0.0000006
21445,0.0007180,0.0000017,0.0000006
21446,0.0007179,0.0000017,0.0000006
21447,0.0007177,0.0000017,0.0000006
21448,0.0007176,0.0000017,0.0000006
21449,0.0007175,0.0000017,0.0000006
21450,0.0007173,0.0000017,0.0000006
21451,0.0007172,0.0000017,0.0000006
21452,0.0007171,0.0000017,0.0000006
21453,0.0007169,0.0000017,0.0000006
21454,0.0007168,0.0000017,0.0000006
21455,0.0007167,0.0000017,0.0000006
21456,0.0007166,0.0000017,0.0000006
21457,0.0007164,0.0000017,0.0000006
21458,0.0007163,0.0000017,0.0000006
21459,0.0007162,0.0000017,0.0000006
21460,0.0007160,0.0000017,0.0000006
21461,0.0007159,0.0000017,0.0000006
21462,0.0007158,0.0000017,0.0000006
21463,0.0007156,0.0000017,0.0000006
21464,0.0007155,0.0000017,0.0000006
21465,0.0007154,0.0000017,0.0000006
21466,0.0007153,0.0000017,0.0000006
21467,0.0007151,0.0000017,0.0000006
21468,0.0007150,0.0000017,0.0000006
21469,0.0007149,0.0000017,0.0000006
21470,0.0007147,0.0000017,0.0000006
21471,0.0007146,0.0000017,0.0000006
21472,0.0007145,0.0000017,0.0000006
21473,0.0007143,0.0000017,0.0000006
21474,0.0007142,0.0000017,0.0000006
21475,0.0007141,0.0000017,0.0000006
21476,0.0007140,0.0000017,0.0000006
21477,0.0007138,0.0000017,0.0000006
21478,0.0007137,0.0000017,0.0000006
21479,0.0007136,0.0000017,0.0000006
21480,0.0007134,0.0000017,0.0000006
21481,0.0007133,0.0000017,0.0000006
21482,0.0007132,0.0000017,0.0000006
21483,0.0007130,0.0000017,0.0000006
21484,0.0007129,0.0000017,0.0000006
21485,0.0007128,0.0000017,0.0000006
21486,0.0007127,0.0000017,0.0000006
21487,0.0007125,0.0000017,0.0000006
21488,0.0007124,0.0000017,0.0000006
21489,0.0007123,0.0000017,0.0000006
21490,0.0007121,0.0000017,0.0000006
21491,0.0007120,0.0000017,0.0000006
21492,0.0007119,0.0000017,0.0000006
21493,0.0007118,0.0000017,0.0000006
21494,0.0007116,0.0000017,0.0000006
21495,0.0007115,0.0000017,0.0000006
21496,0.0007114,0.0000017,0.0000006
21497,0.0007112,0.0000017,0.0000006
21498,0.0007111,0.0000017,0.0000006
21499,0.0007110,0.0000017,0.0000006
21500,0.0007109,0.0000017,0.0000006
21501,0.0007107,0.0000017,0.0000006
21502,0.0007106,0.0000017,0.0000006
21503,0.0007105,0.0000017,0.0000006
21504,0.0007103,0.0000017,0.0000006
21505,0.0007102,0.0000017,0.0000006
21506,0.0007101,0.0000017,0.0000006
21507,0.0007099,0.0000017,0.0000006
21508,0.0007098,0.0000017,0.0000006
21509,0.0007097,0.0000017,0.0000006
21510,0.0007096,0.0000017,0.0000006
21511,0.0007094,0.0000017,0.0000006
21512,0.0007093,0.0000017,0.0000006
21513,0.0007092,0.0000017,0.0000006
21514,0.0007090,0.0000017,0.0000006
21515,0.0007089,0.0000017,0.0000006
21516,0.0007088,0.0000017,0.0000006
21517,0.0007087,0.0000017,0.0000006
21518,0.0007085,0.0000017,0.0000006
21519,0.0007084,0.0000017,0.0000006
21520,0.0007083,0.0000017,0.0000006
21521,0.0007081,0.0000017,0.0000006
21522,0.0007080,0.0000017,0.0000006
21523,0.0007079,0.0000017,0.0000006
21524,0.0007078,0.0000017,0.0000006
21525,0.0007076,0.0000017,0.0000006
21526,0.0007075,0.0000017,0.0000006
21527,0.0007074,0.0000017,0.0000006
21528,0.0007073,0.0000017,0.0000006
21529,0.0007071,0.0000017,0.0000006
21530,0.0007070,0.0000017,0.0000006
21531,0.0007069,0.0000017,0.0000006
21532,0.0007067,0.0000017,0.0000006
21533,0.0007066,0.0000017,0.0000006
21534,0.0007065,0.0000017,0.0000006
21535,0.0007064,0.0000017,0.0000006
21536,0.0007062,0.0000017,0.0000006
21537,0.0007061,0.0000017,0.0000006
21538,0.0007060,0.0000017,0.0000006
21539,0.0007058,0.0000017,0.0000006
21540,0.0007057,0.0000017,0.0000006
21541,0.0007056,0.0000017,0.0000006
21542,0.0007055,0.0000017,0.0000006
21543,0.0007053,0.0000017,0.0000006
21544,0.0007052,0.0000017,0.0000006
21545,0.0007051,0.0000017,0.0000006
21546,0.0007049,0.0000017,0.0000006
21547,0.0007048,0.0000017,0.0000006
21548,0.0007047,0.0000017,0.0000006
21549,0.0007046,0.0000017,0.0000006
21550,0.0007044,0.0000017,0.0000006
21551,0.0007043,0.0000017,0.0000006
21552,0.0007042,0.0000017,0.0000006
21553,0.0007041,0.0000017,0.0000006
21554,0.0007039,0.0000017,0.0000006
21555,0.0007038,0.0000017,0.0000006
21556,0.0007037,0.0000017,0.0000006
21557,0.0007035,0.0000017,0.0000006
21558,0.0007034,0.0000017,0.0000006
21559,0.0007033,0.0000017,0.0000006
21560,0.0007032,0.0000017,0.0000006
21561,0.0007030,0.0000017,0.0000006
21562,0.0007029,0.0000017,0.0000006
21563,0.0007028,0.0000017,0.0000006
21564,0.0007027,0.0000017,0.0000006
21565,0.0007025,0.0000017,0.0000006
21566,0.0007024,0.0000017,0.0000006
21567,0.0007023,0.0000017,0.0000006
21568,0.0007021,0.0000017,0.0000006
21569,0.0007020,0.0000017,0.0000006
21570,0.0007019,0.0000017,0.0000006
21571,0.0007018,0.0000017,0.0000006
21572,0.0007016,0.0000017,0.0000006
21573,0.0007015,0.0000017,0.0000006
21574,0.0007014,0.0000017,0.0000006
21575,0.0007013,0.0000017,0.0000006
21576,0.0007011,0.0000017,0.0000006
21577,0.0007010,0.0000017,0.0000006
21578,0.0007009,0.0000017,0.0000006
21579,0.0007007,0.0000017,0.0000006
21580,0.0007006,0.0000017,0.0000006
21581,0.0007005,0.0000017,0.0000006
21582,0.0007004,0.0000017,0.0000006
21583,0.0007002,0.0000017,0.0000006
21584,0.0007001,0.0000017,0.0000006
21585,0.0007000,0.0000017,0.0000006
21586,0.0006999,0.0000017,0.0000006
21587,0.0006997,0.0000017,0.0000006
21588,0.0006996,0.0000017,0.0000006
21589,0.0006995,0.0000017,0.0000006
21590,0.0006993,0.0000017,0.0000006
21591,0.0006992,0.0000017,0.0000006
21592,0.0006991,0.0000017,0.0000006
21593,0.0006990,0.0000017,0.0000006
21594,0.0006988,0.0000017,0.0000006
21595,0.0006987,0.0000017,0.0000006
21596,0.0006986,0.0000017,0.0000006
21597,0.0006985,0.0000017,0.0000006
21598,0.0006983,0.0000017,0.0000006
21599,0.0006982,0.0000017,0.0000006
21600,0.0006981,0.0000017,0.0000006
21601,0.0006980,0.0000017,0.0000006
21602,0.0006978,0.0000017,0.0000006
21603,0.0006977,0.0000017,0.0000006
21604,0.0006976,0.0000017,0.0000006
21605,0.0006975,0.0000017,0.0000006
21606,0.0006973,0.0000017,0.0000006
21607,0.0006972,0.0000017,0.0000006
21608,0.0006971,0.0000017,0.0000006
21609,0.0006969,0.0000017,0.0000006
21610,0.0006968,0.0000017,0.0000006
21611,0.0006967,0.0000017,0.0000006
21612,0.0006966,0.0000017,0.0000006
21613,0.0006964,0.0000017,0.0000006
21614,0.0006963,0.0000017,0.0000006
21615,0.0006962,0.0000017,0.0000006
21616,0.0006961,0.0000017,0.0000006
21617,0.0006959,0.0000017,0.0000006
21618,0.0006958,0.0000017,0.0000006
21619,0.0006957,0.0000017,0.0000006
21620,0.0006956,0.0000017,0.0000006
21621,0.0006954,0.0000017,0.0000006
21622,0.0006953,0.0000017,0.0000006
21623,0.0006952,0.0000017,0.0000006
21624,0.0006951,0.0000017,0.0000006
21625,0.0006949,0.0000017,0.0000006
21626,0.0006948,0.0000017,0.0000006
21627,0.0006947,0.0000017,0.0000006
21628,0.0006946,0.0000017,0.0000006
21629,0.0006944,0.0000017,0.0000006
21630,0.0006943,0.0000017,0.0000006
21631,0.0006942,0.0000017,0.0000006
21632,0.0006940,0.0000017,0.0000006
21633,0.0006939,0.0000017,0.0000006
21634,0.0006938,0.0000017,0.0000006
21635,0.0006937,0.0000017,0.0000006
21636,0.0006935,0.0000017,0.0000006
21637,0.0006934,0.0000017,0.0000006
21638,0.0006933,0.0000017,0.0000006
21639,0.0006932,0.0000017,0.0000006
21640,0.0006930,0.0000017,0.0000006
21641,0.0006929,0.0000016,0.0000006
21642,0.0006928,0.0000016,0.0000006
21643,0.0006927,0.0000016,0.0000006
21644,0.0006925,0.0000016,0.0000006
21645,0.0006924,0.0000016,0.0000006
21646,0.0006923,0.0000016,0.0000006
21647,0.0006922,0.0000016,0.0000006
21648,0.0006920,0.0000016,0.0000006
21649,0.0006919,0.0000016,0.0000006
21650,0.0006918,0.0000016,0.0000006
21651,0.0006917,0.0000016,0.0000006
21652,0.0006915,0.0000016,0.0000006
21653,0.0006914,0.0000016,0.0000006
21654,0.0006913,0.0000016,0.0000006
21655,0.0006912,0.0000016,0.0000006
21656,0.0006910,0.0000016,0.0000006
21657,0.0006909,0.0000016,0.0000006
21658,0.0006908,0.0000016,0.0000006
21659,0.0006907,0.0000016,0.0000006
21660,0.0006905,0.0000016,0.0000006
21661,0.0006904,0.0000016,0.0000006
21662,0.0006903,0.0000016,0.0000006
21663,0.0006902,0.0000016,0.0000006
21664,0.0006900,0.0000016,0.0000006
21665,0.0006899,0.0000016,0.0000006
21666,0.0006898,0.0000016,0.0000006
21667,0.0006897,0.0000016,0.0000006
21668,0.0006895,0.0000016,0.0000006
21669,0.0006894,0.0000016,0.0000006
21670,0.0006893,0.0000016,0.0000006
21671,0.0006892,0.0000016,0.0000006
21672,0.0006890,0.0000016,0.0000006
21673,0.0006889,0.0000016,0.0000006
21674,0.0006888,0.0000016,0.0000006
21675,0.0006887,0.0000016,0.0000006
21676,0.0006885,0.0000016,0.0000006
21677,0.0006884,0.0000016,0.0000006
21678,0.0006883,0.0000016,0.0000006
21679,0.0006882,0.0000016,0.0000006
21680,0.0006880,0.0000016,0.0000005
21681,0.0006879,0.0000016,0.0000005
21682,0.0006878,0.0000016,0.0000005
21683,0.0006877,0.0000016,0.0000005
21684,0.0006875,0.0000016,0.0000005
21685,0.0006874,0.0000016,0.0000005
21686,0.0006873,0.0000016,0.0000005
21687,0.0006872,0.0000016,0.0000005
21688,0.0006871,0.0000016,0.0000005
21689,0.0006869,0.0000016,0.0000005
21690,0.0006868,0.0000016,0.0000005
21691,0.0006867,0.0000016,0.0000005
21692,0.0006866,0.0000016,0.0000005
21693,0.0006864,0.0000016,0.0000005
21694,0.0006863,0.0000016,0.0000005
21695,0.0006862,0.0000016,0.0000005
21696,0.0006861,0.0000016,0.0000005
21697,0.0006859,0.0000016,0.0000005
21698,0.0006858,0.0000016,0.0000005
21699,0.0006857,0.0000016,0.0000005
21700,0.0006856,0.0000016,0.0000005
21701,0.0006854,0.0000016,0.0000005
21702,0.0006853,0.0000016,0.0000005
21703,0.0006852,0.0000016,0.0000005
21704,0.0006851,0.0000016,0.0000005
21705,0.0006849,0.0000016,0.0000005
21706,0.0006848,0.0000016,0.0000005
21707,0.0006847,0.0000016,0.0000005
21708,0.0006846,0.0000016,0.0000005
21709,0.0006844,0.0000016,0.0000005
21710,0.0006843,0.0000016,0.0000005
21711,0.0006842,0.0000016,0.0000005
21712,0.0006841,0.0000016,0.0000005
21713,0.0006840,0.0000016,0.0000005
21714,0.0006838,0.0000016,0.0000005
21715,0.0006837,0.0000016,0.0000005
21716,0.0006836,0.0000016,0.0000005
21717,0.0006835,0.0000016,0.0000005
21718,0.0006833,0.0000016,0.0000005
21719,0.0006832,0.0000016,0.0000005
21720,0.0006831,0.0000016,0.0000005
21721,0.0006830,0.0000016,0.0000005
21722,0.0006828,0.0000016,0.0000005
21723,0.0006827,0.0000016,0.0000005
21724,0.0006826,0.0000016,0.0000005
21725,0.0006825,0.0000016,0.0000005
21726,0.0006823,0.0000016,0.0000005
21727,0.0006822,0.0000016,0.0000005
21728,0.0006821,0.0000016,0.0000005
21729,0.0006820,0.0000016,0.0000005
21730,0.0006819,0.0000016,0.0000005
21731,0.0006817,0.0000016,0.0000005
21732,0.0006816,0.0000016,0.0000005
21733,0.0006815,0.0000016,0.0000005
21734,0.0006814,0.0000016,0.0000005
21735,0.0006812,0.0000016,0.0000005
21736,0.0006811,0.0000016,0.0000005
21737,0.0006810,0.0000016,0.0000005
21738,0.0006809,0.0000016,0.0000005
21739,0.0006807,0.0000016,0.0000005
21740,0.0006806,0.0000016,0.0000005
21741,0.0006805,0.0000016,0.0000005
21742,0.0006804,0.0000016,0.0000005
21743,0.0006803,0.0000016,0.0000005
21744,0.0006801,0.0000016,0.0000005
21745,0.0006800,0.0000016,0.0000005
21746,0.0006799,0.0000016,0.0000005
21747,0.0006798,0.0000016,0.0000005
21748,0.0006796,0.0000016,0.0000005
21749,0.0006795,0.0000016,0.0000005
21750,0.0006794,0.0000016,0.0000005
21751,0.0006793,0.0000016,0.0000005
21752,0.0006791,0.0000016,0.0000005
21753,0.0006790,0.0000016,0.0000005
21754,0.0006789,0.0000016,0.0000005
21755,0.0006788,0.0000016,0.0000005
21756,0.0006787,0.0000016,0.0000005
21757,0.0006785,0.0000016,0.0000005
21758,0.0006784,0.0000016,0.0000005
21759,0.0006783,0.0000016,0.0000005
21760,0.0006782,0.0000016,0.0000005
21761,0.0006780,0.0000016,0.0000005
21762,0.0006779,0.0000016,0.0000005
21763,0.0006778,0.0000016,0.0000005
21764,0.0006777,0.0000016,0.0000005
21765,0.0006776,0.0000016,0.0000005
21766,0.0006774,0.0000016,0.0000005
21767,0.0006773,0.0000016,0.0000005
21768,0.0006772,0.0000016,0.0000005
21769,0.0006771,0.0000016,0.0000005
21770,0.0006769,0.0000016,0.0000005
21771,0.0006768,0.0000016,0.0000005
21772,0.0006767,0.0000016,0.0000005
21773,0.0006766,0.0000016,0.0000005
21774,0.0006765,0.0000016,0.0000005
21775,0.0006763,0.0000016,0.0000005
21776,0.0006762,0.0000016,0.0000005
21777,0.0006761,0.0000016,0.0000005
21778,0.0006760,0.0000016,0.0000005
21779,0.0006758,0.0000016,0.0000005
21780,0.0006757,0.0000016,0.0000005
21781,0.0006756,0.0000016,0.0000005
21782,0.0006755,0.0000016,0.0000005
21783,0.0006754,0.0000016,0.0000005
21784,0.0006752,0.0000016,0.0000005
21785,0.0006751,0.0000016,0.0000005
21786,0.0006750,0.0000016,0.0000005
21787,0.0006749,0.0000016,0.0000005
21788,0.0006747,0.0000016,0.0000005
21789,0.0006746,0.0000016,0.0000005
21790,0.0006745,0.0000016,0.0000005
21791,0.0006744,0.0000016,0.0000005
21792,0.0006743,0.0000016,0.0000005
21793,0.0006741,0.0000016,0.0000005
21794,0.0006740,0.0000016,0.0000005
21795,0.0006739,0.0000016,0.0000005
21796,0.0006738,0.0000016,0.0000005
21797,0.0006736,0.0000016,0.0000005
21798,0.0006735,0.0000016,0.0000005
21799,0.0006734,0.0000016,0.0000005
21800,0.0006733,0.0000016,0.0000005
21801,0.0006732,0.0000016,0.0000005
21802,0.0006730,0.0000016,0.0000005
21803,0.0006729,0.0000016,0.0000005
21804,0.0006728,0.0000016,0.0000005
21805,0.0006727,0.0000016,0.0000005
21806,0.0006726,0.0000016,0.0000005
21807,0.0006724,0.0000016,0.0000005
21808,0.0006723,0.0000016,0.0000005
21809,0.0006722,0.0000016,0.0000005
21810,0.0006721,0.0000016,0.0000005
21811,0.0006719,0.0000016,0.0000005
21812,0.0006718,0.0000016,0.0000005
21813,0.0006717,0.0000016,0.0000005
21814,0.0006716,0.0000016,0.0000005
21815,0.0006715,0.0000016,0.0000005
21816,0.0006713,0.0000016,0.0000005
21817,0.0006712,0.0000016,0.0000005
21818,0.0006711,0.0000016,0.0000005
21819,0.0006710,0.0000016,0.0000005
21820,0.0006709,0.0000016,0.0000005
21821,0.0006707,0.0000016,0.0000005
21822,0.0006706,0.0000016,0.0000005
21823,0.0006705,0.0000016,0.0000005
21824,0.0006704,0.0000016,0.0000005
21825,0.0006703,0.0000016,0.0000005
21826,0.0006701,0.0000016,0.0000005
21827,0.0006700,0.0000016,0.0000005
21828,0.0006699,0.0000016,0.0000005
21829,0.0006698,0.0000016,0.0000005
21830,0.0006696,0.0000016,0.0000005
21831,0.0006695,0.0000016,0.0000005
21832,0.0006694,0.0000016,0.0000005
21833,0.0006693,0.0000016,0.0000005
21834,0.0006692,0.0000016,0.0000005
21835,0.0006690,0.0000016,0.0000005
21836,0.0006689,0.0000016,0.0000005
21837,0.0006688,0.0000016,0.0000005
21838,0.0006687,0.0000016,0.0000005
21839,0.0006686,0.0000016,0.0000005
21840,0.0006684,0.0000016,0.0000005
21841,0.0006683,0.0000016,0.0000005
21842,0.0006682,0.0000016,0.0000005
21843,0.0006681,0.0000016,0.0000005
21844,0.0006680,0.0000016,0.0000005
21845,0.0006678,0.0000016,0.0000005
21846,0.0006677,0.0000016,0.0000005
21847,0.0006676,0.0000016,0.0000005
21848,0.0006675,0.0000016,0.0000005
21849,0.0006674,0.0000016,0.0000005
21850,0.0006672,0.0000016,0.0000005
21851,0.0006671,0.0000016,0.0000005
21852,0.0006670,0.0000016,0.0000005
21853,0.0006669,0.0000016,0.0000005
21854,0.0006668,0.0000016,0.0000005
21855,0.0006666,0.0000016,0.0000005
21856,0.0006665,0.0000016,0.0000005
21857,0.0006664,0.0000016,0.0000005
21858,0.0006663,0.0000016,0.0000005
21859,0.0006661,0.0000016,0.0000005
21860,0.0006660,0.0000016,0.0000005
21861,0.0006659,0.0000016,0.0000005
21862,0.0006658,0.0000016,0.0000005
21863,0.0006657,0.0000016,0.0000005
21864,0.0006655,0.0000016,0.0000005
21865,0.0006654,0.0000016,0.0000005
21866,0.0006653,0.0000016,0.0000005
21867,0.0006652,0.0000016,0.0000005
21868,0.0006651,0.0000016,0.0000005
21869,0.0006649,0.0000016,0.0000005
21870,0.0006648,0.0000016,0.0000005
21871,0.0006647,0.0000016,0.0000005
21872,0.0006646,0.0000016,0.0000005
21873,0.0006645,0.0000016,0.0000005
21874,0.0006643,0.0000016,0.0000005
21875,0.0006642,0.0000016,0.0000005
21876,0.0006641,0.0000016,0.0000005
21877,0.0006640,0.0000016,0.0000005
21878,0.0006639,0.0000016,0.0000005
21879,0.0006638,0.0000016,0.0000005
21880,0.0006636,0.0000016,0.0000005
21881,0.0006635,0.0000016,0.0000005
21882,0.0006634,0.0000016,0.0000005
21883,0.0006633,0.0000016,0.0000005
21884,0.0006632,0.0000016,0.0000005
21885,0.0006630,0.0000016,0.0000005
21886,0.0006629,0.0000016,0.0000005
21887,0.0006628,0.0000016,0.0000005
21888,0.0006627,0.0000016,0.0000005
21889,0.0006626,0.0000016,0.0000005
21890,0.0006624,0.0000016,0.0000005
21891,0.0006623,0.0000016,0.0000005
21892,0.0006622,0.0000016,0.0000005
21893,0.0006621,0.0000016,0.0000005
21894,0.0006620,0.0000016,0.0000005
21895,0.0006618,0.0000016,0.0000005
21896,0.0006617,0.0000016,0.0000005
21897,0.0006616,0.0000016,0.0000005
21898,0.0006615,0.0000016,0.0000005
21899,0.0006614,0.0000016,0.0000005
21900,0.0006612,0.0000016,0.0000005
21901,0.0006611,0.0000016,0.0000005
21902,0.0006610,0.0000016,0.0000005
21903,0.0006609,0.0000016,0.0000005
21904,0.0006608,0.0000016,0.0000005
21905,0.0006606,0.0000016,0.0000005
21906,0.0006605,0.0000016,0.0000005
21907,0.0006604,0.0000016,0.0000005
21908,0.0006603,0.0000016,0.0000005
21909,0.0006602,0.0000016,0.0000005
21910,0.0006601,0.0000016,0.0000005
21911,0.0006599,0.0000016,0.0000005
21912,0.0006598,0.0000016,0.0000005
21913,0.0006597,0.0000016,0.0000005
21914,0.0006596,0.0000016,0.0000005
21915,0.0006595,0.0000016,0.0000005
21916,0.0006593,0.0000016,0.0000005
21917,0.0006592,0.0000016,0.0000005
21918,0.0006591,0.0000016,0.0000005
21919,0.0006590,0.0000016,0.0000005
21920,0.0006589,0.0000016,0.0000005
21921,0.0006587,0.0000016,0.0000005
21922,0.0006586,0.0000016,0.0000005
21923,0.0006585,0.0000016,0.0000005
21924,0.0006584,0.0000016,0.0000005
21925,0.0006583,0.0000016,0.0000005
21926,0.0006581,0.0000016,0.0000005
21927,0.0006580,0.0000016,0.0000005
21928,0.0006579,0.0000016,0.0000005
21929,0.0006578,0.0000016,0.0000005
21930,0.0006577,0.0000016,0.0000005
21931,0.0006576,0.0000016,0.0000005
21932,0.0006574,0.0000016,0.0000005
21933,0.0006573,0.0000016,0.0000005
21934,0.0006572,0.0000016,0.0000005
21935,0.0006571,0.0000016,0.0000005
21936,0.0006570,0.0000016,0.0000005
21937,0.0006568,0.0000016,0.0000005
21938,0.0006567,0.0000016,0.0000005
21939,0.0006566,0.0000016,0.0000005
21940,0.0006565,0.0000016,0.0000005
21941,0.0006564,0.0000016,0.0000005
21942,0.0006563,0.0000016,0.0000005
21943,0.0006561,0.0000016,0.0000005
21944,0.0006560,0.0000016,0.0000005
21945,0.0006559,0.0000016,0.0000005
21946,0.0006558,0.0000016,0.0000005
21947,0.0006557,0.0000016,0.0000005
21948,0.0006555,0.0000016,0.0000005
21949,0.0006554,0.0000016,0.0000005
21950,0.0006553,0.0000016,0.0000005
21951,0.0006552,0.0000016,0.0000005
21952,0.0006551,0.0000015,0.0000005
21953,0.0006550,0.0000015,0.0000005
21954,0.0006548,0.0000015,0.0000005
21955,0.0006547,0.0000015,0.0000005
21956,0.0006546,0.0000015,0.0000005
21957,0.0006545,0.0000015,0.0000005
21958,0.0006544,0.0000015,0.0000005
21959,0.0006542,0.0000015,0.0000005
21960,0.0006541,0.0000015,0.0000005
21961,0.0006540,0.0000015,0.0000005
21962,0.0006539,0.0000015,0.0000005
21963,0.0006538,0.0000015,0.0000005
21964,0.0006537,0.0000015,0.0000005
21965,0.0006535,0.0000015,0.0000005
21966,0.0006534,0.0000015,0.0000005
21967,0.0006533,0.0000015,0.0000005
21968,0.0006532,0.0000015,0.0000005
21969,0.0006531,0.0000015,0.0000005
21970,0.0006530,0.0000015,0.0000005
21971,0.0006528,0.0000015,0.0000005
21972,0.0006527,0.0000015,0.0000005
21973,0.0006526,0.0000015,0.0000005
21974,0.0006525,0.0000015,0.0000005
21975,0.0006524,0.0000015,0.0000005
21976,0.0006522,0.0000015,0.0000005
21977,0.0006521,0.0000015,0.0000005
21978,0.0006520,0.0000015,0.0000005
21979,0.0006519,0.0000015,0.0000005
21980,0.0006518,0.0000015,0.0000005
21981,0.0006517,0.0000015,0.0000005
21982,0.0006515,0.0000015,0.0000005
21983,0.0006514,0.0000015,0.0000005
21984,0.0006513,0.0000015,0.0000005
21985,0.0006512,0.0000015,0.0000005
21986,0.0006511,0.0000015,0.0000005
21987,0.0006510,0.0000015,0.0000005
21988,0.0006508,0.0000015,0.0000005
21989,0.0006507,0.0000015,0.0000005
21990,0.0006506,0.0000015,0.0000005
21991,0.0006505,0.0000015,0.0000005
21992,0.0006504,0.0000015,0.0000005
21993,0.0006503,0.0000015,0.0000005
21994,0.0006501,0.0000015,0.0000005
21995,0.0006500,0.0000015,0.0000005
21996,0.0006499,0.0000015,0.0000005
21997,0.0006498,0.0000015,0.0000005
21998,0.0006497,0.0000015,0.0000005
21999,0.0006495,0.0000015,0.0000005
22000,0.0006494,0.0000015,0.0000005
22001,0.0006493,0.0000015,0.0000005
22002,0.0006492,0.0000015,0.0000005
22003,0.0006491,0.0000015,0.0000005
22004,0.0006490,0.0000015,0.0000005
22005,0.0006488,0.0000015,0.0000005
22006,0.0006487,0.0000015,0.0000005
22007,0.0006486,0.0000015,0.0000005
22008,0.0006485,0.0000015,0.0000005
22009,0.0006484,0.0000015,0.0000005
22010,0.0006483,0.0000015,0.0000005
22011,0.0006481,0.0000015,0.0000005
22012,0.0006480,0.0000015,0.0000005
22013,0.0006479,0.0000015,0.0000005
22014,0.0006478,0.0000015,0.0000005
22015,0.0006477,0.0000015,0.0000005
22016,0.0006476,0.0000015,0.0000005
22017,0.0006474,0.0000015,0.0000005
22018,0.0006473,0.0000015,0.0000005
22019,0.0006472,0.0000015,0.0000005
22020,0.0006471,0.0000015,0.0000005
22021,0.0006470,0.0000015,0.0000005
22022,0.0006469,0.0000015,0.0000005
22023,0.0006467,0.0000015,0.0000005
22024,0.0006466,0.0000015,0.0000005
22025,0.0006465,0.0000015,0.0000005
22026,0.0006464,0.0000015,0.0000005
22027,0.0006463,0.0000015,0.0000005
22028,0.0006462,0.0000015,0.0000005
22029,0.0006461,0.0000015,0.0000005
22030,0.0006459,0.0000015,0.0000005
22031,0.0006458,0.0000015,0.0000005
22032,0.0006457,0.0000015,0.0000005
22033,0.0006456,0.0000015,0.0000005
22034,0.0006455,0.0000015,0.0000005
22035,0.0006454,0.0000015,0.0000005
22036,0.0006452,0.0000015,0.0000005
22037,0.0006451,0.0000015,0.0000005
22038,0.0006450,0.0000015,0.0000005
22039,0.0006449,0.0000015,0.0000005
22040,0.0006448,0.0000015,0.0000005
22041,0.0006447,0.0000015,0.0000005
22042,0.0006445,0.0000015,0.0000005
22043,0.0006444,0.0000015,0.0000005
22044,0.0006443,0.0000015,0.0000005
22045,0.0006442,0.0000015,0.0000005
22046,0.0006441,0.0000015,0.0000005
22047,0.0006440,0.0000015,0.0000005
22048,0.0006438,0.0000015,0.0000005
22049,0.0006437,0.0000015,0.0000005
22050,0.0006436,0.0000015,0.0000005
22051,0.0006435,0.0000015,0.0000005
22052,0.0006434,0.0000015,0.0000005
22053,0.0006433,0.0000015,0.0000005
22054,0.0006432,0.0000015,0.0000005
22055,0.0006430,0.0000015,0.0000005
22056,0.0006429,0.0000015,0.0000005
22057,0.0006428,0.0000015,0.0000005
22058,0.0006427,0.0000015,0.0000005
22059,0.0006426,0.0000015,0.0000005
22060,0.0006425,0.0000015,0.0000005
22061,0.0006423,0.0000015,0.0000005
22062,0.0006422,0.0000015,0.0000005
22063,0.0006421,0.0000015,0.0000005
22064,0.0006420,0.0000015,0.0000005
22065,0.0006419,0.0000015,0.0000005
22066,0.0006418,0.0000015,0.0000005
22067,0.0006416,0.0000015,0.0000005
22068,0.0006415,0.0000015,0.0000005
22069,0.0006414,0.0000015,0.0000005
22070,0.0006413,0.0000015,0.0000005
22071,0.0006412,0.0000015,0.0000005
22072,0.0006411,0.0000015,0.0000005
22073,0.0006410,0.0000015,0.0000005
22074,0.0006408,0.0000015,0.0000005
22075,0.0006407,0.0000015,0.0000005
22076,0.0006406,0.0000015,0.0000005
22077,0.0006405,0.0000015,0.0000005
22078,0.0006404,0.0000015,0.0000005
22079,0.0006403,0.0000015,0.0000005
22080,0.0006402,0.0000015,0.0000005
22081,0.0006400,0.0000015,0.0000005
22082,0.0006399,0.0000015,0.0000005
22083,0.0006398,0.0000015,0.0000005
22084,0.0006397,0.0000015,0.0000005
22085,0.0006396,0.0000015,0.0000005
22086,0.0006395,0.0000015,0.0000005
22087,0.0006393,0.0000015,0.0000005
22088,0.0006392,0.0000015,0.0000005
22089,0.0006391,0.0000015,0.0000005
22090,0.0006390,0.0000015,0.0000005
22091,0.0006389,0.0000015,0.0000005
22092,0.0006388,0.0000015,0.0000005
22093,0.0006387,0.0000015,0.0000005
22094,0.0006385,0.0000015,0.0000005
22095,0.0006384,0.0000015,0.0000005
22096,0.0006383,0.0000015,0.0000005
22097,0.0006382,0.0000015,0.0000005
22098,0.0006381,0.0000015,0.0000005
22099,0.0006380,0.0000015,0.0000005
22100,0.0006379,0.0000015,0.0000005
22101,0.0006377,0.0000015,0.0000005
22102,0.0006376,0.0000015,0.0000005
22103,0.0006375,0.0000015,0.0000005
22104,0.0006374,0.0000015,0.0000005
22105,0.0006373,0.0000015,0.0000005
22106,0.0006372,0.0000015,0.0000005
22107,0.0006370,0.0000015,0.0000005
22108,0.0006369,0.0000015,0.0000005
22109,0.0006368,0.0000015,0.0000005
22110,0.0006367,0.0000015,0.0000005
22111,0.0006366,0.0000015,0.0000005
22112,0.0006365,0.0000015,0.0000005
22113,0.0006364,0.0000015,0.0000005
22114,0.0006362,0.0000015,0.0000005
22115,0.0006361,0.0000015,0.0000005
22116,0.0006360,0.0000015,0.0000005
22117,0.0006359,0.0000015,0.0000005
22118,0.0006358,0.0000015,0.0000005
22119,0.0006357,0.0000015,0.0000005
22120,0.0006356,0.0000015,0.0000005
22121,0.0006354,0.0000015,0.0000005
22122,0.0006353,0.0000015,0.0000005
22123,0.0006352,0.0000015,0.0000005
22124,0.0006351,0.0000015,0.0000005
22125,0.0006350,0.0000015,0.0000005
22126,0.0006349,0.0000015,0.0000005
22127,0.0006348,0.0000015,0.0000005
22128,0.0006346,0.0000015,0.0000005
22129,0.0006345,0.0000015,0.0000005
22130,0.0006344,0.0000015,0.0000005
22131,0.0006343,0.0000015,0.0000005
22132,0.0006342,0.0000015,0.0000005
22133,0.0006341,0.0000015,0.0000005
22134,0.0006340,0.0000015,0.0000005
22135,0.0006339,0.0000015,0.0000005
22136,0.0006337,0.0000015,0.0000005
22137,0.0006336,0.0000015,0.0000005
22138,0.0006335,0.0000015,0.0000005
22139,0.0006334,0.0000015,0.0000005
22140,0.0006333,0.0000015,0.0000005
22141,0.0006332,0.0000015,0.0000005
22142,0.0006331,0.0000015,0.0000005
22143,0.0006329,0.0000015,0.0000005
22144,0.0006328,0.0000015,0.0000005
22145,0.0006327,0.0000015,0.0000005
22146,0.0006326,0.0000015,0.0000005
22147,0.0006325,0.0000015,0.0000005
22148,0.0006324,0.0000015,0.0000005
22149,0.0006323,0.0000015,0.0000005
22150,0.0006321,0.0000015,0.0000005
22151,0.0006320,0.0000015,0.0000005
22152,0.0006319,0.0000015,0.0000005
22153,0.0006318,0.0000015,0.0000005
22154,0.0006317,0.0000015,0.0000005
22155,0.0006316,0.0000015,0.0000005
22156,0.0006315,0.0000015,0.0000005
22157,0.0006314,0.0000015,0.0000005
22158,0.0006312,0.0000015,0.0000005
22159,0.0006311,0.0000015,0.0000005
22160,0.0006310,0.0000015,0.0000005
22161,0.0006309,0.0000015,0.0000005
22162,0.0006308,0.0000015,0.0000005
22163,0.0006307,0.0000015,0.0000005
22164,0.0006306,0.0000015,0.0000005
22165,0.0006304,0.0000015,0.0000005
22166,0.0006303,0.0000015,0.0000005
22167,0.0006302,0.0000015,0.0000005
22168,0.0006301,0.0000015,0.0000005
22169,0.0006300,0.0000015,0.0000005
22170,0.0006299,0.0000015,0.0000005
22171,0.0006298,0.0000015,0.0000005
22172,0.0006297,0.0000015,0.0000005
22173,0.0006295,0.0000015,0.0000005
22174,0.0006294,0.0000015,0.0000005
22175,0.0006293,0.0000015,0.0000005
22176,0.0006292,0.0000015,0.0000005
22177,0.0006291,0.0000015,0.0000005
22178,0.0006290,0.0000015,0.0000005
22179,0.0006289,0.0000015,0.0000005
22180,0.0006287,0.0000015,0.0000005
22181,0.0006286,0.0000015,0.0000005
22182,0.0006285,0.0000015,0.0000005
22183,0.0006284,0.0000015,0.0000005
22184,0.0006283,0.0000015,0.0000005
22185,0.0006282,0.0000015,0.0000005
22186,0.0006281,0.0000015,0.0000005
22187,0.0006280,0.0000015,0.0000005
22188,0.0006278,0.0000015,0.0000005
22189,0.0006277,0.0000015,0.0000005
22190,0.0006276,0.0000015,0.0000005
22191,0.0006275,0.0000015,0.0000005
22192,0.0006274,0.0000015,0.0000005
22193,0.0006273,0.0000015,0.0000005
22194,0.0006272,0.0000015,0.0000005
22195,0.0006271,0.0000015,0.0000005
22196,0.0006269,0.0000015,0.0000005
22197,0.0006268,0.0000015,0.0000005
22198,0.0006267,0.0000015,0.0000005
22199,0.0006266,0.0000015,0.0000005
22200,0.0006265,0.0000015,0.0000005
22201,0.0006264,0.0000015,0.0000005
22202,0.0006263,0.0000015,0.0000005
22203,0.0006262,0.0000015,0.0000005
22204,0.0006260,0.0000015,0.0000005
22205,0.0006259,0.0000015,0.0000005
22206,0.0006258,0.0000015,0.0000005
22207,0.0006257,0.0000015,0.0000005
22208,0.0006256,0.0000015,0.0000005
22209,0.0006255,0.0000015,0.0000005
22210,0.0006254,0.0000015,0.0000005
22211,0.0006253,0.0000015,0.0000005
22212,0.0006251,0.0000015,0.0000005
22213,0.0006250,0.0000015,0.0000005
22214,0.0006249,0.0000015,0.0000005
22215,0.0006248,0.0000015,0.0000005
22216,0.0006247,0.0000015,0.0000005
22217,0.0006246,0.0000015,0.0000005
22218,0.0006245,0.0000015,0.0000005
22219,0.0006244,0.0000015,0.0000005
22220,0.0006242,0.0000015,0.0000005
22221,0.0006241,0.0000015,0.0000005
22222,0.0006240,0.0000015,0.0000005
22223,0.0006239,0.0000015,0.0000005
22224,0.0006238,0.0000015,0.0000005
22225,0.0006237,0.0000015,0.0000005
22226,0.0006236,0.0000015,0.0000005
22227,0.0006235,0.0000015,0.0000005
22228,0.0006234,0.0000015,0.0000005
22229,0.0006232,0.0000015,0.0000005
22230,0.0006231,0.0000015,0.0000005
22231,0.0006230,0.0000015,0.0000005
22232,0.0006229,0.0000015,0.0000005
22233,0.0006228,0.0000015,0.0000005
22234,0.0006227,0.0000015,0.0000005
22235,0.0006226,0.0000015,0.0000005
22236,0.0006225,0.0000015,0.0000005
22237,0.0006223,0.0000015,0.0000005
22238,0.0006222,0.0000015,0.0000005
22239,0.0006221,0.0000015,0.0000005
22240,0.0006220,0.0000015,0.0000005
22241,0.0006219,0.0000015,0.0000005
22242,0.0006218,0.0000015,0.0000005
22243,0.0006217,0.0000015,0.0000005
22244,0.0006216,0.0000015,0.0000005
22245,0.0006215,0.0000015,0.0000005
22246,0.0006213,0.0000015,0.0000005
22247,0.0006212,0.0000015,0.0000005
22248,0.0006211,0.0000015,0.0000005
22249,0.0006210,0.0000015,0.0000005
22250,0.0006209,0.0000015,0.0000005
22251,0.0006208,0.0000015,0.0000005
22252,0.0006207,0.0000015,0.0000005
22253,0.0006206,0.0000015,0.0000005
22254,0.0006205,0.0000015,0.0000005
22255,0.0006203,0.0000015,0.0000005
22256,0.0006202,0.0000015,0.0000005
22257,0.0006201,0.0000015,0.0000005
22258,0.0006200,0.0000015,0.0000005
22259,0.0006199,0.0000015,0.0000005
22260,0.0006198,0.0000015,0.0000005
22261,0.0006197,0.0000015,0.0000005
22262,0.0006196,0.0000015,0.0000005
22263,0.0006194,0.0000015,0.0000005
22264,0.0006193,0.0000015,0.0000005
22265,0.0006192,0.0000015,0.0000005
22266,0.0006191,0.0000015,0.0000005
22267,0.0006190,0.0000015,0.0000005
22268,0.0006189,0.0000015,0.0000005
22269,0.0006188,0.0000015,0.0000005
22270,0.0006187,0.0000015,0.0000005
22271,0.0006186,0.0000015,0.0000005
22272,0.0006185,0.0000015,0.0000005
22273,0.0006183,0.0000015,0.0000005
22274,0.0006182,0.0000015,0.0000005
22275,0.0006181,0.0000015,0.0000005
22276,0.0006180,0.0000015,0.0000005
22277,0.0006179,0.0000015,0.0000005
22278,0.0006178,0.0000015,0.0000005
22279,0.0006177,0.0000015,0.0000005
22280,0.0006176,0.0000015,0.0000005
22281,0.0006175,0.0000015,0.0000005
22282,0.0006173,0.0000015,0.0000005
22283,0.0006172,0.0000015,0.0000005
22284,0.0006171,0.0000015,0.0000005
22285,0.0006170,0.0000015,0.0000005
22286,0.0006169,0.0000015,0.0000005
22287,0.0006168,0.0000014,0.0000005
22288,0.0006167,0.0000014,0.0000005
22289,0.0006166,0.0000014,0.0000005
22290,0.0006165,0.0000014,0.0000005
22291,0.0006163,0.0000014,0.0000005
22292,0.0006162,0.0000014,0.0000005
22293,0.0006161,0.0000014,0.0000005
22294,0.0006160,0.0000014,0.0000005
22295,0.0006159,0.0000014,0.0000005
22296,0.0006158,0.0000014,0.0000005
22297,0.0006157,0.0000014,0.0000005
22298,0.0006156,0.0000014,0.0000005
22299,0.0006155,0.0000014,0.0000005
22300,0.0006154,0.0000014,0.0000005
22301,0.0006152,0.0000014,0.0000005
22302,0.0006151,0.0000014,0.0000005
22303,0.0006150,0.0000014,0.0000005
22304,0.0006149,0.0000014,0.0000005
22305,0.0006148,0.0000014,0.0000005
22306,0.0006147,0.0000014,0.0000005
22307,0.0006146,0.0000014,0.0000005
22308,0.0006145,0.0000014,0.0000005
22309,0.0006144,0.0000014,0.0000005
22310,0.0006143,0.0000014,0.0000005
22311,0.0006141,0.0000014,0.0000005
22312,0.0006140,0.0000014,0.0000005
22313,0.0006139,0.0000014,0.0000005
22314,0.0006138,0.0000014,0.0000005
22315,0.0006137,0.0000014,0.0000005
22316,0.0006136,0.0000014,0.0000005
22317,0.0006135,0.0000014,0.0000005
22318,0.0006134,0.0000014,0.0000005
22319,0.0006133,0.0000014,0.0000005
22320,0.0006131,0.0000014,0.0000005
22321,0.0006130,0.0000014,0.0000005
22322,0.0006129,0.0000014,0.0000005
22323,0.0006128,0.0000014,0.0000005
22324,0.0006127,0.0000014,0.0000005
22325,0.0006126,0.0000014,0.0000005
22326,0.0006125,0.0000014,0.0000005
22327,0.0006124,0.0000014,0.0000005
22328,0.0006123,0.0000014,0.0000005
22329,0.0006122,0.0000014,0.0000005
22330,0.0006121,0.0000014,0.0000005
22331,0.0006119,0.0000014,0.0000005
22332,0.0006118,0.0000014,0.0000005
22333,0.0006117,0.0000014,0.0000005
22334,0.0006116,0.0000014,0.0000005
22335,0.0006115,0.0000014,0.0000005
22336,0.0006114,0.0000014,0.0000005
22337,0.0006113,0.0000014,0.0000005
22338,0.0006112,0.0000014,0.0000005
22339,0.0006111,0.0000014,0.0000005
22340,0.0006110,0.0000014,0.0000005
22341,0.0006108,0.0000014,0.0000005
22342,0.0006107,0.0000014,0.0000005
22343,0.0006106,0.0000014,0.0000005
22344,0.0006105,0.0000014,0.0000005
22345,0.0006104,0.0000014,0.0000005
22346,0.0006103,0.0000014,0.0000005
22347,0.0006102,0.0000014,0.0000005
22348,0.0006101,0.0000014,0.0000005
22349,0.0006100,0.0000014,0.0000005
22350,0.0006099,0.0000014,0.0000005
22351,0.0006098,0.0000014,0.0000005
22352,0.0006096,0.0000014,0.0000005
22353,0.0006095,0.0000014,0.0000005
22354,0.0006094,0.0000014,0.0000005
22355,0.0006093,0.0000014,0.0000005
22356,0.0006092,0.0000014,0.0000005
22357,0.0006091,0.0000014,0.0000005
22358,0.0006090,0.0000014,0.0000005
22359,0.0006089,0.0000014,0.0000005
22360,0.0006088,0.0000014,0.0000005
22361,0.0006087,0.0000014,0.0000005
22362,0.0006086,0.0000014,0.0000005
22363,0.0006084,0.0000014,0.0000005
22364,0.0006083,0.0000014,0.0000005
22365,0.0006082,0.0000014,0.0000005
22366,0.0006081,0.0000014,0.0000005
22367,0.0006080,0.0000014,0.0000005
22368,0.0006079,0.0000014,0.0000005
22369,0.0006078,0.0000014,0.0000005
22370,0.0006077,0.0000014,0.0000005
22371,0.0006076,0.0000014,0.0000005
22372,0.0006075,0.0000014,0.0000005
22373,0.0006074,0.0000014,0.0000005
22374,0.0006072,0.0000014,0.0000005
22375,0.0006071,0.0000014,0.0000005
22376,0.0006070,0.0000014,0.0000005
22377,0.0006069,0.0000014,0.0000005
22378,0.0006068,0.0000014,0.0000005
22379,0.0006067,0.0000014,0.0000005
22380,0.0006066,0.0000014,0.0000005
22381,0.0006065,0.0000014,0.0000005
22382,0.0006064,0.0000014,0.0000005
22383,0.0006063,0.0000014,0.0000005
22384,0.0006062,0.0000014,0.0000005
22385,0.0006061,0.0000014,0.0000005
22386,0.0006059,0.0000014,0.0000005
22387,0.0006058,0.0000014,0.0000005
22388,0.0006057,0.0000014,0.0000005
22389,0.0006056,0.0000014,0.0000005
22390,0.0006055,0.0000014,0.0000005
22391,0.0006054,0.0000014,0.0000005
22392,0.0006053,0.0000014,0.0000005
22393,0.0006052,0.0000014,0.0000005
22394,0.0006051,0.0000014,0.0000005
22395,0.0006050,0.0000014,0.0000005
22396,0.0006049,0.0000014,0.0000005
22397,0.0006047,0.0000014,0.0000005
22398,0.0006046,0.0000014,0.0000005
22399,0.0006045,0.0000014,0.0000005
22400,0.0006044,0.0000014,0.0000005
22401,0.0006043,0.0000014,0.0000005
22402,0.0006042,0.0000014,0.0000005
22403,0.0006041,0.0000014,0.0000005
22404,0.0006040,0.0000014,0.0000005
22405,0.0006039,0.0000014,0.0000005
22406,0.0006038,0.0000014,0.0000005
22407,0.0006037,0.0000014,0.0000005
22408,0.0006036,0.0000014,0.0000005
22409,0.0006035,0.0000014,0.0000005
22410,0.0006033,0.0000014,0.0000005
22411,0.0006032,0.0000014,0.0000005
22412,0.0006031,0.0000014,0.0000005
22413,0.0006030,0.0000014,0.0000005
22414,0.0006029,0.0000014,0.0000005
22415,0.0006028,0.0000014,0.0000005
22416,0.0006027,0.0000014,0.0000005
22417,0.0006026,0.0000014,0.0000005
22418,0.0006025,0.0000014,0.0000005
22419,0.0006024,0.0000014,0.0000005
22420,0.0006023,0.0000014,0.0000005
22421,0.0006022,0.0000014,0.0000005
22422,0.0006020,0.0000014,0.0000005
22423,0.0006019,0.0000014,0.0000005
22424,0.0006018,0.0000014,0.0000005
22425,0.0006017,0.0000014,0.0000005
22426,0.0006016,0.0000014,0.0000005
22427,0.0006015,0.0000014,0.0000005
22428,0.0006014,0.0000014,0.0000005
22429,0.0006013,0.0000014,0.0000005
22430,0.0006012,0.0000014,0.0000005
22431,0.0006011,0.0000014,0.0000005
22432,0.0006010,0.0000014,0.0000005
22433,0.0006009,0.0000014,0.0000005
22434,0.0006008,0.0000014,0.0000005
22435,0.0006006,0.0000014,0.0000005
22436,0.0006005,0.0000014,0.0000005
22437,0.0006004,0.0000014,0.0000005
22438,0.0006003,0.0000014,0.0000005
22439,0.0006002,0.0000014,0.0000005
22440,0.0006001,0.0000014,0.0000005
22441,0.0006000,0.0000014,0.0000005
22442,0.0005999,0.0000014,0.0000005
22443,0.0005998,0.0000014,0.0000005
22444,0.0005997,0.0000014,0.0000005
22445,0.0005996,0.0000014,0.0000005
22446,0.0005995,0.0000014,0.0000005
22447,0.0005994,0.0000014,0.0000005
22448,0.0005993,0.0000014,0.0000005
22449,0.0005991,0.0000014,0.0000005
22450,0.0005990,0.0000014,0.0000005
22451,0.0005989,0.0000014,0.0000005
22452,0.0005988,0.0000014,0.0000005
22453,0.0005987,0.0000014,0.0000005
22454,0.0005986,0.0000014,0.0000005
22455,0.0005985,0.0000014,0.0000005
22456,0.0005984,0.0000014,0.0000005
22457,0.0005983,0.0000014,0.0000005
22458,0.0005982,0.0000014,0.0000005
22459,0.0005981,0.0000014,0.0000005
22460,0.0005980,0.0000014,0.0000005
22461,0.0005979,0.0000014,0.0000005
22462,0.0005978,0.0000014,0.0000005
22463,0.0005976,0.0000014,0.0000005
22464,0.0005975,0.0000014,0.0000005
22465,0.0005974,0.0000014,0.0000005
22466,0.0005973,0.0000014,0.0000005
22467,0.0005972,0.0000014,0.0000005
22468,0.0005971,0.0000014,0.0000005
22469,0.0005970,0.0000014,0.0000005
22470,0.0005969,0.0000014,0.0000005
22471,0.0005968,0.0000014,0.0000005
22472,0.0005967,0.0000014,0.0000005
22473,0.0005966,0.0000014,0.0000005
22474,0.0005965,0.0000014,0.0000005
22475,0.0005964,0.0000014,0.0000005
22476,0.0005963,0.0000014,0.0000005
22477,0.0005962,0.0000014,0.0000005
22478,0.0005960,0.0000014,0.0000005
22479,0.0005959,0.0000014,0.0000005
22480,0.0005958,0.0000014,0.0000005
22481,0.0005957,0.0000014,0.0000005
22482,0.0005956,0.0000014,0.0000005
22483,0.0005955,0.0000014,0.0000005
22484,0.0005954,0.0000014,0.0000005
22485,0.0005953,0.0000014,0.0000005
22486,0.0005952,0.0000014,0.0000005
22487,0.0005951,0.0000014,0.0000005
22488,0.0005950,0.0000014,0.0000005
22489,0.0005949,0.0000014,0.0000005
22490,0.0005948,0.0000014,0.0000005
22491,0.0005947,0.0000014,0.0000005
22492,0.0005946,0.0000014,0.0000005
22493,0.0005944,0.0000014,0.0000005
22494,0.0005943,0.0000014,0.0000005
22495,0.0005942,0.0000014,0.0000005
22496,0.0005941,0.0000014,0.0000005
22497,0.0005940,0.0000014,0.0000005
22498,0.0005939,0.0000014,0.0000005
22499,0.0005938,0.0000014,0.0000005
22500,0.0005937,0.0000014,0.0000005
22501,0.0005936,0.0000014,0.0000005
22502,0.0005935,0.0000014,0.0000005
22503,0.0005934,0.0000014,0.0000005
22504,0.0005933,0.0000014,0.0000005
22505,0.0005932,0.0000014,0.0000005
22506,0.0005931,0.0000014,0.0000005
22507,0.0005930,0.0000014,0.0000005
22508,0.0005929,0.0000014,0.0000005
22509,0.0005928,0.0000014,0.0000005
22510,0.0005926,0.0000014,0.0000005
22511,0.0005925,0.0000014,0.0000005
22512,0.0005924,0.0000014,0.0000005
22513,0.0005923,0.0000014,0.0000005
22514,0.0005922,0.0000014,0.0000005
22515,0.0005921,0.0000014,0.0000005
22516,0.0005920,0.0000014,0.0000005
22517,0.0005919,0.0000014,0.0000005
22518,0.0005918,0.0000014,0.0000005
22519,0.0005917,0.0000014,0.0000005
22520,0.0005916,0.0000014,0.0000005
22521,0.0005915,0.0000014,0.0000005
22522,0.0005914,0.0000014,0.0000005
22523,0.0005913,0.0000014,0.0000005
22524,0.0005912,0.0000014,0.0000005
22525,0.0005911,0.0000014,0.0000005
22526,0.0005910,0.0000014,0.0000005
22527,0.0005908,0.0000014,0.0000005
22528,0.0005907,0.0000014,0.0000005
22529,0.0005906,0.0000014,0.0000005
22530,0.0005905,0.0000014,0.0000005
22531,0.0005904,0.0000014,0.0000005
22532,0.0005903,0.0000014,0.0000005
22533,0.0005902,0.0000014,0.0000005
22534,0.0005901,0.0000014,0.0000005
22535,0.0005900,0.0000014,0.0000005
22536,0.0005899,0.0000014,0.0000005
22537,0.0005898,0.0000014,0.0000005
22538,0.0005897,0.0000014,0.0000005
22539,0.0005896,0.0000014,0.0000005
22540,0.0005895,0.0000014,0.0000005
22541,0.0005894,0.0000014,0.0000005
22542,0.0005893,0.0000014,0.0000005
22543,0.0005892,0.0000014,0.0000005
22544,0.0005891,0.0000014,0.0000005
22545,0.0005889,0.0000014,0.0000005
22546,0.0005888,0.0000014,0.0000005
22547,0.0005887,0.0000014,0.0000005
22548,0.0005886,0.0000014,0.0000005
22549,0.0005885,0.0000014,0.0000005
22550,0.0005884,0.0000014,0.0000005
22551,0.0005883,0.0000014,0.0000005
22552,0.0005882,0.0000014,0.0000005
22553,0.0005881,0.0000014,0.0000005
22554,0.0005880,0.0000014,0.0000005
22555,0.0005879,0.0000014,0.0000005
22556,0.0005878,0.0000014,0.0000005
22557,0.0005877,0.0000014,0.0000005
22558,0.0005876,0.0000014,0.0000005
22559,0.0005875,0.0000014,0.0000005
22560,0.0005874,0.0000014,0.0000005
22561,0.0005873,0.0000014,0.0000005
22562,0.0005872,0.0000014,0.0000005
22563,0.0005871,0.0000014,0.0000005
22564,0.0005870,0.0000014,0.0000005
22565,0.0005868,0.0000014,0.0000005
22566,0.0005867,0.0000014,0.0000005
22567,0.0005866,0.0000014,0.0000005
22568,0.0005865,0.0000014,0.0000005
22569,0.0005864,0.0000014,0.0000005
22570,0.0005863,0.0000014,0.0000005
22571,0.0005862,0.0000014,0.0000005
22572,0.0005861,0.0000014,0.0000005
22573,0.0005860,0.0000014,0.0000005
22574,0.0005859,0.0000014,0.0000005
22575,0.0005858,0.0000014,0.0000005
22576,0.0005857,0.0000014,0.0000005
22577,0.0005856,0.0000014,0.0000005
22578,0.0005855,0.0000014,0.0000005
22579,0.0005854,0.0000014,0.0000005
22580,0.0005853,0.0000014,0.0000005
22581,0.0005852,0.0000014,0.0000005
22582,0.0005851,0.0000014,0.0000005
22583,0.0005850,0.0000014,0.0000005
22584,0.0005849,0.0000014,0.0000005
22585,0.0005848,0.0000014,0.0000005
22586,0.0005847,0.0000014,0.0000005
22587,0.0005845,0.0000014,0.0000005
22588,0.0005844,0.0000014,0.0000005
22589,0.0005843,0.0000014,0.0000005
22590,0.0005842,0.0000014,0.0000005
22591,0.0005841,0.0000014,0.0000005
22592,0.0005840,0.0000014,0.0000005
22593,0.0005839,0.0000014,0.0000005
22594,0.0005838,0.0000014,0.0000005
22595,0.0005837,0.0000014,0.0000005
22596,0.0005836,0.0000014,0.0000005
22597,0.0005835,0.0000014,0.0000005
22598,0.0005834,0.0000014,0.0000005
22599,0.0005833,0.0000014,0.0000005
22600,0.0005832,0.0000014,0.0000005
22601,0.0005831,0.0000014,0.0000005
22602,0.0005830,0.0000014,0.0000005
22603,0.0005829,0.0000014,0.0000005
22604,0.0005828,0.0000014,0.0000005
22605,0.0005827,0.0000014,0.0000005
22606,0.0005826,0.0000014,0.0000005
22607,0.0005825,0.0000014,0.0000005
22608,0.0005824,0.0000014,0.0000005
22609,0.0005823,0.0000014,0.0000005
22610,0.0005821,0.0000014,0.0000005
22611,0.0005820,0.0000014,0.0000005
22612,0.0005819,0.0000014,0.0000005
22613,0.0005818,0.0000014,0.0000005
22614,0.0005817,0.0000014,0.0000005
22615,0.0005816,0.0000014,0.0000005
22616,0.0005815,0.0000014,0.0000005
22617,0.0005814,0.0000014,0.0000005
22618,0.0005813,0.0000014,0.0000005
22619,0.0005812,0.0000014,0.0000005
22620,0.0005811,0.0000014,0.0000005
22621,0.0005810,0.0000014,0.0000005
22622,0.0005809,0.0000014,0.0000005
22623,0.0005808,0.0000014,0.0000005
22624,0.0005807,0.0000014,0.0000005
22625,0.0005806,0.0000014,0.0000005
22626,0.0005805,0.0000014,0.0000005
22627,0.0005804,0.0000014,0.0000005
22628,0.0005803,0.0000014,0.0000005
22629,0.0005802,0.0000014,0.0000005
22630,0.0005801,0.0000014,0.0000005
22631,0.0005800,0.0000014,0.0000005
22632,0.0005799,0.0000014,0.0000005
22633,0.0005798,0.0000014,0.0000005
22634,0.0005797,0.0000014,0.0000005
22635,0.0005796,0.0000014,0.0000005
22636,0.0005795,0.0000014,0.0000005
22637,0.0005794,0.0000014,0.0000005
22638,0.0005792,0.0000014,0.0000005
22639,0.0005791,0.0000014,0.0000005
22640,0.0005790,0.0000014,0.0000005
22641,0.0005789,0.0000014,0.0000005
22642,0.0005788,0.0000014,0.0000005
22643,0.0005787,0.0000014,0.0000005
22644,0.0005786,0.0000014,0.0000005
22645,0.0005785,0.0000014,0.0000005
22646,0.0005784,0.0000014,0.0000005
22647,0.0005783,0.0000014,0.0000005
22648,0.0005782,0.0000014,0.0000005
22649,0.0005781,0.0000014,0.0000005
22650,0.0005780,0.0000013,0.0000005
22651,0.0005779,0.0000013,0.0000005
22652,0.0005778,0.0000013,0.0000005
22653,0.0005777,0.0000013,0.0000005
22654,0.0005776,0.0000013,0.0000005
22655,0.0005775,0.0000013,0.0000005
22656,0.0005774,0.0000013,0.0000005
22657,0.0005773,0.0000013,0.0000005
22658,0.0005772,0.0000013,0.0000005
22659,0.0005771,0.0000013,0.0000005
22660,0.0005770,0.0000013,0.0000005
22661,0.0005769,0.0000013,0.0000005
22662,0.0005768,0.0000013,0.0000005
22663,0.0005767,0.0000013,0.0000005
22664,0.0005766,0.0000013,0.0000005
22665,0.0005765,0.0000013,0.0000005
22666,0.0005764,0.0000013,0.0000005
22667,0.0005763,0.0000013,0.0000005
22668,0.0005762,0.0000013,0.0000005
22669,0.0005761,0.0000013,0.0000005
22670,0.0005759,0.0000013,0.0000005
22671,0.0005758,0.0000013,0.0000005
22672,0.0005757,0.0000013,0.0000005
22673,0.0005756,0.0000013,0.0000005
22674,0.0005755,0.0000013,0.0000005
22675,0.0005754,0.0000013,0.0000005
22676,0.0005753,0.0000013,0.0000005
22677,0.0005752,0.0000013,0.0000005
22678,0.0005751,0.0000013,0.0000005
22679,0.0005750,0.0000013,0.0000005
22680,0.0005749,0.0000013,0.0000005
22681,0.0005748,0.0000013,0.0000005
22682,0.0005747,0.0000013,0.0000005
22683,0.0005746,0.0000013,0.0000005
22684,0.0005745,0.0000013,0.0000005
22685,0.0005744,0.0000013,0.0000005
22686,0.0005743,0.0000013,0.0000005
22687,0.0005742,0.0000013,0.0000005
22688,0.0005741,0.0000013,0.0000005
22689,0.0005740,0.0000013,0.0000005
22690,0.0005739,0.0000013,0.0000005
22691,0.0005738,0.0000013,0.0000005
22692,0.0005737,0.0000013,0.0000005
22693,0.0005736,0.0000013,0.0000005
22694,0.0005735,0.0000013,0.0000005
22695,0.0005734,0.0000013,0.0000005
22696,0.0005733,0.0000013,0.0000005
22697,0.0005732,0.0000013,0.0000005
22698,0.0005731,0.0000013,0.0000005
22699,0.0005730,0.0000013,0.0000005
22700,0.0005729,0.0000013,0.0000005
22701,0.0005728,0.0000013,0.0000005
22702,0.0005727,0.0000013,0.0000005
22703,0.0005726,0.0000013,0.0000005
22704,0.0005725,0.0000013,0.0000005
22705,0.0005724,0.0000013,0.0000005
22706,0.0005723,0.0000013,0.0000005
22707,0.0005722,0.0000013,0.0000005
22708,0.0005721,0.0000013,0.0000005
22709,0.0005720,0.0000013,0.0000005
22710,0.0005719,0.0000013,0.0000005
22711,0.0005718,0.0000013,0.0000005
22712,0.0005716,0.0000013,0.0000005
22713,0.0005715,0.0000013,0.0000005
22714,0.0005714,0.0000013,0.0000005
22715,0.0005713,0.0000013,0.0000005
22716,0.0005712,0.0000013,0.0000005
22717,0.0005711,0.0000013,0.0000005
22718,0.0005710,0.0000013,0.0000005
22719,0.0005709,0.0000013,0.0000005
22720,0.0005708,0.0000013,0.0000005
22721,0.0005707,0.0000013,0.0000005
22722,0.0005706,0.0000013,0.0000005
22723,0.0005705,0.0000013,0.0000005
22724,0.0005704,0.0000013,0.0000005
22725,0.0005703,0.0000013,0.0000005
22726,0.0005702,0.0000013,0.0000005
22727,0.0005701,0.0000013,0.0000005
22728,0.0005700,0.0000013,0.0000005
22729,0.0005699,0.0000013,0.0000005
22730,0.0005698,0.0000013,0.0000005
22731,0.0005697,0.0000013,0.0000005
22732,0.0005696,0.0000013,0.0000005
22733,0.0005695,0.0000013,0.0000004
22734,0.0005694,0.0000013,0.0000004
22735,0.0005693,0.0000013,0.0000004
22736,0.0005692,0.0000013,0.0000004
22737,0.0005691,0.0000013,0.0000004
22738,0.0005690,0.0000013,0.0000004
22739,0.0005689,0.0000013,0.0000004
22740,0.0005688,0.0000013,0.0000004
22741,0.0005687,0.0000013,0.0000004
22742,0.0005686,0.0000013,0.0000004
22743,0.0005685,0.0000013,0.0000004
22744,0.0005684,0.0000013,0.0000004
22745,0.0005683,0.0000013,0.0000004
22746,0.0005682,0.0000013,0.0000004
22747,0.0005681,0.0000013,0.0000004
22748,0.0005680,0.0000013,0.0000004
22749,0.0005679,0.0000013,0.0000004
22750,0.0005678,0.0000013,0.0000004
22751,0.0005677,0.0000013,0.0000004
22752,0.0005676,0.0000013,0.0000004
22753,0.0005675,0.0000013,0.0000004
22754,0.0005674,0.0000013,0.0000004
22755,0.0005673,0.0000013,0.0000004
22756,0.0005672,0.0000013,0.0000004
22757,0.0005671,0.0000013,0.0000004
22758,0.0005670,0.0000013,0.0000004
22759,0.0005669,0.0000013,0.0000004
22760,0.0005668,0.0000013,0.0000004
22761,0.0005667,0.0000013,0.0000004
22762,0.0005666,0.0000013,0.0000004
22763,0.0005665,0.0000013,0.0000004
22764,0.0005664,0.0000013,0.0000004
22765,0.0005663,0.0000013,0.0000004
22766,0.0005662,0.0000013,0.0000004
22767,0.0005661,0.0000013,0.0000004
22768,0.0005660,0.0000013,0.0000004
22769,0.0005659,0.0000013,0.0000004
22770,0.0005658,0.0000013,0.0000004
22771,0.0005657,0.0000013,0.0000004
22772,0.0005656,0.0000013,0.0000004
22773,0.0005655,0.0000013,0.0000004
22774,0.0005654,0.0000013,0.0000004
22775,0.0005653,0.0000013,0.0000004
22776,0.0005652,0.0000013,0.0000004
22777,0.0005651,0.0000013,0.0000004
22778,0.0005650,0.0000013,0.0000004
22779,0.0005649,0.0000013,0.0000004
22780,0.0005648,0.0000013,0.0000004
22781,0.0005647,0.0000013,0.0000004
22782,0.0005646,0.0000013,0.0000004
22783,0.0005645,0.0000013,0.0000004
22784,0.0005644,0.0000013,0.0000004
22785,0.0005643,0.0000013,0.0000004
22786,0.0005642,0.0000013,0.0000004
22787,0.0005641,0.0000013,0.0000004
22788,0.0005640,0.0000013,0.0000004
22789,0.0005639,0.0000013,0.0000004
22790,0.0005638,0.0000013,0.0000004
22791,0.0005637,0.0000013,0.0000004
22792,0.0005636,0.0000013,0.0000004
22793,0.0005635,0.0000013,0.0000004
22794,0.0005634,0.0000013,0.0000004
22795,0.0005633,0.0000013,0.0000004
22796,0.0005632,0.0000013,0.0000004
22797,0.0005631,0.0000013,0.0000004
22798,0.0005630,0.0000013,0.0000004
22799,0.0005629,0.0000013,0.0000004
22800,0.0005628,0.0000013,0.0000004
22801,0.0005627,0.0000013,0.0000004
22802,0.0005626,0.0000013,0.0000004
22803,0.0005625,0.0000013,0.0000004
22804,0.0005624,0.0000013,0.0000004
22805,0.0005623,0.0000013,0.0000004
22806,0.0005622,0.0000013,0.0000004
22807,0.0005621,0.0000013,0.0000004
22808,0.0005620,0.0000013,0.0000004
22809,0.0005619,0.0000013,0.0000004
22810,0.0005618,0.0000013,0.0000004
22811,0.0005617,0.0000013,0.0000004
22812,0.0005616,0.0000013,0.0000004
22813,0.0005615,0.0000013,0.0000004
22814,0.0005614,0.0000013,0.0000004
22815,0.0005613,0.0000013,0.0000004
22816,0.0005612,0.0000013,0.0000004
22817,0.0005611,0.0000013,0.0000004
22818,0.0005610,0.0000013,0.0000004
22819,0.0005609,0.0000013,0.0000004
22820,0.0005608,0.0000013,0.0000004
22821,0.0005607,0.0000013,0.0000004
22822,0.0005606,0.0000013,0.0000004
22823,0.0005605,0.0000013,0.0000004
22824,0.0005604,0.0000013,0.0000004
22825,0.0005603,0.0000013,0.0000004
22826,0.0005602,0.0000013,0.0000004
22827,0.0005601,0.0000013,0.0000004
22828,0.0005600,0.0000013,0.0000004
22829,0.0005599,0.0000013,0.0000004
22830,0.0005598,0.0000013,0.0000004
22831,0.0005597,0.0000013,0.0000004
22832,0.0005596,0.0000013,0.0000004
22833,0.0005595,0.0000013,0.0000004
22834,0.0005594,0.0000013,0.0000004
22835,0.0005593,0.0000013,0.0000004
22836,0.0005592,0.0000013,0.0000004
22837,0.0005591,0.0000013,0.0000004
22838,0.0005590,0.0000013,0.0000004
22839,0.0005589,0.0000013,0.0000004
22840,0.0005588,0.0000013,0.0000004
22841,0.0005587,0.0000013,0.0000004
22842,0.0005586,0.0000013,0.0000004
22843,0.0005585,0.0000013,0.0000004
22844,0.0005584,0.0000013,0.0000004
22845,0.0005583,0.0000013,0.0000004
22846,0.0005582,0.0000013,0.0000004
22847,0.0005581,0.0000013,0.0000004
22848,0.0005580,0.0000013,0.0000004
22849,0.0005579,0.0000013,0.0000004
22850,0.0005578,0.0000013,0.0000004
22851,0.0005577,0.0000013,0.0000004
22852,0.0005576,0.0000013,0.0000004
22853,0.0005575,0.0000013,0.0000004
22854,0.0005574,0.0000013,0.0000004
22855,0.0005573,0.0000013,0.0000004
22856,0.0005572,0.0000013,0.0000004
22857,0.0005571,0.0000013,0.0000004
22858,0.0005570,0.0000013,0.0000004
22859,0.0005569,0.0000013,0.0000004
22860,0.0005568,0.0000013,0.0000004
22861,0.0005567,0.0000013,0.0000004
22862,0.0005566,0.0000013,0.0000004
22863,0.0005565,0.0000013,0.0000004
22864,0.0005564,0.0000013,0.0000004
22865,0.0005563,0.0000013,0.0000004
22866,0.0005562,0.0000013,0.0000004
22867,0.0005561,0.0000013,0.0000004
22868,0.0005560,0.0000013,0.0000004
22869,0.0005559,0.0000013,0.0000004
22870,0.0005558,0.0000013,0.0000004
22871,0.0005557,0.0000013,0.0000004
22872,0.0005556,0.0000013,0.0000004
22873,0.0005555,0.0000013,0.0000004
22874,0.0005554,0.0000013,0.0000004
22875,0.0005553,0.0000013,0.0000004
22876,0.0005552,0.0000013,0.0000004
22877,0.0005551,0.0000013,0.0000004
22878,0.0005550,0.0000013,0.0000004
22879,0.0005549,0.0000013,0.0000004
22880,0.0005548,0.0000013,0.0000004
22881,0.0005547,0.0000013,0.0000004
22882,0.0005546,0.0000013,0.0000004
22883,0.0005545,0.0000013,0.0000004
22884,0.0005544,0.0000013,0.0000004
22885,0.0005543,0.0000013,0.0000004
22886,0.0005542,0.0000013,0.0000004
22887,0.0005541,0.0000013,0.0000004
22888,0.0005540,0.0000013,0.0000004
22889,0.0005539,0.0000013,0.0000004
22890,0.0005538,0.0000013,0.0000004
22891,0.0005537,0.0000013,0.0000004
22892,0.0005536,0.0000013,0.0000004
22893,0.0005535,0.0000013,0.0000004
22894,0.0005534,0.0000013,0.0000004
22895,0.0005533,0.0000013,0.0000004
22896,0.0005532,0.0000013,0.0000004
22897,0.0005531,0.0000013,0.0000004
22898,0.0005530,0.0000013,0.0000004
22899,0.0005529,0.0000013,0.0000004
22900,0.0005528,0.0000013,0.0000004
22901,0.0005527,0.0000013,0.0000004
22902,0.0005526,0.0000013,0.0000004
22903,0.0005525,0.0000013,0.0000004
22904,0.0005524,0.0000013,0.0000004
22905,0.0005523,0.0000013,0.0000004
22906,0.0005522,0.0000013,0.0000004
22907,0.0005521,0.0000013,0.0000004
22908,0.0005520,0.0000013,0.0000004
22909,0.0005519,0.0000013,0.0000004
22910,0.0005518,0.0000013,0.0000004
22911,0.0005517,0.0000013,0.0000004
22912,0.0005516,0.0000013,0.0000004
22913,0.0005515,0.0000013,0.0000004
22914,0.0005515,0.0000013,0.0000004
22915,0.0005514,0.0000013,0.0000004
22916,0.0005513,0.0000013,0.0000004
22917,0.0005512,0.0000013,0.0000004
22918,0.0005511,0.0000013,0.0000004
22919,0.0005510,0.0000013,0.0000004
22920,0.0005509,0.0000013,0.0000004
22921,0.0005508,0.0000013,0.0000004
22922,0.0005507,0.0000013,0.0000004
22923,0.0005506,0.0000013,0.0000004
22924,0.0005505,0.0000013,0.0000004
22925,0.0005504,0.0000013,0.0000004
22926,0.0005503,0.0000013,0.0000004
22927,0.0005502,0.0000013,0.0000004
22928,0.0005501,0.0000013,0.0000004
22929,0.0005500,0.0000013,0.0000004
22930,0.0005499,0.0000013,0.0000004
22931,0.0005498,0.0000013,0.0000004
22932,0.0005497,0.0000013,0.0000004
22933,0.0005496,0.0000013,0.0000004
22934,0.0005495,0.0000013,0.0000004
22935,0.0005494,0.0000013,0.0000004
22936,0.0005493,0.0000013,0.0000004
22937,0.0005492,0.0000013,0.0000004
22938,0.0005491,0.0000013,0.0000004
22939,0.0005490,0.0000013,0.0000004
22940,0.0005489,0.0000013,0.0000004
22941,0.0005488,0.0000013,0.0000004
22942,0.0005487,0.0000013,0.0000004
22943,0.0005486,0.0000013,0.0000004
22944,0.0005485,0.0000013,0.0000004
22945,0.0005484,0.0000013,0.0000004
22946,0.0005483,0.0000013,0.0000004
22947,0.0005482,0.0000013,0.0000004
22948,0.0005481,0.0000013,0.0000004
22949,0.0005480,0.0000013,0.0000004
22950,0.0005479,0.0000013,0.0000004
22951,0.0005478,0.0000013,0.0000004
22952,0.0005477,0.0000013,0.0000004
22953,0.0005476,0.0000013,0.0000004
22954,0.0005475,0.0000013,0.0000004
22955,0.0005474,0.0000013,0.0000004
22956,0.0005473,0.0000013,0.0000004
22957,0.0005473,0.0000013,0.0000004
22958,0.0005472,0.0000013,0.0000004
22959,0.0005471,0.0000013,0.0000004
22960,0.0005470,0.0000013,0.0000004
22961,0.0005469,0.0000013,0.0000004
22962,0.0005468,0.0000013,0.0000004
22963,0.0005467,0.0000013,0.0000004
22964,0.0005466,0.0000013,0.0000004
22965,0.0005465,0.0000013,0.0000004
22966,0.0005464,0.0000013,0.0000004
22967,0.0005463,0.0000013,0.0000004
22968,0.0005462,0.0000013,0.0000004
22969,0.0005461,0.0000013,0.0000004
22970,0.0005460,0.0000013,0.0000004
22971,0.0005459,0.0000013,0.0000004
22972,0.0005458,0.0000013,0.0000004
22973,0.0005457,0.0000013,0.0000004
22974,0.0005456,0.0000013,0.0000004
22975,0.0005455,0.0000013,0.0000004
22976,0.0005454,0.0000013,0.0000004
22977,0.0005453,0.0000013,0.0000004
22978,0.0005452,0.0000013,0.0000004
22979,0.0005451,0.0000013,0.0000004
22980,0.0005450,0.0000013,0.0000004
22981,0.0005449,0.0000013,0.0000004
22982,0.0005448,0.0000013,0.0000004
22983,0.0005447,0.0000013,0.0000004
22984,0.0005446,0.0000013,0.0000004
22985,0.0005445,0.0000013,0.0000004
22986,0.0005444,0.0000013,0.0000004
22987,0.0005443,0.0000013,0.0000004
22988,0.0005442,0.0000013,0.0000004
22989,0.0005441,0.0000013,0.0000004
22990,0.0005441,0.0000013,0.0000004
22991,0.0005440,0.0000013,0.0000004
22992,0.0005439,0.0000013,0.0000004
22993,0.0005438,0.0000013,0.0000004
22994,0.0005437,0.0000013,0.0000004
22995,0.0005436,0.0000013,0.0000004
22996,0.0005435,0.0000013,0.0000004
22997,0.0005434,0.0000013,0.0000004
22998,0.0005433,0.0000013,0.0000004
22999,0.0005432,0.0000013,0.0000004
23000,0.0005431,0.0000013,0.0000004
23001,0.0005430,0.0000013,0.0000004
23002,0.0005429,0.0000013,0.0000004
23003,0.0005428,0.0000013,0.0000004
23004,0.0005427,0.0000013,0.0000004
23005,0.0005426,0.0000013,0.0000004
23006,0.0005425,0.0000013,0.0000004
23007,0.0005424,0.0000013,0.0000004
23008,0.0005423,0.0000013,0.0000004
23009,0.0005422,0.0000013,0.0000004
23010,0.0005421,0.0000013,0.0000004
23011,0.0005420,0.0000013,0.0000004
23012,0.0005419,0.0000013,0.0000004
23013,0.0005418,0.0000013,0.0000004
23014,0.0005417,0.0000013,0.0000004
23015,0.0005416,0.0000013,0.0000004
23016,0.0005415,0.0000013,0.0000004
23017,0.0005414,0.0000013,0.0000004
23018,0.0005414,0.0000013,0.0000004
23019,0.0005413,0.0000013,0.0000004
23020,0.0005412,0.0000013,0.0000004
23021,0.0005411,0.0000013,0.0000004
23022,0.0005410,0.0000013,0.0000004
23023,0.0005409,0.0000013,0.0000004
23024,0.0005408,0.0000013,0.0000004
23025,0.0005407,0.0000013,0.0000004
23026,0.0005406,0.0000013,0.0000004
23027,0.0005405,0.0000013,0.0000004
23028,0.0005404,0.0000013,0.0000004
23029,0.0005403,0.0000013,0.0000004
23030,0.0005402,0.0000013,0.0000004
23031,0.0005401,0.0000013,0.0000004
23032,0.0005400,0.0000013,0.0000004
23033,0.0005399,0.0000013,0.0000004
23034,0.0005398,0.0000013,0.0000004
23035,0.0005397,0.0000013,0.0000004
23036,0.0005396,0.0000013,0.0000004
23037,0.0005395,0.0000013,0.0000004
23038,0.0005394,0.0000013,0.0000004
23039,0.0005393,0.0000013,0.0000004
23040,0.0005392,0.0000013,0.0000004
23041,0.0005391,0.0000013,0.0000004
23042,0.0005390,0.0000013,0.0000004
23043,0.0005390,0.0000013,0.0000004
23044,0.0005389,0.0000012,0.0000004
23045,0.0005388,0.0000012,0.0000004
23046,0.0005387,0.0000012,0.0000004
23047,0.0005386,0.0000012,0.0000004
23048,0.0005385,0.0000012,0.0000004
23049,0.0005384,0.0000012,0.0000004
23050,0.0005383,0.0000012,0.0000004
23051,0.0005382,0.0000012,0.0000004
23052,0.0005381,0.0000012,0.0000004
23053,0.0005380,0.0000012,0.0000004
23054,0.0005379,0.0000012,0.0000004
23055,0.0005378,0.0000012,0.0000004
23056,0.0005377,0.0000012,0.0000004
23057,0.0005376,0.0000012,0.0000004
23058,0.0005375,0.0000012,0.0000004
23059,0.0005374,0.0000012,0.0000004
23060,0.0005373,0.0000012,0.0000004
23061,0.0005372,0.0000012,0.0000004
23062,0.0005371,0.0000012,0.0000004
23063,0.0005370,0.0000012,0.0000004
23064,0.0005369,0.0000012,0.0000004
23065,0.0005369,0.0000012,0.0000004
23066,0.0005368,0.0000012,0.0000004
23067,0.0005367,0.0000012,0.0000004
23068,0.0005366,0.0000012,0.0000004
23069,0.0005365,0.0000012,0.0000004
23070,0.0005364,0.0000012,0.0000004
23071,0.0005363,0.0000012,0.0000004
23072,0.0005362,0.0000012,0.0000004
23073,0.0005361,0.0000012,0.0000004
23074,0.0005360,0.0000012,0.0000004
23075,0.0005359,0.0000012,0.0000004
23076,0.0005358,0.0000012,0.0000004
23077,0.0005357,0.0000012,0.0000004
23078,0.0005356,0.0000012,0.0000004
23079,0.0005355,0.0000012,0.0000004
23080,0.0005354,0.0000012,0.0000004
23081,0.0005353,0.0000012,0.0000004
23082,0.0005352,0.0000012,0.0000004
23083,0.0005351,0.0000012,0.0000004
23084,0.0005350,0.0000012,0.0000004
23085,0.0005349,0.0000012,0.0000004
23086,0.0005349,0.0000012,0.0000004
23087,0.0005348,0.0000012,0.0000004
23088,0.0005347,0.0000012,0.0000004
23089,0.0005346,0.0000012,0.0000004
23090,0.0005345,0.0000012,0.0000004
23091,0.0005344,0.0000012,0.0000004
23092,0.0005343,0.0000012,0.0000004
23093,0.0005342,0.0000012,0.0000004
23094,0.0005341,0.0000012,0.0000004
23095,0.0005340,0.0000012,0.0000004
23096,0.0005339,0.0000012,0.0000004
23097,0.0005338,0.0000012,0.0000004
23098,0.0005337,0.0000012,0.0000004
23099,0.0005336,0.0000012,0.0000004
23100,0.0005335,0.0000012,0.0000004
23101,0.0005334,0.0000012,0.0000004
23102,0.0005333,0.0000012,0.0000004
23103,0.0005332,0.0000012,0.0000004
23104,0.0005331,0.0000012,0.0000004
23105,0.0005331,0.0000012,0.0000004
23106,0.0005330,0.0000012,0.0000004
23107,0.0005329,0.0000012,0.0000004
23108,0.0005328,0.0000012,0.0000004
23109,0.0005327,0.0000012,0.0000004
23110,0.0005326,0.0000012,0.0000004
23111,0.0005325,0.0000012,0.0000004
23112,0.0005324,0.0000012,0.0000004
23113,0.0005323,0.0000012,0.0000004
23114,0.0005322,0.0000012,0.0000004
23115,0.0005321,0.0000012,0.0000004
23116,0.0005320,0.0000012,0.0000004
23117,0.0005319,0.0000012,0.0000004
23118,0.0005318,0.0000012,0.0000004
23119,0.0005317,0.0000012,0.0000004
23120,0.0005316,0.0000012,0.0000004
23121,0.0005315,0.0000012,0.0000004
23122,0.0005314,0.0000012,0.0000004
23123,0.0005314,0.0000012,0.0000004
23124,0.0005313,0.0000012,0.0000004
23125,0.0005312,0.0000012,0.0000004
23126,0.0005311,0.0000012,0.0000004
23127,0.0005310,0.0000012,0.0000004
23128,0.0005309,0.0000012,0.0000004
23129,0.0005308,0.0000012,0.0000004
23130,0.0005307,0.0000012,0.0000004
23131,0.0005306,0.0000012,0.0000004
23132,0.0005305,0.0000012,0.0000004
23133,0.0005304,0.0000012,0.0000004
23134,0.0005303,0.0000012,0.0000004
23135,0.0005302,0.0000012,0.0000004
23136,0.0005301,0.0000012,0.0000004
23137,0.0005300,0.0000012,0.0000004
23138,0.0005299,0.0000012,0.0000004
23139,0.0005298,0.0000012,0.0000004
23140,0.0005298,0.0000012,0.0000004
23141,0.0005297,0.0000012,0.0000004
23142,0.0005296,0.0000012,0.0000004
23143,0.0005295,0.0000012,0.0000004
23144,0.0005294,0.0000012,0.0000004
23145,0.0005293,0.0000012,0.0000004
23146,0.0005292,0.0000012,0.0000004
23147,0.0005291,0.0000012,0.0000004
23148,0.0005290,0.0000012,0.0000004
23149,0.0005289,0.0000012,0.0000004
23150,0.0005288,0.0000012,0.0000004
23151,0.0005287,0.0000012,0.0000004
23152,0.0005286,0.0000012,0.0000004
23153,0.0005285,0.0000012,0.0000004
23154,0.0005284,0.0000012,0.0000004
23155,0.0005283,0.0000012,0.0000004
23156,0.0005283,0.0000012,0.0000004
23157,0.0005282,0.0000012,0.0000004
23158,0.0005281,0.0000012,0.0000004
23159,0.0005280,0.0000012,0.0000004
23160,0.0005279,0.0000012,0.0000004
23161,0.0005278,0.0000012,0.0000004
23162,0.0005277,0.0000012,0.0000004
23163,0.0005276,0.0000012,0.0000004
23164,0.0005275,0.0000012,0.0000004
23165,0.0005274,0.0000012,0.0000004
23166,0.0005273,0.0000012,0.0000004
23167,0.0005272,0.0000012,0.0000004
23168,0.0005271,0.0000012,0.0000004
23169,0.0005270,0.0000012,0.0000004
23170,0.0005269,0.0000012,0.0000004
23171,0.0005269,0.0000012,0.0000004
23172,0.0005268,0.0000012,0.0000004
23173,0.0005267,0.0000012,0.0000004
23174,0.0005266,0.0000012,0.0000004
23175,0.0005265,0.0000012,0.0000004
23176,0.0005264,0.0000012,0.0000004
23177,0.0005263,0.0000012,0.0000004
23178,0.0005262,0.0000012,0.0000004
23179,0.0005261,0.0000012,0.0000004
23180,0.0005260,0.0000012,0.0000004
23181,0.0005259,0.0000012,0.0000004
23182,0.0005258,0.0000012,0.0000004
23183,0.0005257,0.0000012,0.0000004
23184,0.0005256,0.0000012,0.0000004
23185,0.0005255,0.0000012,0.0000004
23186,0.0005255,0.0000012,0.0000004
23187,0.0005254,0.0000012,0.0000004
23188,0.0005253,0.0000012,0.0000004
23189,0.0005252,0.0000012,0.0000004
23190,0.0005251,0.0000012,0.0000004
23191,0.0005250,0.0000012,0.0000004
23192,0.0005249,0.0000012,0.0000004
23193,0.0005248,0.0000012,0.0000004
23194,0.0005247,0.0000012,0.0000004
23195,0.0005246,0.0000012,0.0000004
23196,0.0005245,0.0000012,0.0000004
23197,0.0005244,0.0000012,0.0000004
23198,0.0005243,0.0000012,0.0000004
23199,0.0005242,0.0000012,0.0000004
23200,0.0005241,0.0000012,0.0000004
23201,0.0005241,0.0000012,0.0000004
23202,0.0005240,0.0000012,0.0000004
23203,0.0005239,0.0000012,0.0000004
23204,0.0005238,0.0000012,0.0000004
23205,0.0005237,0.0000012,0.0000004
23206,0.0005236,0.0000012,0.0000004
23207,0.0005235,0.0000012,0.0000004
23208,0.0005234,0.0000012,0.0000004
23209,0.0005233,0.0000012,0.0000004
23210,0.0005232,0.0000012,0.0000004
23211,0.0005231,0.0000012,0.0000004
23212,0.0005230,0.0000012,0.0000004
23213,0.0005229,0.0000012,0.0000004
23214,0.0005229,0.0000012,0.0000004
23215,0.0005228,0.0000012,0.0000004
23216,0.0005227,0.0000012,0.0000004
23217,0.0005226,0.0000012,0.0000004
23218,0.0005225,0.0000012,0.0000004
23219,0.0005224,0.0000012,0.0000004
23220,0.0005223,0.0000012,0.0000004
23221,0.0005222,0.0000012,0.0000004
23222,0.0005221,0.0000012,0.0000004
23223,0.0005220,0.0000012,0.0000004
23224,0.0005219,0.0000012,0.0000004
23225,0.0005218,0.0000012,0.0000004
23226,0.0005217,0.0000012,0.0000004
23227,0.0005216,0.0000012,0.0000004
23228,0.0005216,0.0000012,0.0000004
23229,0.0005215,0.0000012,0.0000004
23230,0.0005214,0.0000012,0.0000004
23231,0.0005213,0.0000012,0.0000004
23232,0.0005212,0.0000012,0.0000004
23233,0.0005211,0.0000012,0.0000004
23234,0.0005210,0.0000012,0.0000004
23235,0.0005209,0.0000012,0.0000004
23236,0.0005208,0.0000012,0.0000004
23237,0.0005207,0.0000012,0.0000004
23238,0.0005206,0.0000012,0.0000004
23239,0.0005205,0.0000012,0.0000004
23240,0.0005204,0.0000012,0.0000004
23241,0.0005204,0.0000012,0.0000004
23242,0.0005203,0.0000012,0.0000004
23243,0.0005202,0.0000012,0.0000004
23244,0.0005201,0.0000012,0.0000004
23245,0.0005200,0.0000012,0.0000004
23246,0.0005199,0.0000012,0.0000004
23247,0.0005198,0.0000012,0.0000004
23248,0.0005197,0.0000012,0.0000004
23249,0.0005196,0.0000012,0.0000004
23250,0.0005195,0.0000012,0.0000004
23251,0.0005194,0.0000012,0.0000004
23252,0.0005193,0.0000012,0.0000004
23253,0.0005193,0.0000012,0.0000004
23254,0.0005192,0.0000012,0.0000004
23255,0.0005191,0.0000012,0.0000004
23256,0.0005190,0.0000012,0.0000004
23257,0.0005189,0.0000012,0.0000004
23258,0.0005188,0.0000012,0.0000004
23259,0.0005187,0.0000012,0.0000004
23260,0.0005186,0.0000012,0.0000004
23261,0.0005185,0.0000012,0.0000004
23262,0.0005184,0.0000012,0.0000004
23263,0.0005183,0.0000012,0.0000004
23264,0.0005182,0.0000012,0.0000004
23265,0.0005181,0.0000012,0.0000004
23266,0.0005181,0.0000012,0.0000004
23267,0.0005180,0.0000012,0.0000004
23268,0.0005179,0.0000012,0.0000004
23269,0.0005178,0.0000012,0.0000004
23270,0.0005177,0.0000012,0.0000004
23271,0.0005176,0.0000012,0.0000004
23272,0.0005175,0.0000012,0.0000004
23273,0.0005174,0.0000012,0.0000004
23274,0.0005173,0.0000012,0.0000004
23275,0.0005172,0.0000012,0.0000004
23276,0.0005171,0.0000012,0.0000004
23277,0.0005170,0.0000012,0.0000004
23278,0.0005170,0.0000012,0.0000004
23279,0.0005169,0.0000012,0.0000004
23280,0.0005168,0.0000012,0.0000004
23281,0.0005167,0.0000012,0.0000004
23282,0.0005166,0.0000012,0.0000004
23283,0.0005165,0.0000012,0.0000004
23284,0.0005164,0.0000012,0.0000004
23285,0.0005163,0.0000012,0.0000004
23286,0.0005162,0.0000012,0.0000004
23287,0.0005161,0.0000012,0.0000004
23288,0.0005160,0.0000012,0.0000004
23289,0.0005160,0.0000012,0.0000004
23290,0.0005159,0.0000012,0.0000004
23291,0.0005158,0.0000012,0.0000004
23292,0.0005157,0.0000012,0.0000004
23293,0.0005156,0.0000012,0.0000004
23294,0.0005155,0.0000012,0.0000004
23295,0.0005154,0.0000012,0.0000004
23296,0.0005153,0.0000012,0.0000004
23297,0.0005152,0.0000012,0.0000004
23298,0.0005151,0.0000012,0.0000004
23299,0.0005150,0.0000012,0.0000004
23300,0.0005149,0.0000012,0.0000004
23301,0.0005149,0.0000012,0.0000004
23302,0.0005148,0.0000012,0.0000004
23303,0.0005147,0.0000012,0.0000004
23304,0.0005146,0.0000012,0.0000004
23305,0.0005145,0.0000012,0.0000004
23306,0.0005144,0.0000012,0.0000004
23307,0.0005143,0.0000012,0.0000004
23308,0.0005142,0.0000012,0.0000004
23309,0.0005141,0.0000012,0.0000004
23310,0.0005140,0.0000012,0.0000004
23311,0.0005139,0.0000012,0.0000004
23312,0.0005139,0.0000012,0.0000004
23313,0.0005138,0.0000012,0.0000004
23314,0.0005137,0.0000012,0.0000004
23315,0.0005136,0.0000012,0.0000004
23316,0.0005135,0.0000012,0.0000004
23317,0.0005134,0.0000012,0.0000004
23318,0.0005133,0.0000012,0.0000004
23319,0.0005132,0.0000012,0.0000004
23320,0.0005131,0.0000012,0.0000004
23321,0.0005130,0.0000012,0.0000004
23322,0.0005129,0.0000012,0.0000004
23323,0.0005129,0.0000012,0.0000004
23324,0.0005128,0.0000012,0.0000004
23325,0.0005127,0.0000012,0.0000004
23326,0.0005126,0.0000012,0.0000004
23327,0.0005125,0.0000012,0.0000004
23328,0.0005124,0.0000012,0.0000004
23329,0.0005123,0.0000012,0.0000004
23330,0.0005122,0.0000012,0.0000004
23331,0.0005121,0.0000012,0.0000004
23332,0.0005120,0.0000012,0.0000004
23333,0.0005119,0.0000012,0.0000004
23334,0.0005119,0.0000012,0.0000004
23335,0.0005118,0.0000012,0.0000004
23336,0.0005117,0.0000012,0.0000004
23337,0.0005116,0.0000012,0.0000004
23338,0.0005115,0.0000012,0.0000004
23339,0.0005114,0.0000012,0.0000004
23340,0.0005113,0.0000012,0.0000004
23341,0.0005112,0.0000012,0.0000004
23342,0.0005111,0.0000012,0.0000004
23343,0.0005110,0.0000012,0.0000004
23344,0.0005110,0.0000012,0.0000004
23345,0.0005109,0.0000012,0.0000004
23346,0.0005108,0.0000012,0.0000004
23347,0.0005107,0.0000012,0.0000004
23348,0.0005106,0.0000012,0.0000004
23349,0.0005105,0.0000012,0.0000004
23350,0.0005104,0.0000012,0.0000004
23351,0.0005103,0.0000012,0.0000004
23352,0.0005102,0.0000012,0.0000004
23353,0.0005101,0.0000012,0.0000004
23354,0.0005100,0.0000012,0.0000004
23355,0.0005100,0.0000012,0.0000004
23356,0.0005099,0.0000012,0.0000004
23357,0.0005098,0.0000012,0.0000004
23358,0.0005097,0.0000012,0.0000004
23359,0.0005096,0.0000012,0.0000004
23360,0.0005095,0.0000012,0.0000004
23361,0.0005094,0.0000012,0.0000004
23362,0.0005093,0.0000012,0.0000004
23363,0.0005092,0.0000012,0.0000004
23364,0.0005091,0.0000012,0.0000004
23365,0.0005091,0.0000012,0.0000004
23366,0.0005090,0.0000012,0.0000004
23367,0.0005089,0.0000012,0.0000004
23368,0.0005088,0.0000012,0.0000004
23369,0.0005087,0.0000012,0.0000004
23370,0.0005086,0.0000012,0.0000004
23371,0.0005085,0.0000012,0.0000004
23372,0.0005084,0.0000012,0.0000004
23373,0.0005083,0.0000012,0.0000004
23374,0.0005082,0.0000012,0.0000004
23375,0.0005082,0.0000012,0.0000004
23376,0.0005081,0.0000012,0.0000004
23377,0.0005080,0.0000012,0.0000004
23378,0.0005079,0.0000012,0.0000004
23379,0.0005078,0.0000012,0.0000004
23380,0.0005077,0.0000012,0.0000004
23381,0.0005076,0.0000012,0.0000004
23382,0.0005075,0.0000012,0.0000004
23383,0.0005074,0.0000012,0.0000004
23384,0.0005074,0.0000012,0.0000004
23385,0.0005073,0.0000012,0.0000004
23386,0.0005072,0.0000012,0.0000004
23387,0.0005071,0.0000012,0.0000004
23388,0.0005070,0.0000012,0.0000004
23389,0.0005069,0.0000012,0.0000004
23390,0.0005068,0.0000012,0.0000004
23391,0.0005067,0.0000012,0.0000004
23392,0.0005066,0.0000012,0.0000004
23393,0.0005065,0.0000012,0.0000004
23394,0.0005065,0.0000012,0.0000004
23395,0.0005064,0.0000012,0.0000004
23396,0.0005063,0.0000012,0.0000004
23397,0.0005062,0.0000012,0.0000004
23398,0.0005061,0.0000012,0.0000004
23399,0.0005060,0.0000012,0.0000004
23400,0.0005059,0.0000012,0.0000004
23401,0.0005058,0.0000012,0.0000004
23402,0.0005057,0.0000012,0.0000004
23403,0.0005056,0.0000012,0.0000004
23404,0.0005056,0.0000012,0.0000004
23405,0.0005055,0.0000012,0.0000004
23406,0.0005054,0.0000012,0.0000004
23407,0.0005053,0.0000012,0.0000004
23408,0.0005052,0.0000012,0.0000004
23409,0.0005051,0.0000012,0.0000004
23410,0.0005050,0.0000012,0.0000004
23411,0.0005049,0.0000012,0.0000004
23412,0.0005048,0.0000012,0.0000004
23413,0.0005048,0.0000012,0.0000004
23414,0.0005047,0.0000012,0.0000004
23415,0.0005046,0.0000012,0.0000004
23416,0.0005045,0.0000012,0.0000004
23417,0.0005044,0.0000012,0.0000004
23418,0.0005043,0.0000012,0.0000004
23419,0.0005042,0.0000012,0.0000004
23420,0.0005041,0.0000012,0.0000004
23421,0.0005040,0.0000012,0.0000004
23422,0.0005040,0.0000012,0.0000004
23423,0.0005039,0.0000012,0.0000004
23424,0.0005038,0.0000012,0.0000004
23425,0.0005037,0.0000012,0.0000004
23426,0.0005036,0.0000012,0.0000004
23427,0.0005035,0.0000012,0.0000004
23428,0.0005034,0.0000012,0.0000004
23429,0.0005033,0.0000012,0.0000004
23430,0.0005032,0.0000012,0.0000004
23431,0.0005032,0.0000012,0.0000004
23432,0.0005031,0.0000012,0.0000004
23433,0.0005030,0.0000012,0.0000004
23434,0.0005029,0.0000012,0.0000004
23435,0.0005028,0.0000012,0.0000004
23436,0.0005027,0.0000012,0.0000004
23437,0.0005026,0.0000012,0.0000004
23438,0.0005025,0.0000012,0.0000004
23439,0.0005024,0.0000012,0.0000004
23440,0.0005024,0.0000012,0.0000004
23441,0.0005023,0.0000012,0.0000004
23442,0.0005022,0.0000012,0.0000004
23443,0.0005021,0.0000012,0.0000004
23444,0.0005020,0.0000012,0.0000004
23445,0.0005019,0.0000012,0.0000004
23446,0.0005018,0.0000012,0.0000004
23447,0.0005017,0.0000012,0.0000004
23448,0.0005016,0.0000012,0.0000004
23449,0.0005016,0.0000012,0.0000004
23450,0.0005015,0.0000012,0.0000004
23451,0.0005014,0.0000012,0.0000004
23452,0.0005013,0.0000012,0.0000004
23453,0.0005012,0.0000012,0.0000004
23454,0.0005011,0.0000012,0.0000004
23455,0.0005010,0.0000012,0.0000004
23456,0.0005009,0.0000012,0.0000004
23457,0.0005008,0.0000012,0.0000004
23458,0.0005008,0.0000012,0.0000004
23459,0.0005007,0.0000012,0.0000004
23460,0.0005006,0.0000012,0.0000004
23461,0.0005005,0.0000012,0.0000004
23462,0.0005004,0.0000012,0.0000004
23463,0.0005003,0.0000012,0.0000004
23464,0.0005002,0.0000012,0.0000004
23465,0.0005001,0.0000012,0.0000004
23466,0.0005001,0.0000012,0.0000004
23467,0.0005000,0.0000012,0.0000004
23468,0.0004999,0.0000012,0.0000004
23469,0.0004998,0.0000012,0.0000004
23470,0.0004997,0.0000012,0.0000004
23471,0.0004996,0.0000012,0.0000004
23472,0.0004995,0.0000012,0.0000004
23473,0.0004994,0.0000012,0.0000004
23474,0.0004993,0.0000012,0.0000004
23475,0.0004993,0.0000011,0.0000004
23476,0.0004992,0.0000011,0.0000004
23477,0.0004991,0.0000011,0.0000004
23478,0.0004990,0.0000011,0.0000004
23479,0.0004989,0.0000011,0.0000004
23480,0.0004988,0.0000011,0.0000004
23481,0.0004987,0.0000011,0.0000004
23482,0.0004986,0.0000011,0.0000004
23483,0.0004986,0.0000011,0.0000004
23484,0.0004985,0.0000011,0.0000004
23485,0.0004984,0.0000011,0.0000004
23486,0.0004983,0.0000011,0.0000004
23487,0.0004982,0.0000011,0.0000004
23488,0.0004981,0.0000011,0.0000004
23489,0.0004980,0.0000011,0.0000004
23490,0.0004979,0.0000011,0.0000004
23491,0.0004978,0.0000011,0.0000004
23492,0.0004978,0.0000011,0.0000004
23493,0.0004977,0.0000011,0.0000004
23494,0.0004976,0.0000011,0.0000004
23495,0.0004975,0.0000011,0.0000004
23496,0.0004974,0.0000011,0.0000004
23497,0.0004973,0.0000011,0.0000004
23498,0.0004972,0.0000011,0.0000004
23499,0.0004971,0.0000011,0.0000004
23500,0.0004971,0.0000011,0.0000004
23501,0.0004970,0.0000011,0.0000004
23502,0.0004969,0.0000011,0.0000004
23503,0.0004968,0.0000011,0.0000004
23504,0.0004967,0.0000011,0.0000004
23505,0.0004966,0.0000011,0.0000004
23506,0.0004965,0.0000011,0.0000004
23507,0.0004964,0.0000011,0.0000004
23508,0.0004964,0.0000011,0.0000004
23509,0.0004963,0.0000011,0.0000004
23510,0.0004962,0.0000011,0.0000004
23511,0.0004961,0.0000011,0.0000004
23512,0.0004960,0.0000011,0.0000004
23513,0.0004959,0.0000011,0.0000004
23514,0.0004958,0.0000011,0.0000004
23515,0.0004957,0.0000011,0.0000004
23516,0.0004957,0.0000011,0.0000004
23517,0.0004956,0.0000011,0.0000004
23518,0.0004955,0.0000011,0.0000004
23519,0.0004954,0.0000011,0.0000004
23520,0.0004953,0.0000011,0.0000004
23521,0.0004952,0.0000011,0.0000004
23522,0.0004951,0.0000011,0.0000004
23523,0.0004950,0.0000011,0.0000004
23524,0.0004950,0.0000011,0.0000004
23525,0.0004949,0.0000011,0.0000004
23526,0.0004948,0.0000011,0.0000004
23527,0.0004947,0.0000011,0.0000004
23528,0.0004946,0.0000011,0.0000004
23529,0.0004945,0.0000011,0.0000004
23530,0.0004944,0.0000011,0.0000004
23531,0.0004943,0.0000011,0.0000004
23532,0.0004943,0.0000011,0.0000004
23533,0.0004942,0.0000011,0.0000004
23534,0.0004941,0.0000011,0.0000004
23535,0.0004940,0.0000011,0.0000004
23536,0.0004939,0.0000011,0.0000004
23537,0.0004938,0.0000011,0.0000004
23538,0.0004937,0.0000011,0.0000004
23539,0.0004936,0.0000011,0.0000004
23540,0.0004936,0.0000011,0.0000004
23541,0.0004935,0.0000011,0.0000004
23542,0.0004934,0.0000011,0.0000004
23543,0.0004933,0.0000011,0.0000004
23544,0.0004932,0.0000011,0.0000004
23545,0.0004931,0.0000011,0.0000004
23546,0.0004930,0.0000011,0.0000004
23547,0.0004929,0.0000011,0.0000004
23548,0.0004929,0.0000011,0.0000004
23549,0.0004928,0.0000011,0.0000004
23550,0.0004927,0.0000011,0.0000004
23551,0.0004926,0.0000011,0.0000004
23552,0.0004925,0.0000011,0.0000004
23553,0.0004924,0.0000011,0.0000004
23554,0.0004923,0.0000011,0.0000004
23555,0.0004923,0.0000011,0.0000004
23556,0.0004922,0.0000011,0.0000004
23557,0.0004921,0.0000011,0.0000004
23558,0.0004920,0.0000011,0.0000004
23559,0.0004919,0.0000011,0.0000004
23560,0.0004918,0.0000011,0.0000004
23561,0.0004917,0.0000011,0.0000004
23562,0.0004916,0.0000011,0.0000004
23563,0.0004916,0.0000011,0.0000004
23564,0.0004915,0.0000011,0.0000004
23565,0.0004914,0.0000011,0.0000004
23566,0.0004913,0.0000011,0.0000004
23567,0.0004912,0.0000011,0.0000004
23568,0.0004911,0.0000011,0.0000004
23569,0.0004910,0.0000011,0.0000004
23570,0.0004910,0.0000011,0.0000004
23571,0.0004909,0.0000011,0.0000004
23572,0.0004908,0.0000011,0.0000004
23573,0.0004907,0.0000011,0.0000004
23574,0.0004906,0.0000011,0.0000004
23575,0.0004905,0.0000011,0.0000004
23576,0.0004904,0.0000011,0.0000004
23577,0.0004903,0.0000011,0.0000004
23578,0.0004903,0.0000011,0.0000004
23579,0.0004902,0.0000011,0.0000004
23580,0.0004901,0.0000011,0.0000004
23581,0.0004900,0.0000011,0.0000004
23582,0.0004899,0.0000011,0.0000004
23583,0.0004898,0.0000011,0.0000004
23584,0.0004897,0.0000011,0.0000004
23585,0.0004897,0.0000011,0.0000004
23586,0.0004896,0.0000011,0.0000004
23587,0.0004895,0.0000011,0.0000004
23588,0.0004894,0.0000011,0.0000004
23589,0.0004893,0.0000011,0.0000004
23590,0.0004892,0.0000011,0.0000004
23591,0.0004891,0.0000011,0.0000004
23592,0.0004891,0.0000011,0.0000004
23593,0.0004890,0.0000011,0.0000004
23594,0.0004889,0.0000011,0.0000004
23595,0.0004888,0.0000011,0.0000004
23596,0.0004887,0.0000011,0.0000004
23597,0.0004886,0.0000011,0.0000004
23598,0.0004885,0.0000011,0.0000004
23599,0.0004884,0.0000011,0.0000004
23600,0.0004884,0.0000011,0.0000004
23601,0.0004883,0.0000011,0.0000004
23602,0.0004882,0.0000011,0.0000004
23603,0.0004881,0.0000011,0.0000004
23604,0.0004880,0.0000011,0.0000004
23605,0.0004879,0.0000011,0.0000004
23606,0.0004878,0.0000011,0.0000004
23607,0.0004878,0.0000011,0.0000004
23608,0.0004877,0.0000011,0.0000004
23609,0.0004876,0.0000011,0.0000004
23610,0.0004875,0.0000011,0.0000004
23611,0.0004874,0.0000011,0.0000004
23612,0.0004873,0.0000011,0.0000004
23613,0.0004872,0.0000011,0.0000004
23614,0.0004872,0.0000011,0.0000004
23615,0.0004871,0.0000011,0.0000004
23616,0.0004870,0.0000011,0.0000004
23617,0.0004869,0.0000011,0.0000004
23618,0.0004868,0.0000011,0.0000004
23619,0.0004867,0.0000011,0.0000004
23620,0.0004866,0.0000011,0.0000004
23621,0.0004866,0.0000011,0.0000004
23622,0.0004865,0.0000011,0.0000004
23623,0.0004864,0.0000011,0.0000004
23624,0.0004863,0.0000011,0.0000004
23625,0.0004862,0.0000011,0.0000004
23626,0.0004861,0.0000011,0.0000004
23627,0.0004860,0.0000011,0.0000004
23628,0.0004860,0.0000011,0.0000004
23629,0.0004859,0.0000011,0.0000004
23630,0.0004858,0.0000011,0.0000004
23631,0.0004857,0.0000011,0.0000004
23632,0.0004856,0.0000011,0.0000004
23633,0.0004855,0.0000011,0.0000004
23634,0.0004854,0.0000011,0.0000004
23635,0.0004854,0.0000011,0.0000004
23636,0.0004853,0.0000011,0.0000004
23637,0.0004852,0.0000011,0.0000004
23638,0.0004851,0.0000011,0.0000004
23639,0.0004850,0.0000011,0.0000004
23640,0.0004849,0.0000011,0.0000004
23641,0.0004848,0.0000011,0.0000004
23642,0.0004848,0.0000011,0.0000004
23643,0.0004847,0.0000011,0.0000004
23644,0.0004846,0.0000011,0.0000004
23645,0.0004845,0.0000011,0.0000004
23646,0.0004844,0.0000011,0.0000004
23647,0.0004843,0.0000011,0.0000004
23648,0.0004842,0.0000011,0.0000004
23649,0.0004842,0.0000011,0.0000004
23650,0.0004841,0.0000011,0.0000004
23651,0.0004840,0.0000011,0.0000004
23652,0.0004839,0.0000011,0.0000004
23653,0.0004838,0.0000011,0.0000004
23654,0.0004837,0.0000011,0.0000004
23655,0.0004836,0.0000011,0.0000004
23656,0.0004836,0.0000011,0.0000004
23657,0.0004835,0.0000011,0.0000004
23658,0.0004834,0.0000011,0.0000004
23659,0.0004833,0.0000011,0.0000004
23660,0.0004832,0.0000011,0.0000004
23661,0.0004831,0.0000011,0.0000004
23662,0.0004831,0.0000011,0.0000004
23663,0.0004830,0.0000011,0.0000004
23664,0.0004829,0.0000011,0.0000004
23665,0.0004828,0.0000011,0.0000004
23666,0.0004827,0.0000011,0.0000004
23667,0.0004826,0.0000011,0.0000004
23668,0.0004825,0.0000011,0.0000004
23669,0.0004825,0.0000011,0.0000004
23670,0.0004824,0.0000011,0.0000004
23671,0.0004823,0.0000011,0.0000004
23672,0.0004822,0.0000011,0.0000004
23673,0.0004821,0.0000011,0.0000004
23674,0.0004820,0.0000011,0.0000004
23675,0.0004819,0.0000011,0.0000004
23676,0.0004819,0.0000011,0.0000004
23677,0.0004818,0.0000011,0.0000004
23678,0.0004817,0.0000011,0.0000004
23679,0.0004816,0.0000011,0.0000004
23680,0.0004815,0.0000011,0.0000004
23681,0.0004814,0.0000011,0.0000004
23682,0.0004814,0.0000011,0.0000004
23683,0.0004813,0.0000011,0.0000004
23684,0.0004812,0.0000011,0.0000004
23685,0.0004811,0.0000011,0.0000004
23686,0.0004810,0.0000011,0.0000004
23687,0.0004809,0.0000011,0.0000004
23688,0.0004808,0.0000011,0.0000004
23689,0.0004808,0.0000011,0.0000004
23690,0.0004807,0.0000011,0.0000004
23691,0.0004806,0.0000011,0.0000004
23692,0.0004805,0.0000011,0.0000004
23693,0.0004804,0.0000011,0.0000004
23694,0.0004803,0.0000011,0.0000004
23695,0.0004802,0.0000011,0.0000004
23696,0.0004802,0.0000011,0.0000004
23697,0.0004801,0.0000011,0.0000004
23698,0.0004800,0.0000011,0.0000004
23699,0.0004799,0.0000011,0.0000004
23700,0.0004798,0.0000011,0.0000004
23701,0.0004797,0.0000011,0.0000004
23702,0.0004797,0.0000011,0.0000004
23703,0.0004796,0.0000011,0.0000004
23704,0.0004795,0.0000011,0.0000004
23705,0.0004794,0.0000011,0.0000004
23706,0.0004793,0.0000011,0.0000004
23707,0.0004792,0.0000011,0.0000004
23708,0.0004792,0.0000011,0.0000004
23709,0.0004791,0.0000011,0.0000004
23710,0.0004790,0.0000011,0.0000004
23711,0.0004789,0.0000011,0.0000004
23712,0.0004788,0.0000011,0.0000004
23713,0.0004787,0.0000011,0.0000004
23714,0.0004786,0.0000011,0.0000004
23715,0.0004786,0.0000011,0.0000004
23716,0.0004785,0.0000011,0.0000004
23717,0.0004784,0.0000011,0.0000004
23718,0.0004783,0.0000011,0.0000004
23719,0.0004782,0.0000011,0.0000004
23720,0.0004781,0.0000011,0.0000004
23721,0.0004781,0.0000011,0.0000004
23722,0.0004780,0.0000011,0.0000004
23723,0.0004779,0.0000011,0.0000004
23724,0.0004778,0.0000011,0.0000004
23725,0.0004777,0.0000011,0.0000004
23726,0.0004776,0.0000011,0.0000004
23727,0.0004775,0.0000011,0.0000004
23728,0.0004775,0.0000011,0.0000004
23729,0.0004774,0.0000011,0.0000004
23730,0.0004773,0.0000011,0.0000004
23731,0.0004772,0.0000011,0.0000004
23732,0.0004771,0.0000011,0.0000004
23733,0.0004770,0.0000011,0.0000004
23734,0.0004770,0.0000011,0.0000004
23735,0.0004769,0.0000011,0.0000004
23736,0.0004768,0.0000011,0.0000004
23737,0.0004767,0.0000011,0.0000004
23738,0.0004766,0.0000011,0.0000004
23739,0.0004765,0.0000011,0.0000004
23740,0.0004765,0.0000011,0.0000004
23741,0.0004764,0.0000011,0.0000004
23742,0.0004763,0.0000011,0.0000004
23743,0.0004762,0.0000011,0.0000004
23744,0.0004761,0.0000011,0.0000004
23745,0.0004760,0.0000011,0.0000004
23746,0.0004760,0.0000011,0.0000004
23747,0.0004759,0.0000011,0.0000004
23748,0.0004758,0.0000011,0.0000004
23749,0.0004757,0.0000011,0.0000004
23750,0.0004756,0.0000011,0.0000004
23751,0.0004755,0.0000011,0.0000004
23752,0.0004755,0.0000011,0.0000004
23753,0.0004754,0.0000011,0.0000004
23754,0.0004753,0.0000011,0.0000004
23755,0.0004752,0.0000011,0.0000004
23756,0.0004751,0.0000011,0.0000004
23757,0.0004750,0.0000011,0.0000004
23758,0.0004749,0.0000011,0.0000004
23759,0.0004749,0.0000011,0.0000004
23760,0.0004748,0.0000011,0.0000004
23761,0.0004747,0.0000011,0.0000004
23762,0.0004746,0.0000011,0.0000004
23763,0.0004745,0.0000011,0.0000004
23764,0.0004744,0.0000011,0.0000004
23765,0.0004744,0.0000011,0.0000004
23766,0.0004743,0.0000011,0.0000004
23767,0.0004742,0.0000011,0.0000004
23768,0.0004741,0.0000011,0.0000004
23769,0.0004740,0.0000011,0.0000004
23770,0.0004739,0.0000011,0.0000004
23771,0.0004739,0.0000011,0.0000004
23772,0.0004738,0.0000011,0.0000004
23773,0.0004737,0.0000011,0.0000004
23774,0.0004736,0.0000011,0.0000004
23775,0.0004735,0.0000011,0.0000004
23776,0.0004734,0.0000011,0.0000004
23777,0.0004734,0.0000011,0.0000004
23778,0.0004733,0.0000011,0.0000004
23779,0.0004732,0.0000011,0.0000004
23780,0.0004731,0.0000011,0.0000004
23781,0.0004730,0.0000011,0.0000004
23782,0.0004729,0.0000011,0.0000004
23783,0.0004729,0.0000011,0.0000004
23784,0.0004728,0.0000011,0.0000004
23785,0.0004727,0.0000011,0.0000004
23786,0.0004726,0.0000011,0.0000004
23787,0.0004725,0.0000011,0.0000004
23788,0.0004724,0.0000011,0.0000004
23789,0.0004724,0.0000011,0.0000004
23790,0.0004723,0.0000011,0.0000004
23791,0.0004722,0.0000011,0.0000004
23792,0.0004721,0.0000011,0.0000004
23793,0.0004720,0.0000011,0.0000004
23794,0.0004719,0.0000011,0.0000004
23795,0.0004719,0.0000011,0.0000004
23796,0.0004718,0.0000011,0.0000004
23797,0.0004717,0.0000011,0.0000004
23798,0.0004716,0.0000011,0.0000004
23799,0.0004715,0.0000011,0.0000004
23800,0.0004715,0.0000011,0.0000004
23801,0.0004714,0.0000011,0.0000004
23802,0.0004713,0.0000011,0.0000004
23803,0.0004712,0.0000011,0.0000004
23804,0.0004711,0.0000011,0.0000004
23805,0.0004710,0.0000011,0.0000004
23806,0.0004710,0.0000011,0.0000004
23807,0.0004709,0.0000011,0.0000004
23808,0.0004708,0.0000011,0.0000004
23809,0.0004707,0.0000011,0.0000004
23810,0.0004706,0.0000011,0.0000004
23811,0.0004705,0.0000011,0.0000004
23812,0.0004705,0.0000011,0.0000004
23813,0.0004704,0.0000011,0.0000004
23814,0.0004703,0.0000011,0.0000004
23815,0.0004702,0.0000011,0.0000004
23816,0.0004701,0.0000011,0.0000004
23817,0.0004700,0.0000011,0.0000004
23818,0.0004700,0.0000011,0.0000004
23819,0.0004699,0.0000011,0.0000004
23820,0.0004698,0.0000011,0.0000004
23821,0.0004697,0.0000011,0.0000004
23822,0.0004696,0.0000011,0.0000004
23823,0.0004695,0.0000011,0.0000004
23824,0.0004695,0.0000011,0.0000004
23825,0.0004694,0.0000011,0.0000004
23826,0.0004693,0.0000011,0.0000004
23827,0.0004692,0.0000011,0.0000004
23828,0.0004691,0.0000011,0.0000004
23829,0.0004691,0.0000011,0.0000004
23830,0.0004690,0.0000011,0.0000004
23831,0.0004689,0.0000011,0.0000004
23832,0.0004688,0.0000011,0.0000004
23833,0.0004687,0.0000011,0.0000004
23834,0.0004686,0.0000011,0.0000004
23835,0.0004686,0.0000011,0.0000004
23836,0.0004685,0.0000011,0.0000004
23837,0.0004684,0.0000011,0.0000004
23838,0.0004683,0.0000011,0.0000004
23839,0.0004682,0.0000011,0.0000004
23840,0.0004681,0.0000011,0.0000004
23841,0.0004681,0.0000011,0.0000004
23842,0.0004680,0.0000011,0.0000004
23843,0.0004679,0.0000011,0.0000004
23844,0.0004678,0.0000011,0.0000004
23845,0.0004677,0.0000011,0.0000004
23846,0.0004677,0.0000011,0.0000004
23847,0.0004676,0.0000011,0.0000004
23848,0.0004675,0.0000011,0.0000004
23849,0.0004674,0.0000011,0.0000004
23850,0.0004673,0.0000011,0.0000004
23851,0.0004672,0.0000011,0.0000004
23852,0.0004672,0.0000011,0.0000004
23853,0.0004671,0.0000011,0.0000004
23854,0.0004670,0.0000011,0.0000004
23855,0.0004669,0.0000011,0.0000004
23856,0.0004668,0.0000011,0.0000004
23857,0.0004667,0.0000011,0.0000004
23858,0.0004667,0.0000011,0.0000004
23859,0.0004666,0.0000011,0.0000004
23860,0.0004665,0.0000011,0.0000004
23861,0.0004664,0.0000011,0.0000004
23862,0.0004663,0.0000011,0.0000004
23863,0.0004663,0.0000011,0.0000004
23864,0.0004662,0.0000011,0.0000004
23865,0.0004661,0.0000011,0.0000004
23866,0.0004660,0.0000011,0.0000004
23867,0.0004659,0.0000011,0.0000004
23868,0.0004658,0.0000011,0.0000004
23869,0.0004658,0.0000011,0.0000004
23870,0.0004657,0.0000011,0.0000004
23871,0.0004656,0.0000011,0.0000004
23872,0.0004655,0.0000011,0.0000004
23873,0.0004654,0.0000011,0.0000004
23874,0.0004654,0.0000011,0.0000004
23875,0.0004653,0.0000011,0.0000004
23876,0.0004652,0.0000011,0.0000004
23877,0.0004651,0.0000011,0.0000004
23878,0.0004650,0.0000011,0.0000004
23879,0.0004649,0.0000011,0.0000004
23880,0.0004649,0.0000011,0.0000004
23881,0.0004648,0.0000011,0.0000004
23882,0.0004647,0.0000011,0.0000004
23883,0.0004646,0.0000011,0.0000004
23884,0.0004645,0.0000011,0.0000004
23885,0.0004645,0.0000011,0.0000004
23886,0.0004644,0.0000011,0.0000004
23887,0.0004643,0.0000011,0.0000004
23888,0.0004642,0.0000011,0.0000004
23889,0.0004641,0.0000011,0.0000004
23890,0.0004640,0.0000011,0.0000004
23891,0.0004640,0.0000011,0.0000004
23892,0.0004639,0.0000011,0.0000004
23893,0.0004638,0.0000011,0.0000004
23894,0.0004637,0.0000011,0.0000004
23895,0.0004636,0.0000011,0.0000004
23896,0.0004636,0.0000011,0.0000004
23897,0.0004635,0.0000011,0.0000004
23898,0.0004634,0.0000011,0.0000004
23899,0.0004633,0.0000011,0.0000004
23900,0.0004632,0.0000011,0.0000004
23901,0.0004631,0.0000011,0.0000004
23902,0.0004631,0.0000011,0.0000004
23903,0.0004630,0.0000011,0.0000004
23904,0.0004629,0.0000011,0.0000004
23905,0.0004628,0.0000011,0.0000004
23906,0.0004627,0.0000011,0.0000004
23907,0.0004627,0.0000011,0.0000004
23908,0.0004626,0.0000011,0.0000004
23909,0.0004625,0.0000011,0.0000004
23910,0.0004624,0.0000011,0.0000004
23911,0.0004623,0.0000011,0.0000004
23912,0.0004623,0.0000011,0.0000004
23913,0.0004622,0.0000011,0.0000004
23914,0.0004621,0.0000011,0.0000004
23915,0.0004620,0.0000011,0.0000004
23916,0.0004619,0.0000011,0.0000004
23917,0.0004618,0.0000011,0.0000004
23918,0.0004618,0.0000011,0.0000004
23919,0.0004617,0.0000011,0.0000004
23920,0.0004616,0.0000011,0.0000004
23921,0.0004615,0.0000011,0.0000004
23922,0.0004614,0.0000011,0.0000004
23923,0.0004614,0.0000011,0.0000004
23924,0.0004613,0.0000011,0.0000004
23925,0.0004612,0.0000011,0.0000004
23926,0.0004611,0.0000011,0.0000004
23927,0.0004610,0.0000011,0.0000004
23928,0.0004610,0.0000011,0.0000004
23929,0.0004609,0.0000011,0.0000004
23930,0.0004608,0.0000011,0.0000004
23931,0.0004607,0.0000011,0.0000004
23932,0.0004606,0.0000011,0.0000004
23933,0.0004606,0.0000011,0.0000004
23934,0.0004605,0.0000011,0.0000004
23935,0.0004604,0.0000011,0.0000004
23936,0.0004603,0.0000011,0.0000004
23937,0.0004602,0.0000011,0.0000004
23938,0.0004601,0.0000011,0.0000004
23939,0.0004601,0.0000011,0.0000004
23940,0.0004600,0.0000011,0.0000004
23941,0.0004599,0.0000011,0.0000004
23942,0.0004598,0.0000011,0.0000004
23943,0.0004597,0.0000011,0.0000004
23944,0.0004597,0.0000011,0.0000004
23945,0.0004596,0.0000011,0.0000004
23946,0.0004595,0.0000011,0.0000004
23947,0.0004594,0.0000011,0.0000004
23948,0.0004593,0.0000011,0.0000004
23949,0.0004593,0.0000011,0.0000004
23950,0.0004592,0.0000011,0.0000004
23951,0.0004591,0.0000010,0.0000004
23952,0.0004590,0.0000010,0.0000004
23953,0.0004589,0.0000010,0.0000004
23954,0.0004589,0.0000010,0.0000004
23955,0.0004588,0.0000010,0.0000004
23956,0.0004587,0.0000010,0.0000004
23957,0.0004586,0.0000010,0.0000004
23958,0.0004585,0.0000010,0.0000004
23959,0.0004585,0.0000010,0.0000004
23960,0.0004584,0.0000010,0.0000004
23961,0.0004583,0.0000010,0.0000004
23962,0.0004582,0.0000010,0.0000004
23963,0.0004581,0.0000010,0.0000004
23964,0.0004581,0.0000010,0.0000004
23965,0.0004580,0.0000010,0.0000004
23966,0.0004579,0.0000010,0.0000004
23967,0.0004578,0.0000010,0.0000004
23968,0.0004577,0.0000010,0.0000004
23969,0.0004576,0.0000010,0.0000004
23970,0.0004576,0.0000010,0.0000004
23971,0.0004575,0.0000010,0.0000004
23972,0.0004574,0.0000010,0.0000004
23973,0.0004573,0.0000010,0.0000004
23974,0.0004572,0.0000010,0.0000004
23975,0.0004572,0.0000010,0.0000004
23976,0.0004571,0.0000010,0.0000004
23977,0.0004570,0.0000010,0.0000004
23978,0.0004569,0.0000010,0.0000004
23979,0.0004568,0.0000010,0.0000004
23980,0.0004568,0.0000010,0.0000004
23981,0.0004567,0.0000010,0.0000004
23982,0.0004566,0.0000010,0.0000004
23983,0.0004565,0.0000010,0.0000004
23984,0.0004564,0.0000010,0.0000004
23985,0.0004564,0.0000010,0.0000004
23986,0.0004563,0.0000010,0.0000004
23987,0.0004562,0.0000010,0.0000004
23988,0.0004561,0.0000010,0.0000004
23989,0.0004560,0.0000010,0.0000004
23990,0.0004560,0.0000010,0.0000004
23991,0.0004559,0.0000010,0.0000004
23992,0.0004558,0.0000010,0.0000004
23993,0.0004557,0.0000010,0.0000004
23994,0.0004556,0.0000010,0.0000004
23995,0.0004556,0.0000010,0.0000004
23996,0.0004555,0.0000010,0.0000004
23997,0.0004554,0.0000010,0.0000004
23998,0.0004553,0.0000010,0.0000004
23999,0.0004552,0.0000010,0.0000004
24000,0.0004552,0.0000010,0.0000004
24001,0.0004551,0.0000010,0.0000004
24002,0.0004550,0.0000010,0.0000004
24003,0.0004549,0.0000010,0.0000004
24004,0.0004548,0.0000010,0.0000004
24005,0.0004548,0.0000010,0.0000004
24006,0.0004547,0.0000010,0.0000004
24007,0.0004546,0.0000010,0.0000004
24008,0.0004545,0.0000010,0.0000004
24009,0.0004544,0.0000010,0.0000004
24010,0.0004544,0.0000010,0.0000004
24011,0.0004543,0.0000010,0.0000004
24012,0.0004542,0.0000010,0.0000004
24013,0.0004541,0.0000010,0.0000004
24014,0.0004540,0.0000010,0.0000004
24015,0.0004540,0.0000010,0.0000004
24016,0.0004539,0.0000010,0.0000004
24017,0.0004538,0.0000010,0.0000004
24018,0.0004537,0.0000010,0.0000004
24019,0.0004536,0.0000010,0.0000004
24020,0.0004536,0.0000010,0.0000004
24021,0.0004535,0.0000010,0.0000004
24022,0.0004534,0.0000010,0.0000004
24023,0.0004533,0.0000010,0.0000004
24024,0.0004532,0.0000010,0.0000004
24025,0.0004532,0.0000010,0.0000004
24026,0.0004531,0.0000010,0.0000004
24027,0.0004530,0.0000010,0.0000004
24028,0.0004529,0.0000010,0.0000004
24029,0.0004529,0.0000010,0.0000004
24030,0.0004528,0.0000010,0.0000004
24031,0.0004527,0.0000010,0.0000004
24032,0.0004526,0.0000010,0.0000004
24033,0.0004525,0.0000010,0.0000004
24034,0.0004525,0.0000010,0.0000004
24035,0.0004524,0.0000010,0.0000004
24036,0.0004523,0.0000010,0.0000004
24037,0.0004522,0.0000010,0.0000004
24038,0.0004521,0.0000010,0.0000004
24039,0.0004521,0.0000010,0.0000004
24040,0.0004520,0.0000010,0.0000004
24041,0.0004519,0.0000010,0.0000004
24042,0.0004518,0.0000010,0.0000004
24043,0.0004517,0.0000010,0.0000004
24044,0.0004517,0.0000010,0.0000004
24045,0.0004516,0.0000010,0.0000004
24046,0.0004515,0.0000010,0.0000004
24047,0.0004514,0.0000010,0.0000004
24048,0.0004513,0.0000010,0.0000004
24049,0.0004513,0.0000010,0.0000004
24050,0.0004512,0.0000010,0.0000004
24051,0.0004511,0.0000010,0.0000004
24052,0.0004510,0.0000010,0.0000004
24053,0.0004509,0.0000010,0.0000004
24054,0.0004509,0.0000010,0.0000004
24055,0.0004508,0.0000010,0.0000004
24056,0.0004507,0.0000010,0.0000004
24057,0.0004506,0.0000010,0.0000004
24058,0.0004506,0.0000010,0.0000004
24059,0.0004505,0.0000010,0.0000004
24060,0.0004504,0.0000010,0.0000004
24061,0.0004503,0.0000010,0.0000004
24062,0.0004502,0.0000010,0.0000004
24063,0.0004502,0.0000010,0.0000004
24064,0.0004501,0.0000010,0.0000004
24065,0.0004500,0.0000010,0.0000004
24066,0.0004499,0.0000010,0.0000004
24067,0.0004498,0.0000010,0.0000004
24068,0.0004498,0.0000010,0.0000004
24069,0.0004497,0.0000010,0.0000004
24070,0.0004496,0.0000010,0.0000004
24071,0.0004495,0.0000010,0.0000004
24072,0.0004494,0.0000010,0.0000004
24073,0.0004494,0.0000010,0.0000004
24074,0.0004493,0.0000010,0.0000004
24075,0.0004492,0.0000010,0.0000004
24076,0.0004491,0.0000010,0.0000004
24077,0.0004491,0.0000010,0.0000004
24078,0.0004490,0.0000010,0.0000004
24079,0.0004489,0.0000010,0.0000004
24080,0.0004488,0.0000010,0.0000004
24081,0.0004487,0.0000010,0.0000004
24082,0.0004487,0.0000010,0.0000004
24083,0.0004486,0.0000010,0.0000004
24084,0.0004485,0.0000010,0.0000004
24085,0.0004484,0.0000010,0.0000004
24086,0.0004483,0.0000010,0.0000004
24087,0.0004483,0.0000010,0.0000004
24088,0.0004482,0.0000010,0.0000004
24089,0.0004481,0.0000010,0.0000004
24090,0.0004480,0.0000010,0.0000004
24091,0.0004480,0.0000010,0.0000004
24092,0.0004479,0.0000010,0.0000004
24093,0.0004478,0.0000010,0.0000004
24094,0.0004477,0.0000010,0.0000004
24095,0.0004476,0.0000010,0.0000004
24096,0.0004476,0.0000010,0.0000004
24097,0.0004475,0.0000010,0.0000004
24098,0.0004474,0.0000010,0.0000004
24099,0.0004473,0.0000010,0.0000004
24100,0.0004472,0.0000010,0.0000004
24101,0.0004472,0.0000010,0.0000004
24102,0.0004471,0.0000010,0.0000004
24103,0.0004470,0.0000010,0.0000004
24104,0.0004469,0.0000010,0.0000004
24105,0.0004469,0.0000010,0.0000003
24106,0.0004468,0.0000010,0.0000003
24107,0.0004467,0.0000010,0.0000003
24108,0.0004466,0.0000010,0.0000003
24109,0.0004465,0.0000010,0.0000003
24110,0.0004465,0.0000010,0.0000003
24111,0.0004464,0.0000010,0.0000003
24112,0.0004463,0.0000010,0.0000003
24113,0.0004462,0.0000010,0.0000003
24114,0.0004461,0.0000010,0.0000003
24115,0.0004461,0.0000010,0.0000003
24116,0.0004460,0.0000010,0.0000003
24117,0.0004459,0.0000010,0.0000003
24118,0.0004458,0.0000010,0.0000003
24119,0.0004458,0.0000010,0.0000003
24120,0.0004457,0.0000010,0.0000003
24121,0.0004456,0.0000010,0.0000003
24122,0.0004455,0.0000010,0.0000003
24123,0.0004454,0.0000010,0.0000003
24124,0.0004454,0.0000010,0.0000003
24125,0.0004453,0.0000010,0.0000003
24126,0.0004452,0.0000010,0.0000003
24127,0.0004451,0.0000010,0.0000003
24128,0.0004451,0.0000010,0.0000003
24129,0.0004450,0.0000010,0.0000003
24130,0.0004449,0.0000010,0.0000003
24131,0.0004448,0.0000010,0.0000003
24132,0.0004447,0.0000010,0.0000003
24133,0.0004447,0.0000010,0.0000003
24134,0.0004446,0.0000010,0.0000003
24135,0.0004445,0.0000010,0.0000003
24136,0.0004444,0.0000010,0.0000003
24137,0.0004444,0.0000010,0.0000003
24138,0.0004443,0.0000010,0.0000003
24139,0.0004442,0.0000010,0.0000003
24140,0.0004441,0.0000010,0.0000003
24141,0.0004440,0.0000010,0.0000003
24142,0.0004440,0.0000010,0.0000003
24143,0.0004439,0.0000010,0.0000003
24144,0.0004438,0.0000010,0.0000003
24145,0.0004437,0.0000010,0.0000003
24146,0.0004437,0.0000010,0.0000003
24147,0.0004436,0.0000010,0.0000003
24148,0.0004435,0.0000010,0.0000003
24149,0.0004434,0.0000010,0.0000003
24150,0.0004433,0.0000010,0.0000003
24151,0.0004433,0.0000010,0.0000003
24152,0.0004432,0.0000010,0.0000003
24153,0.0004431,0.0000010,0.0000003
24154,0.0004430,0.0000010,0.0000003
24155,0.0004430,0.0000010,0.0000003
24156,0.0004429,0.0000010,0.0000003
24157,0.0004428,0.0000010,0.0000003
24158,0.0004427,0.0000010,0.0000003
24159,0.0004426,0.0000010,0.0000003
24160,0.0004426,0.0000010,0.0000003
24161,0.0004425,0.0000010,0.0000003
24162,0.0004424,0.0000010,0.0000003
24163,0.0004423,0.0000010,0.0000003
24164,0.0004423,0.0000010,0.0000003
24165,0.0004422,0.0000010,0.0000003
24166,0.0004421,0.0000010,0.0000003
24167,0.0004420,0.0000010,0.0000003
24168,0.0004419,0.0000010,0.0000003
24169,0.0004419,0.0000010,0.0000003
24170,0.0004418,0.0000010,0.0000003
24171,0.0004417,0.0000010,0.0000003
24172,0.0004416,0.0000010,0.0000003
24173,0.0004416,0.0000010,0.0000003
24174,0.0004415,0.0000010,0.0000003
24175,0.0004414,0.0000010,0.0000003
24176,0.0004413,0.0000010,0.0000003
24177,0.0004412,0.0000010,0.0000003
24178,0.0004412,0.0000010,0.0000003
24179,0.0004411,0.0000010,0.0000003
24180,0.0004410,0.0000010,0.0000003
24181,0.0004409,0.0000010,0.0000003
24182,0.0004409,0.0000010,0.0000003
24183,0.0004408,0.0000010,0.0000003
24184,0.0004407,0.0000010,0.0000003
24185,0.0004406,0.0000010,0.0000003
24186,0.0004406,0.0000010,0.0000003
24187,0.0004405,0.0000010,0.0000003
24188,0.0004404,0.0000010,0.0000003
24189,0.0004403,0.0000010,0.0000003
24190,0.0004402,0.0000010,0.0000003
24191,0.0004402,0.0000010,0.0000003
24192,0.0004401,0.0000010,0.0000003
24193,0.0004400,0.0000010,0.0000003
24194,0.0004399,0.0000010,0.0000003
24195,0.0004399,0.0000010,0.0000003
24196,0.0004398,0.0000010,0.0000003
24197,0.0004397,0.0000010,0.0000003
24198,0.0004396,0.0000010,0.0000003
24199,0.0004395,0.0000010,0.0000003
24200,0.0004395,0.0000010,0.0000003
24201,0.0004394,0.0000010,0.0000003
24202,0.0004393,0.0000010,0.0000003
24203,0.0004392,0.0000010,0.0000003
24204,0.0004392,0.0000010,0.0000003
24205,0.0004391,0.0000010,0.0000003
24206,0.0004390,0.0000010,0.0000003
24207,0.0004389,0.0000010,0.0000003
24208,0.0004389,0.0000010,0.0000003
24209,0.0004388,0.0000010,0.0000003
24210,0.0004387,0.0000010,0.0000003
24211,0.0004386,0.0000010,0.0000003
24212,0.0004385,0.0000010,0.0000003
24213,0.0004385,0.0000010,0.0000003
24214,0.0004384,0.0000010,0.0000003
24215,0.0004383,0.0000010,0.0000003
24216,0.0004382,0.0000010,0.0000003
24217,0.0004382,0.0000010,0.0000003
24218,0.0004381,0.0000010,0.0000003
24219,0.0004380,0.0000010,0.0000003
24220,0.0004379,0.0000010,0.0000003
24221,0.0004379,0.0000010,0.0000003
24222,0.0004378,0.0000010,0.0000003
24223,0.0004377,0.0000010,0.0000003
24224,0.0004376,0.0000010,0.0000003
24225,0.0004376,0.0000010,0.0000003
24226,0.0004375,0.0000010,0.0000003
24227,0.0004374,0.0000010,0.0000003
24228,0.0004373,0.0000010,0.0000003
24229,0.0004372,0.0000010,0.0000003
24230,0.0004372,0.0000010,0.0000003
24231,0.0004371,0.0000010,0.0000003
24232,0.0004370,0.0000010,0.0000003
24233,0.0004369,0.0000010,0.0000003
24234,0.0004369,0.0000010,0.0000003
24235,0.0004368,0.0000010,0.0000003
24236,0.0004367,0.0000010,0.0000003
24237,0.0004366,0.0000010,0.0000003
24238,0.0004366,0.0000010,0.0000003
24239,0.0004365,0.0000010,0.0000003
24240,0.0004364,0.0000010,0.0000003
24241,0.0004363,0.0000010,0.0000003
24242,0.0004363,0.0000010,0.0000003
24243,0.0004362,0.0000010,0.0000003
24244,0.0004361,0.0000010,0.0000003
24245,0.0004360,0.0000010,0.0000003
24246,0.0004359,0.0000010,0.0000003
24247,0.0004359,0.0000010,0.0000003
24248,0.0004358,0.0000010,0.0000003
24249,0.0004357,0.0000010,0.0000003
24250,0.0004356,0.0000010,0.0000003
24251,0.0004356,0.0000010,0.0000003
24252,0.0004355,0.0000010,0.0000003
24253,0.0004354,0.0000010,0.0000003
24254,0.0004353,0.0000010,0.0000003
24255,0.0004353,0.0000010,0.0000003
24256,0.0004352,0.0000010,0.0000003
24257,0.0004351,0.0000010,0.0000003
24258,0.0004350,0.0000010,0.0000003
24259,0.0004350,0.0000010,0.0000003
24260,0.0004349,0.0000010,0.0000003
24261,0.0004348,0.0000010,0.0000003
24262,0.0004347,0.0000010,0.0000003
24263,0.0004346,0.0000010,0.0000003
24264,0.0004346,0.0000010,0.0000003
24265,0.0004345,0.0000010,0.0000003
24266,0.0004344,0.0000010,0.0000003
24267,0.0004343,0.0000010,0.0000003
24268,0.0004343,0.0000010,0.0000003
24269,0.0004342,0.0000010,0.0000003
24270,0.0004341,0.0000010,0.0000003
24271,0.0004340,0.0000010,0.0000003
24272,0.0004340,0.0000010,0.0000003
24273,0.0004339,0.0000010,0.0000003
24274,0.0004338,0.0000010,0.0000003
24275,0.0004337,0.0000010,0.0000003
24276,0.0004337,0.0000010,0.0000003
24277,0.0004336,0.0000010,0.0000003
24278,0.0004335,0.0000010,0.0000003
24279,0.0004334,0.0000010,0.0000003
24280,0.0004334,0.0000010,0.0000003
24281,0.0004333,0.0000010,0.0000003
24282,0.0004332,0.0000010,0.0000003
24283,0.0004331,0.0000010,0.0000003
24284,0.0004331,0.0000010,0.0000003
24285,0.0004330,0.0000010,0.0000003
24286,0.0004329,0.0000010,0.0000003
24287,0.0004328,0.0000010,0.0000003
24288,0.0004328,0.0000010,0.0000003
24289,0.0004327,0.0000010,0.0000003
24290,0.0004326,0.0000010,0.0000003
24291,0.0004325,0.0000010,0.0000003
24292,0.0004324,0.0000010,0.0000003
24293,0.0004324,0.0000010,0.0000003
24294,0.0004323,0.0000010,0.0000003
24295,0.0004322,0.0000010,0.0000003
24296,0.0004321,0.0000010,0.0000003
24297,0.0004321,0.0000010,0.0000003
24298,0.0004320,0.0000010,0.0000003
24299,0.0004319,0.0000010,0.0000003
24300,0.0004318,0.0000010,0.0000003
24301,0.0004318,0.0000010,0.0000003
24302,0.0004317,0.0000010,0.0000003
24303,0.0004316,0.0000010,0.0000003
24304,0.0004315,0.0000010,0.0000003
24305,0.0004315,0.0000010,0.0000003
24306,0.0004314,0.0000010,0.0000003
24307,0.0004313,0.0000010,0.0000003
24308,0.0004312,0.0000010,0.0000003
24309,0.0004312,0.0000010,0.0000003
24310,0.0004311,0.0000010,0.0000003
24311,0.0004310,0.0000010,0.0000003
24312,0.0004309,0.0000010,0.0000003
24313,0.0004309,0.0000010,0.0000003
24314,0.0004308,0.0000010,0.0000003
24315,0.0004307,0.0000010,0.0000003
24316,0.0004306,0.0000010,0.0000003
24317,0.0004306,0.0000010,0.0000003
24318,0.0004305,0.0000010,0.0000003
24319,0.0004304,0.0000010,0.0000003
24320,0.0004303,0.0000010,0.0000003
24321,0.0004303,0.0000010,0.0000003
24322,0.0004302,0.0000010,0.0000003
24323,0.0004301,0.0000010,0.0000003
24324,0.0004300,0.0000010,0.0000003
24325,0.0004300,0.0000010,0.0000003
24326,0.0004299,0.0000010,0.0000003
24327,0.0004298,0.0000010,0.0000003
24328,0.0004297,0.0000010,0.0000003
24329,0.0004297,0.0000010,0.0000003
24330,0.0004296,0.0000010,0.0000003
24331,0.0004295,0.0000010,0.0000003
24332,0.0004294,0.0000010,0.0000003
24333,0.0004294,0.0000010,0.0000003
24334,0.0004293,0.0000010,0.0000003
24335,0.0004292,0.0000010,0.0000003
24336,0.0004291,0.0000010,0.0000003
24337,0.0004291,0.0000010,0.0000003
24338,0.0004290,0.0000010,0.0000003
24339,0.0004289,0.0000010,0.0000003
24340,0.0004288,0.0000010,0.0000003
24341,0.0004288,0.0000010,0.0000003
24342,0.0004287,0.0000010,0.0000003
24343,0.0004286,0.0000010,0.0000003
24344,0.0004285,0.0000010,0.0000003
24345,0.0004285,0.0000010,0.0000003
24346,0.0004284,0.0000010,0.0000003
24347,0.0004283,0.0000010,0.0000003
24348,0.0004282,0.0000010,0.0000003
24349,0.0004282,0.0000010,0.0000003
24350,0.0004281,0.0000010,0.0000003
24351,0.0004280,0.0000010,0.0000003
24352,0.0004279,0.0000010,0.0000003
24353,0.0004279,0.0000010,0.0000003
24354,0.0004278,0.0000010,0.0000003
24355,0.0004277,0.0000010,0.0000003
24356,0.0004276,0.0000010,0.0000003
24357,0.0004276,0.0000010,0.0000003
24358,0.0004275,0.0000010,0.0000003
24359,0.0004274,0.0000010,0.0000003
24360,0.0004273,0.0000010,0.0000003
24361,0.0004273,0.0000010,0.0000003
24362,0.0004272,0.0000010,0.0000003
24363,0.0004271,0.0000010,0.0000003
24364,0.0004270,0.0000010,0.0000003
24365,0.0004270,0.0000010,0.0000003
24366,0.0004269,0.0000010,0.0000003
24367,0.0004268,0.0000010,0.0000003
24368,0.0004267,0.0000010,0.0000003
24369,0.0004267,0.0000010,0.0000003
24370,0.0004266,0.0000010,0.0000003
24371,0.0004265,0.0000010,0.0000003
24372,0.0004264,0.0000010,0.0000003
24373,0.0004264,0.0000010,0.0000003
24374,0.0004263,0.0000010,0.0000003
24375,0.0004262,0.0000010,0.0000003
24376,0.0004261,0.0000010,0.0000003
24377,0.0004261,0.0000010,0.0000003
24378,0.0004260,0.0000010,0.0000003
24379,0.0004259,0.0000010,0.0000003
24380,0.0004258,0.0000010,0.0000003
24381,0.0004258,0.0000010,0.0000003
24382,0.0004257,0.0000010,0.0000003
24383,0.0004256,0.0000010,0.0000003
24384,0.0004255,0.0000010,0.0000003
24385,0.0004255,0.0000010,0.0000003
24386,0.0004254,0.0000010,0.0000003
24387,0.0004253,0.0000010,0.0000003
24388,0.0004252,0.0000010,0.0000003
24389,0.0004252,0.0000010,0.0000003
24390,0.0004251,0.0000010,0.0000003
24391,0.0004250,0.0000010,0.0000003
24392,0.0004249,0.0000010,0.0000003
24393,0.0004249,0.0000010,0.0000003
24394,0.0004248,0.0000010,0.0000003
24395,0.0004247,0.0000010,0.0000003
24396,0.0004247,0.0000010,0.0000003
24397,0.0004246,0.0000010,0.0000003
24398,0.0004245,0.0000010,0.0000003
24399,0.0004244,0.0000010,0.0000003
24400,0.0004244,0.0000010,0.0000003
24401,0.0004243,0.0000010,0.0000003
24402,0.0004242,0.0000010,0.0000003
24403,0.0004241,0.0000010,0.0000003
24404,0.0004241,0.0000010,0.0000003
24405,0.0004240,0.0000010,0.0000003
24406,0.0004239,0.0000010,0.0000003
24407,0.0004238,0.0000010,0.0000003
24408,0.0004238,0.0000010,0.0000003
24409,0.0004237,0.0000010,0.0000003
24410,0.0004236,0.0000010,0.0000003
24411,0.0004235,0.0000010,0.0000003
24412,0.0004235,0.0000010,0.0000003
24413,0.0004234,0.0000010,0.0000003
24414,0.0004233,0.0000010,0.0000003
24415,0.0004232,0.0000010,0.0000003
24416,0.0004232,0.0000010,0.0000003
24417,0.0004231,0.0000010,0.0000003
24418,0.0004230,0.0000010,0.0000003
24419,0.0004229,0.0000010,0.0000003
24420,0.0004229,0.0000010,0.0000003
24421,0.0004228,0.0000010,0.0000003
24422,0.0004227,0.0000010,0.0000003
24423,0.0004227,0.0000010,0.0000003
24424,0.0004226,0.0000010,0.0000003
24425,0.0004225,0.0000010,0.0000003
24426,0.0004224,0.0000010,0.0000003
24427,0.0004224,0.0000010,0.0000003
24428,0.0004223,0.0000010,0.0000003
24429,0.0004222,0.0000010,0.0000003
24430,0.0004221,0.0000010,0.0000003
24431,0.0004221,0.0000010,0.0000003
24432,0.0004220,0.0000010,0.0000003
24433,0.0004219,0.0000010,0.0000003
24434,0.0004218,0.0000010,0.0000003
24435,0.0004218,0.0000010,0.0000003
24436,0.0004217,0.0000010,0.0000003
24437,0.0004216,0.0000010,0.0000003
24438,0.0004215,0.0000010,0.0000003
24439,0.0004215,0.0000010,0.0000003
24440,0.0004214,0.0000010,0.0000003
24441,0.0004213,0.0000010,0.0000003
24442,0.0004212,0.0000010,0.0000003
24443,0.0004212,0.0000010,0.0000003
24444,0.0004211,0.0000010,0.0000003
24445,0.0004210,0.0000010,0.0000003
24446,0.0004210,0.0000010,0.0000003
24447,0.0004209,0.0000010,0.0000003
24448,0.0004208,0.0000010,0.0000003
24449,0.0004207,0.0000010,0.0000003
24450,0.0004207,0.0000010,0.0000003
24451,0.0004206,0.0000010,0.0000003
24452,0.0004205,0.0000010,0.0000003
24453,0.0004204,0.0000010,0.0000003
24454,0.0004204,0.0000010,0.0000003
24455,0.0004203,0.0000010,0.0000003
24456,0.0004202,0.0000010,0.0000003
24457,0.0004201,0.0000010,0.0000003
24458,0.0004201,0.0000010,0.0000003
24459,0.0004200,0.0000010,0.0000003
24460,0.0004199,0.0000010,0.0000003
24461,0.0004199,0.0000010,0.0000003
24462,0.0004198,0.0000010,0.0000003
24463,0.0004197,0.0000010,0.0000003
24464,0.0004196,0.0000010,0.0000003
24465,0.0004196,0.0000010,0.0000003
24466,0.0004195,0.0000010,0.0000003
24467,0.0004194,0.0000010,0.0000003
24468,0.0004193,0.0000010,0.0000003
24469,0.0004193,0.0000010,0.0000003
24470,0.0004192,0.0000010,0.0000003
24471,0.0004191,0.0000010,0.0000003
24472,0.0004190,0.0000010,0.0000003
24473,0.0004190,0.0000010,0.0000003
24474,0.0004189,0.0000010,0.0000003
24475,0.0004188,0.0000010,0.0000003
24476,0.0004188,0.0000010,0.0000003
24477,0.0004187,0.0000010,0.0000003
24478,0.0004186,0.0000010,0.0000003
24479,0.0004185,0.0000010,0.0000003
24480,0.0004185,0.0000009,0.0000003
24481,0.0004184,0.0000009,0.0000003
24482,0.0004183,0.0000009,0.0000003
24483,0.0004182,0.0000009,0.0000003
24484,0.0004182,0.0000009,0.0000003
24485,0.0004181,0.0000009,0.0000003
24486,0.0004180,0.0000009,0.0000003
24487,0.0004179,0.0000009,0.0000003
24488,0.0004179,0.0000009,0.0000003
24489,0.0004178,0.0000009,0.0000003
24490,0.0004177,0.0000009,0.0000003
24491,0.0004177,0.0000009,0.0000003
24492,0.0004176,0.0000009,0.0000003
24493,0.0004175,0.0000009,0.0000003
24494,0.0004174,0.0000009,0.0000003
24495,0.0004174,0.0000009,0.0000003
24496,0.0004173,0.0000009,0.0000003
24497,0.0004172,0.0000009,0.0000003
24498,0.0004171,0.0000009,0.0000003
24499,0.0004171,0.0000009,0.0000003
24500,0.0004170,0.0000009,0.0000003
24501,0.0004169,0.0000009,0.0000003
24502,0.0004169,0.0000009,0.0000003
24503,0.0004168,0.0000009,0.0000003
24504,0.0004167,0.0000009,0.0000003
24505,0.0004166,0.0000009,0.0000003
24506,0.0004166,0.0000009,0.0000003
24507,0.0004165,0.0000009,0.0000003
24508,0.0004164,0.0000009,0.0000003
24509,0.0004163,0.0000009,0.0000003
24510,0.0004163,0.0000009,0.0000003
24511,0.0004162,0.0000009,0.0000003
24512,0.0004161,0.0000009,0.0000003
24513,0.0004161,0.0000009,0.0000003
24514,0.0004160,0.0000009,0.0000003
24515,0.0004159,0.0000009,0.0000003
24516,0.0004158,0.0000009,0.0000003
24517,0.0004158,0.0000009,0.0000003
24518,0.0004157,0.0000009,0.0000003
24519,0.0004156,0.0000009,0.0000003
24520,0.0004155,0.0000009,0.0000003
24521,0.0004155,0.0000009,0.0000003
24522,0.0004154,0.0000009,0.0000003
24523,0.0004153,0.0000009,0.0000003
24524,0.0004153,0.0000009,0.0000003
24525,0.0004152,0.0000009,0.0000003
24526,0.0004151,0.0000009,0.0000003
24527,0.0004150,0.0000009,0.0000003
24528,0.0004150,0.0000009,0.0000003
24529,0.0004149,0.0000009,0.0000003
24530,0.0004148,0.0000009,0.0000003
24531,0.0004148,0.0000009,0.0000003
24532,0.0004147,0.0000009,0.0000003
24533,0.0004146,0.0000009,0.0000003
24534,0.0004145,0.0000009,0.0000003
24535,0.0004145,0.0000009,0.0000003
24536,0.0004144,0.0000009,0.0000003
24537,0.0004143,0.0000009,0.0000003
24538,0.0004142,0.0000009,0.0000003
24539,0.0004142,0.0000009,0.0000003
24540,0.0004141,0.0000009,0.0000003
24541,0.0004140,0.0000009,0.0000003
24542,0.0004140,0.0000009,0.0000003
24543,0.0004139,0.0000009,0.0000003
24544,0.0004138,0.0000009,0.0000003
24545,0.0004137,0.0000009,0.0000003
24546,0.0004137,0.0000009,0.0000003
24547,0.0004136,0.0000009,0.0000003
24548,0.0004135,0.0000009,0.0000003
24549,0.0004134,0.0000009,0.0000003
24550,0.0004134,0.0000009,0.0000003
24551,0.0004133,0.0000009,0.0000003
24552,0.0004132,0.0000009,0.0000003
24553,0.0004132,0.0000009,0.0000003
24554,0.0004131,0.0000009,0.0000003
24555,0.0004130,0.0000009,0.0000003
24556,0.0004129,0.0000009,0.0000003
24557,0.0004129,0.0000009,0.0000003
24558,0.0004128,0.0000009,0.0000003
24559,0.0004127,0.0000009,0.0000003
24560,0.0004127,0.0000009,0.0000003
24561,0.0004126,0.0000009,0.0000003
24562,0.0004125,0.0000009,0.0000003
24563,0.0004124,0.0000009,0.0000003
24564,0.0004124,0.0000009,0.0000003
24565,0.0004123,0.0000009,0.0000003
24566,0.0004122,0.0000009,0.0000003
24567,0.0004122,0.0000009,0.0000003
24568,0.0004121,0.0000009,0.0000003
24569,0.0004120,0.0000009,0.0000003
24570,0.0004119,0.0000009,0.0000003
24571,0.0004119,0.0000009,0.0000003
24572,0.0004118,0.0000009,0.0000003
24573,0.0004117,0.0000009,0.0000003
24574,0.0004116,0.0000009,0.0000003
24575,0.0004116,0.0000009,0.0000003
24576,0.0004115,0.0000009,0.0000003
24577,0.0004114,0.0000009,0.0000003
24578,0.0004114,0.0000009,0.0000003
24579,0.0004113,0.0000009,0.0000003
24580,0.0004112,0.0000009,0.0000003
24581,0.0004111,0.0000009,0.0000003
24582,0.0004111,0.0000009,0.0000003
24583,0.0004110,0.0000009,0.0000003
24584,0.0004109,0.0000009,0.0000003
24585,0.0004109,0.0000009,0.0000003
24586,0.0004108,0.0000009,0.0000003
24587,0.0004107,0.0000009,0.0000003
24588,0.0004106,0.0000009,0.0000003
24589,0.0004106,0.0000009,0.0000003
24590,0.0004105,0.0000009,0.0000003
24591,0.0004104,0.0000009,0.0000003
24592,0.0004104,0.0000009,0.0000003
24593,0.0004103,0.0000009,0.0000003
24594,0.0004102,0.0000009,0.0000003
24595,0.0004101,0.0000009,0.0000003
24596,0.0004101,0.0000009,0.0000003
24597,0.0004100,0.0000009,0.0000003
24598,0.0004099,0.0000009,0.0000003
24599,0.0004099,0.0000009,0.0000003
24600,0.0004098,0.0000009,0.0000003
24601,0.0004097,0.0000009,0.0000003
24602,0.0004096,0.0000009,0.0000003
24603,0.0004096,0.0000009,0.0000003
24604,0.0004095,0.0000009,0.0000003
24605,0.0004094,0.0000009,0.0000003
24606,0.0004094,0.0000009,0.0000003
24607,0.0004093,0.0000009,0.0000003
24608,0.0004092,0.0000009,0.0000003
24609,0.0004091,0.0000009,0.0000003
24610,0.0004091,0.0000009,0.0000003
24611,0.0004090,0.0000009,0.0000003
24612,0.0004089,0.0000009,0.0000003
24613,0.0004089,0.0000009,0.0000003
24614,0.0004088,0.0000009,0.0000003
24615,0.0004087,0.0000009,0.0000003
24616,0.0004086,0.0000009,0.0000003
24617,0.0004086,0.0000009,0.0000003
24618,0.0004085,0.0000009,0.0000003
24619,0.0004084,0.0000009,0.0000003
24620,0.0004084,0.0000009,0.0000003
24621,0.0004083,0.0000009,0.0000003
24622,0.0004082,0.0000009,0.0000003
24623,0.0004081,0.0000009,0.0000003
24624,0.0004081,0.0000009,0.0000003
24625,0.0004080,0.0000009,0.0000003
24626,0.0004079,0.0000009,0.0000003
24627,0.0004079,0.0000009,0.0000003
24628,0.0004078,0.0000009,0.0000003
24629,0.0004077,0.0000009,0.0000003
24630,0.0004076,0.0000009,0.0000003
24631,0.0004076,0.0000009,0.0000003
24632,0.0004075,0.0000009,0.0000003
24633,0.0004074,0.0000009,0.0000003
24634,0.0004074,0.0000009,0.0000003
24635,0.0004073,0.0000009,0.0000003
24636,0.0004072,0.0000009,0.0000003
24637,0.0004071,0.0000009,0.0000003
24638,0.0004071,0.0000009,0.0000003
24639,0.0004070,0.0000009,0.0000003
24640,0.0004069,0.0000009,0.0000003
24641,0.0004069,0.0000009,0.0000003
24642,0.0004068,0.0000009,0.0000003
24643,0.0004067,0.0000009,0.0000003
24644,0.0004067,0.0000009,0.0000003
24645,0.0004066,0.0000009,0.0000003
24646,0.0004065,0.0000009,0.0000003
24647,0.0004064,0.0000009,0.0000003
24648,0.0004064,0.0000009,0.0000003
24649,0.0004063,0.0000009,0.0000003
24650,0.0004062,0.0000009,0.0000003
24651,0.0004062,0.0000009,0.0000003
24652,0.0004061,0.0000009,0.0000003
24653,0.0004060,0.0000009,0.0000003
24654,0.0004059,0.0000009,0.0000003
24655,0.0004059,0.0000009,0.0000003
24656,0.0004058,0.0000009,0.0000003
24657,0.0004057,0.0000009,0.0000003
24658,0.0004057,0.0000009,0.0000003
24659,0.0004056,0.0000009,0.0000003
24660,0.0004055,0.0000009,0.0000003
24661,0.0004054,0.0000009,0.0000003
24662,0.0004054,0.0000009,0.0000003
24663,0.0004053,0.0000009,0.0000003
24664,0.0004052,0.0000009,0.0000003
24665,0.0004052,0.0000009,0.0000003
24666,0.0004051,0.0000009,0.0000003
24667,0.0004050,0.0000009,0.0000003
24668,0.0004050,0.0000009,0.0000003
24669,0.0004049,0.0000009,0.0000003
24670,0.0004048,0.0000009,0.0000003
24671,0.0004047,0.0000009,0.0000003
24672,0.0004047,0.0000009,0.0000003
24673,0.0004046,0.0000009,0.0000003
24674,0.0004045,0.0000009,0.0000003
24675,0.0004045,0.0000009,0.0000003
24676,0.0004044,0.0000009,0.0000003
24677,0.0004043,0.0000009,0.0000003
24678,0.0004042,0.0000009,0.0000003
24679,0.0004042,0.0000009,0.0000003
24680,0.0004041,0.0000009,0.0000003
24681,0.0004040,0.0000009,0.0000003
24682,0.0004040,0.0000009,0.0000003
24683,0.0004039,0.0000009,0.0000003
24684,0.0004038,0.0000009,0.0000003
24685,0.0004038,0.0000009,0.0000003
24686,0.0004037,0.0000009,0.0000003
24687,0.0004036,0.0000009,0.0000003
24688,0.0004035,0.0000009,0.0000003
24689,0.0004035,0.0000009,0.0000003
24690,0.0004034,0.0000009,0.0000003
24691,0.0004033,0.0000009,0.0000003
24692,0.0004033,0.0000009,0.0000003
24693,0.0004032,0.0000009,0.0000003
24694,0.0004031,0.0000009,0.0000003
24695,0.0004031,0.0000009,0.0000003
24696,0.0004030,0.0000009,0.0000003
24697,0.0004029,0.0000009,0.0000003
24698,0.0004028,0.0000009,0.0000003
24699,0.0004028,0.0000009,0.0000003
24700,0.0004027,0.0000009,0.0000003
24701,0.0004026,0.0000009,0.0000003
24702,0.0004026,0.0000009,0.0000003
24703,0.0004025,0.0000009,0.0000003
24704,0.0004024,0.0000009,0.0000003
24705,0.0004023,0.0000009,0.0000003
24706,0.0004023,0.0000009,0.0000003
24707,0.0004022,0.0000009,0.0000003
24708,0.0004021,0.0000009,0.0000003
24709,0.0004021,0.0000009,0.0000003
24710,0.0004020,0.0000009,0.0000003
24711,0.0004019,0.0000009,0.0000003
24712,0.0004019,0.0000009,0.0000003
24713,0.0004018,0.0000009,0.0000003
24714,0.0004017,0.0000009,0.0000003
24715,0.0004016,0.0000009,0.0000003
24716,0.0004016,0.0000009,0.0000003
24717,0.0004015,0.0000009,0.0000003
24718,0.0004014,0.0000009,0.0000003
24719,0.0004014,0.0000009,0.0000003
24720,0.0004013,0.0000009,0.0000003
24721,0.0004012,0.0000009,0.0000003
24722,0.0004012,0.0000009,0.0000003
24723,0.0004011,0.0000009,0.0000003
24724,0.0004010,0.0000009,0.0000003
24725,0.0004009,0.0000009,0.0000003
24726,0.0004009,0.0000009,0.0000003
24727,0.0004008,0.0000009,0.0000003
24728,0.0004007,0.0000009,0.0000003
24729,0.0004007,0.0000009,0.0000003
24730,0.0004006,0.0000009,0.0000003
24731,0.0004005,0.0000009,0.0000003
24732,0.0004005,0.0000009,0.0000003
24733,0.0004004,0.0000009,0.0000003
24734,0.0004003,0.0000009,0.0000003
24735,0.0004003,0.0000009,0.0000003
24736,0.0004002,0.0000009,0.0000003
24737,0.0004001,0.0000009,0.0000003
24738,0.0004000,0.0000009,0.0000003
24739,0.0004000,0.0000009,0.0000003
24740,0.0003999,0.0000009,0.0000003
24741,0.0003998,0.0000009,0.0000003
24742,0.0003998,0.0000009,0.0000003
24743,0.0003997,0.0000009,0.0000003
24744,0.0003996,0.0000009,0.0000003
24745,0.0003996,0.0000009,0.0000003
24746,0.0003995,0.0000009,0.0000003
24747,0.0003994,0.0000009,0.0000003
24748,0.0003993,0.0000009,0.0000003
24749,0.0003993,0.0000009,0.0000003
24750,0.0003992,0.0000009,0.0000003
24751,0.0003991,0.0000009,0.0000003
24752,0.0003991,0.0000009,0.0000003
24753,0.0003990,0.0000009,0.0000003
24754,0.0003989,0.0000009,0.0000003
24755,0.0003989,0.0000009,0.0000003
24756,0.0003988,0.0000009,0.0000003
24757,0.0003987,0.0000009,0.0000003
24758,0.0003986,0.0000009,0.0000003
24759,0.0003986,0.0000009,0.0000003
24760,0.0003985,0.0000009,0.0000003
24761,0.0003984,0.0000009,0.0000003
24762,0.0003984,0.0000009,0.0000003
24763,0.0003983,0.0000009,0.0000003
24764,0.0003982,0.0000009,0.0000003
24765,0.0003982,0.0000009,0.0000003
24766,0.0003981,0.0000009,0.0000003
24767,0.0003980,0.0000009,0.0000003
24768,0.0003980,0.0000009,0.0000003
24769,0.0003979,0.0000009,0.0000003
24770,0.0003978,0.0000009,0.0000003
24771,0.0003977,0.0000009,0.0000003
24772,0.0003977,0.0000009,0.0000003
24773,0.0003976,0.0000009,0.0000003
24774,0.0003975,0.0000009,0.0000003
24775,0.0003975,0.0000009,0.0000003
24776,0.0003974,0.0000009,0.0000003
24777,0.0003973,0.0000009,0.0000003
24778,0.0003973,0.0000009,0.0000003
24779,0.0003972,0.0000009,0.0000003
24780,0.0003971,0.0000009,0.0000003
24781,0.0003971,0.0000009,0.0000003
24782,0.0003970,0.0000009,0.0000003
24783,0.0003969,0.0000009,0.0000003
24784,0.0003968,0.0000009,0.0000003
24785,0.0003968,0.0000009,0.0000003
24786,0.0003967,0.0000009,0.0000003
24787,0.0003966,0.0000009,0.0000003
24788,0.0003966,0.0000009,0.0000003
24789,0.0003965,0.0000009,0.0000003
24790,0.0003964,0.0000009,0.0000003
24791,0.0003964,0.0000009,0.0000003
24792,0.0003963,0.0000009,0.0000003
24793,0.0003962,0.0000009,0.0000003
24794,0.0003962,0.0000009,0.0000003
24795,0.0003961,0.0000009,0.0000003
24796,0.0003960,0.0000009,0.0000003
24797,0.0003960,0.0000009,0.0000003
24798,0.0003959,0.0000009,0.0000003
24799,0.0003958,0.0000009,0.0000003
24800,0.0003957,0.0000009,0.0000003
24801,0.0003957,0.0000009,0.0000003
24802,0.0003956,0.0000009,0.0000003
24803,0.0003955,0.0000009,0.0000003
24804,0.0003955,0.0000009,0.0000003
24805,0.0003954,0.0000009,0.0000003
24806,0.0003953,0.0000009,0.0000003
24807,0.0003953,0.0000009,0.0000003
24808,0.0003952,0.0000009,0.0000003
24809,0.0003951,0.0000009,0.0000003
24810,0.0003951,0.0000009,0.0000003
24811,0.0003950,0.0000009,0.0000003
24812,0.0003949,0.0000009,0.0000003
24813,0.0003948,0.0000009,0.0000003
24814,0.0003948,0.0000009,0.0000003
24815,0.0003947,0.0000009,0.0000003
24816,0.0003946,0.0000009,0.0000003
24817,0.0003946,0.0000009,0.0000003
24818,0.0003945,0.0000009,0.0000003
24819,0.0003944,0.0000009,0.0000003
24820,0.0003944,0.0000009,0.0000003
24821,0.0003943,0.0000009,0.0000003
24822,0.0003942,0.0000009,0.0000003
24823,0.0003942,0.0000009,0.0000003
24824,0.0003941,0.0000009,0.0000003
24825,0.0003940,0.0000009,0.0000003
24826,0.0003940,0.0000009,0.0000003
24827,0.0003939,0.0000009,0.0000003
24828,0.0003938,0.0000009,0.0000003
24829,0.0003938,0.0000009,0.0000003
24830,0.0003937,0.0000009,0.0000003
24831,0.0003936,0.0000009,0.0000003
24832,0.0003935,0.0000009,0.0000003
24833,0.0003935,0.0000009,0.0000003
24834,0.0003934,0.0000009,0.0000003
24835,0.0003933,0.0000009,0.0000003
24836,0.0003933,0.0000009,0.0000003
24837,0.0003932,0.0000009,0.0000003
24838,0.0003931,0.0000009,0.0000003
24839,0.0003931,0.0000009,0.0000003
24840,0.0003930,0.0000009,0.0000003
24841,0.0003929,0.0000009,0.0000003
24842,0.0003929,0.0000009,0.0000003
24843,0.0003928,0.0000009,0.0000003
24844,0.0003927,0.0000009,0.0000003
24845,0.0003927,0.0000009,0.0000003
24846,0.0003926,0.0000009,0.0000003
24847,0.0003925,0.0000009,0.0000003
24848,0.0003925,0.0000009,0.0000003
24849,0.0003924,0.0000009,0.0000003
24850,0.0003923,0.0000009,0.0000003
24851,0.0003922,0.0000009,0.0000003
24852,0.0003922,0.0000009,0.0000003
24853,0.0003921,0.0000009,0.0000003
24854,0.0003920,0.0000009,0.0000003
24855,0.0003920,0.0000009,0.0000003
24856,0.0003919,0.0000009,0.0000003
24857,0.0003918,0.0000009,0.0000003
24858,0.0003918,0.0000009,0.0000003
24859,0.0003917,0.0000009,0.0000003
24860,0.0003916,0.0000009,0.0000003
24861,0.0003916,0.0000009,0.0000003
24862,0.0003915,0.0000009,0.0000003
24863,0.0003914,0.0000009,0.0000003
24864,0.0003914,0.0000009,0.0000003
24865,0.0003913,0.0000009,0.0000003
24866,0.0003912,0.0000009,0.0000003
24867,0.0003912,0.0000009,0.0000003
24868,0.0003911,0.0000009,0.0000003
24869,0.0003910,0.0000009,0.0000003
24870,0.0003910,0.0000009,0.0000003
24871,0.0003909,0.0000009,0.0000003
24872,0.0003908,0.0000009,0.0000003
24873,0.0003907,0.0000009,0.0000003
24874,0.0003907,0.0000009,0.0000003
24875,0.0003906,0.0000009,0.0000003
24876,0.0003905,0.0000009,0.0000003
24877,0.0003905,0.0000009,0.0000003
24878,0.0003904,0.0000009,0.0000003
24879,0.0003903,0.0000009,0.0000003
24880,0.0003903,0.0000009,0.0000003
24881,0.0003902,0.0000009,0.0000003
24882,0.0003901,0.0000009,0.0000003
24883,0.0003901,0.0000009,0.0000003
24884,0.0003900,0.0000009,0.0000003
24885,0.0003899,0.0000009,0.0000003
24886,0.0003899,0.0000009,0.0000003
24887,0.0003898,0.0000009,0.0000003
24888,0.0003897,0.0000009,0.0000003
24889,0.0003897,0.0000009,0.0000003
24890,0.0003896,0.0000009,0.0000003
24891,0.0003895,0.0000009,0.0000003
24892,0.0003895,0.0000009,0.0000003
24893,0.0003894,0.0000009,0.0000003
24894,0.0003893,0.0000009,0.0000003
24895,0.0003893,0.0000009,0.0000003
24896,0.0003892,0.0000009,0.0000003
24897,0.0003891,0.0000009,0.0000003
24898,0.0003891,0.0000009,0.0000003
24899,0.0003890,0.0000009,0.0000003
24900,0.0003889,0.0000009,0.0000003
24901,0.0003888,0.0000009,0.0000003
24902,0.0003888,0.0000009,0.0000003
24903,0.0003887,0.0000009,0.0000003
24904,0.0003886,0.0000009,0.0000003
24905,0.0003886,0.0000009,0.0000003
24906,0.0003885,0.0000009,0.0000003
24907,0.0003884,0.0000009,0.0000003
24908,0.0003884,0.0000009,0.0000003
24909,0.0003883,0.0000009,0.0000003
24910,0.0003882,0.0000009,0.0000003
24911,0.0003882,0.0000009,0.0000003
24912,0.0003881,0.0000009,0.0000003
24913,0.0003880,0.0000009,0.0000003
24914,0.0003880,0.0000009,0.0000003
24915,0.0003879,0.0000009,0.0000003
24916,0.0003878,0.0000009,0.0000003
24917,0.0003878,0.0000009,0.0000003
24918,0.0003877,0.0000009,0.0000003
24919,0.0003876,0.0000009,0.0000003
24920,0.0003876,0.0000009,0.0000003
24921,0.0003875,0.0000009,0.0000003
24922,0.0003874,0.0000009,0.0000003
24923,0.0003874,0.0000009,0.0000003
24924,0.0003873,0.0000009,0.0000003
24925,0.0003872,0.0000009,0.0000003
24926,0.0003872,0.0000009,0.0000003
24927,0.0003871,0.0000009,0.0000003
24928,0.0003870,0.0000009,0.0000003
24929,0.0003870,0.0000009,0.0000003
24930,0.0003869,0.0000009,0.0000003
24931,0.0003868,0.0000009,0.0000003
24932,0.0003868,0.0000009,0.0000003
24933,0.0003867,0.0000009,0.0000003
24934,0.0003866,0.0000009,0.0000003
24935,0.0003866,0.0000009,0.0000003
24936,0.0003865,0.0000009,0.0000003
24937,0.0003864,0.0000009,0.0000003
24938,0.0003864,0.0000009,0.0000003
24939,0.0003863,0.0000009,0.0000003
24940,0.0003862,0.0000009,0.0000003
24941,0.0003862,0.0000009,0.0000003
24942,0.0003861,0.0000009,0.0000003
24943,0.0003860,0.0000009,0.0000003
24944,0.0003860,0.0000009,0.0000003
24945,0.0003859,0.0000009,0.0000003
24946,0.0003858,0.0000009,0.0000003
24947,0.0003857,0.0000009,0.0000003
24948,0.0003857,0.0000009,0.0000003
24949,0.0003856,0.0000009,0.0000003
24950,0.0003855,0.0000009,0.0000003
24951,0.0003855,0.0000009,0.0000003
24952,0.0003854,0.0000009,0.0000003
24953,0.0003853,0.0000009,0.0000003
24954,0.0003853,0.0000009,0.0000003
24955,0.0003852,0.0000009,0.0000003
24956,0.0003851,0.0000009,0.0000003
24957,0.0003851,0.0000009,0.0000003
24958,0.0003850,0.0000009,0.0000003
24959,0.0003849,0.0000009,0.0000003
24960,0.0003849,0.0000009,0.0000003
24961,0.0003848,0.0000009,0.0000003
24962,0.0003847,0.0000009,0.0000003
24963,0.0003847,0.0000009,0.0000003
24964,0.0003846,0.0000009,0.0000003
24965,0.0003845,0.0000009,0.0000003
24966,0.0003845,0.0000009,0.0000003
24967,0.0003844,0.0000009,0.0000003
24968,0.0003843,0.0000009,0.0000003
24969,0.0003843,0.0000009,0.0000003
24970,0.0003842,0.0000009,0.0000003
24971,0.0003841,0.0000009,0.0000003
24972,0.0003841,0.0000009,0.0000003
24973,0.0003840,0.0000009,0.0000003
24974,0.0003839,0.0000009,0.0000003
24975,0.0003839,0.0000009,0.0000003
24976,0.0003838,0.0000009,0.0000003
24977,0.0003837,0.0000009,0.0000003
24978,0.0003837,0.0000009,0.0000003
24979,0.0003836,0.0000009,0.0000003
24980,0.0003835,0.0000009,0.0000003
24981,0.0003835,0.0000009,0.0000003
24982,0.0003834,0.0000009,0.0000003
24983,0.0003833,0.0000009,0.0000003
24984,0.0003833,0.0000009,0.0000003
24985,0.0003832,0.0000009,0.0000003
24986,0.0003831,0.0000009,0.0000003
24987,0.0003831,0.0000009,0.0000003
24988,0.0003830,0.0000009,0.0000003
24989,0.0003829,0.0000009,0.0000003
24990,0.0003829,0.0000009,0.0000003
24991,0.0003828,0.0000009,0.0000003
24992,0.0003827,0.0000009,0.0000003
24993,0.0003827,0.0000009,0.0000003
24994,0.0003826,0.0000009,0.0000003
24995,0.0003825,0.0000009,0.0000003
24996,0.0003825,0.0000009,0.0000003
24997,0.0003824,0.0000009,0.0000003
24998,0.0003823,0.0000009,0.0000003
24999,0.0003823,0.0000009,0.0000003
25000,0.0003822,0.0000009,0.0000003
25001,0.0003821,0.0000009,0.0000003
25002,0.0003821,0.0000009,0.0000003
25003,0.0003820,0.0000009,0.0000003
25004,0.0003819,0.0000009,0.0000003
25005,0.0003819,0.0000009,0.0000003
25006,0.0003818,0.0000009,0.0000003
25007,0.0003817,0.0000009,0.0000003
25008,0.0003817,0.0000009,0.0000003
25009,0.0003816,0.0000009,0.0000003
25010,0.0003815,0.0000009,0.0000003
25011,0.0003815,0.0000009,0.0000003
25012,0.0003814,0.0000009,0.0000003
25013,0.0003813,0.0000009,0.0000003
25014,0.0003813,0.0000009,0.0000003
25015,0.0003812,0.0000009,0.0000003
25016,0.0003811,0.0000009,0.0000003
25017,0.0003811,0.0000009,0.0000003
25018,0.0003810,0.0000009,0.0000003
25019,0.0003810,0.0000009,0.0000003
25020,0.0003809,0.0000009,0.0000003
25021,0.0003808,0.0000009,0.0000003
25022,0.0003808,0.0000009,0.0000003
25023,0.0003807,0.0000009,0.0000003
25024,0.0003806,0.0000009,0.0000003
25025,0.0003806,0.0000009,0.0000003
25026,0.0003805,0.0000009,0.0000003
25027,0.0003804,0.0000009,0.0000003
25028,0.0003804,0.0000009,0.0000003
25029,0.0003803,0.0000009,0.0000003
25030,0.0003802,0.0000009,0.0000003
25031,0.0003802,0.0000009,0.0000003
25032,0.0003801,0.0000009,0.0000003
25033,0.0003800,0.0000009,0.0000003
25034,0.0003800,0.0000009,0.0000003
25035,0.0003799,0.0000009,0.0000003
25036,0.0003798,0.0000009,0.0000003
25037,0.0003798,0.0000009,0.0000003
25038,0.0003797,0.0000009,0.0000003
25039,0.0003796,0.0000009,0.0000003
25040,0.0003796,0.0000009,0.0000003
25041,0.0003795,0.0000009,0.0000003
25042,0.0003794,0.0000009,0.0000003
25043,0.0003794,0.0000009,0.0000003
25044,0.0003793,0.0000009,0.0000003
25045,0.0003792,0.0000009,0.0000003
25046,0.0003792,0.0000009,0.0000003
25047,0.0003791,0.0000009,0.0000003
25048,0.0003790,0.0000009,0.0000003
25049,0.0003790,0.0000009,0.0000003
25050,0.0003789,0.0000009,0.0000003
25051,0.0003788,0.0000009,0.0000003
25052,0.0003788,0.0000009,0.0000003
25053,0.0003787,0.0000009,0.0000003
25054,0.0003786,0.0000009,0.0000003
25055,0.0003786,0.0000009,0.0000003
25056,0.0003785,0.0000009,0.0000003
25057,0.0003784,0.0000009,0.0000003
25058,0.0003784,0.0000009,0.0000003
25059,0.0003783,0.0000009,0.0000003
25060,0.0003782,0.0000009,0.0000003
25061,0.0003782,0.0000009,0.0000003
25062,0.0003781,0.0000009,0.0000003
25063,0.0003781,0.0000009,0.0000003
25064,0.0003780,0.0000009,0.0000003
25065,0.0003779,0.0000009,0.0000003
25066,0.0003779,0.0000009,0.0000003
25067,0.0003778,0.0000009,0.0000003
25068,0.0003777,0.0000009,0.0000003
25069,0.0003777,0.0000009,0.0000003
25070,0.0003776,0.0000009,0.0000003
25071,0.0003775,0.0000009,0.0000003
25072,0.0003775,0.0000009,0.0000003
25073,0.0003774,0.0000009,0.0000003
25074,0.0003773,0.0000009,0.0000003
25075,0.0003773,0.0000009,0.0000003
25076,0.0003772,0.0000008,0.0000003
25077,0.0003771,0.0000008,0.0000003
25078,0.0003771,0.0000008,0.0000003
25079,0.0003770,0.0000008,0.0000003
25080,0.0003769,0.0000008,0.0000003
25081,0.0003769,0.0000008,0.0000003
25082,0.0003768,0.0000008,0.0000003
25083,0.0003767,0.0000008,0.0000003
25084,0.0003767,0.0000008,0.0000003
25085,0.0003766,0.0000008,0.0000003
25086,0.0003765,0.0000008,0.0000003
25087,0.0003765,0.0000008,0.0000003
25088,0.0003764,0.0000008,0.0000003
25089,0.0003763,0.0000008,0.0000003
25090,0.0003763,0.0000008,0.0000003
25091,0.0003762,0.0000008,0.0000003
25092,0.0003762,0.0000008,0.0000003
25093,0.0003761,0.0000008,0.0000003
25094,0.0003760,0.0000008,0.0000003
25095,0.0003760,0.0000008,0.0000003
25096,0.0003759,0.0000008,0.0000003
25097,0.0003758,0.0000008,0.0000003
25098,0.0003758,0.0000008,0.0000003
25099,0.0003757,0.0000008,0.0000003
25100,0.0003756,0.0000008,0.0000003
25101,0.0003756,0.0000008,0.0000003
25102,0.0003755,0.0000008,0.0000003
25103,0.0003754,0.0000008,0.0000003
25104,0.0003754,0.0000008,0.0000003
25105,0.0003753,0.0000008,0.0000003
25106,0.0003752,0.0000008,0.0000003
25107,0.0003752,0.0000008,0.0000003
25108,0.0003751,0.0000008,0.0000003
25109,0.0003750,0.0000008,0.0000003
25110,0.0003750,0.0000008,0.0000003
25111,0.0003749,0.0000008,0.0000003
25112,0.0003748,0.0000008,0.0000003
25113,0.0003748,0.0000008,0.0000003
25114,0.0003747,0.0000008,0.0000003
25115,0.0003747,0.0000008,0.0000003
25116,0.0003746,0.0000008,0.0000003
25117,0.0003745,0.0000008,0.0000003
25118,0.0003745,0.0000008,0.0000003
25119,0.0003744,0.0000008,0.0000003
25120,0.0003743,0.0000008,0.0000003
25121,0.0003743,0.0000008,0.0000003
25122,0.0003742,0.0000008,0.0000003
25123,0.0003741,0.0000008,0.0000003
25124,0.0003741,0.0000008,0.0000003
25125,0.0003740,0.0000008,0.0000003
25126,0.0003739,0.0000008,0.0000003
25127,0.0003739,0.0000008,0.0000003
25128,0.0003738,0.0000008,0.0000003
25129,0.0003737,0.0000008,0.0000003
25130,0.0003737,0.0000008,0.0000003
25131,0.0003736,0.0000008,0.0000003
25132,0.0003735,0.0000008,0.0000003
25133,0.0003735,0.0000008,0.0000003
25134,0.0003734,0.0000008,0.0000003
25135,0.0003734,0.0000008,0.0000003
25136,0.0003733,0.0000008,0.0000003
25137,0.0003732,0.0000008,0.0000003
25138,0.0003732,0.0000008,0.0000003
25139,0.0003731,0.0000008,0.0000003
25140,0.0003730,0.0000008,0.0000003
25141,0.0003730,0.0000008,0.0000003
25142,0.0003729,0.0000008,0.0000003
25143,0.0003728,0.0000008,0.0000003
25144,0.0003728,0.0000008,0.0000003
25145,0.0003727,0.0000008,0.0000003
25146,0.0003726,0.0000008,0.0000003
25147,0.0003726,0.0000008,0.0000003
25148,0.0003725,0.0000008,0.0000003
25149,0.0003724,0.0000008,0.0000003
25150,0.0003724,0.0000008,0.0000003
25151,0.0003723,0.0000008,0.0000003
25152,0.0003723,0.0000008,0.0000003
25153,0.0003722,0.0000008,0.0000003
25154,0.0003721,0.0000008,0.0000003
25155,0.0003721,0.0000008,0.0000003
25156,0.0003720,0.0000008,0.0000003
25157,0.0003719,0.0000008,0.0000003
25158,0.0003719,0.0000008,0.0000003
25159,0.0003718,0.0000008,0.0000003
25160,0.0003717,0.0000008,0.0000003
25161,0.0003717,0.0000008,0.0000003
25162,0.0003716,0.0000008,0.0000003
25163,0.0003715,0.0000008,0.0000003
25164,0.0003715,0.0000008,0.0000003
25165,0.0003714,0.0000008,0.0000003
25166,0.0003713,0.0000008,0.0000003
25167,0.0003713,0.0000008,0.0000003
25168,0.0003712,0.0000008,0.0000003
25169,0.0003712,0.0000008,0.0000003
25170,0.0003711,0.0000008,0.0000003
25171,0.0003710,0.0000008,0.0000003
25172,0.0003710,0.0000008,0.0000003
25173,0.0003709,0.0000008,0.0000003
25174,0.0003708,0.0000008,0.0000003
25175,0.0003708,0.0000008,0.0000003
25176,0.0003707,0.0000008,0.0000003
25177,0.0003706,0.0000008,0.0000003
25178,0.0003706,0.0000008,0.0000003
25179,0.0003705,0.0000008,0.0000003
25180,0.0003704,0.0000008,0.0000003
25181,0.0003704,0.0000008,0.0000003
25182,0.0003703,0.0000008,0.0000003
25183,0.0003703,0.0000008,0.0000003
25184,0.0003702,0.0000008,0.0000003
25185,0.0003701,0.0000008,0.0000003
25186,0.0003701,0.0000008,0.0000003
25187,0.0003700,0.0000008,0.0000003
25188,0.0003699,0.0000008,0.0000003
25189,0.0003699,0.0000008,0.0000003
25190,0.0003698,0.0000008,0.0000003
25191,0.0003697,0.0000008,0.0000003
25192,0.0003697,0.0000008,0.0000003
25193,0.0003696,0.0000008,0.0000003
25194,0.0003696,0.0000008,0.0000003
25195,0.0003695,0.0000008,0.0000003
25196,0.0003694,0.0000008,0.0000003
25197,0.0003694,0.0000008,0.0000003
25198,0.0003693,0.0000008,0.0000003
25199,0.0003692,0.0000008,0.0000003
25200,0.0003692,0.0000008,0.0000003
25201,0.0003691,0.0000008,0.0000003
25202,0.0003690,0.0000008,0.0000003
25203,0.0003690,0.0000008,0.0000003
25204,0.0003689,0.0000008,0.0000003
25205,0.0003688,0.0000008,0.0000003
25206,0.0003688,0.0000008,0.0000003
25207,0.0003687,0.0000008,0.0000003
25208,0.0003687,0.0000008,0.0000003
25209,0.0003686,0.0000008,0.0000003
25210,0.0003685,0.0000008,0.0000003
25211,0.0003685,0.0000008,0.0000003
25212,0.0003684,0.0000008,0.0000003
25213,0.0003683,0.0000008,0.0000003
25214,0.0003683,0.0000008,0.0000003
25215,0.0003682,0.0000008,0.0000003
25216,0.0003681,0.0000008,0.0000003
25217,0.0003681,0.0000008,0.0000003
25218,0.0003680,0.0000008,0.0000003
25219,0.0003680,0.0000008,0.0000003
25220,0.0003679,0.0000008,0.0000003
25221,0.0003678,0.0000008,0.0000003
25222,0.0003678,0.0000008,0.0000003
25223,0.0003677,0.0000008,0.0000003
25224,0.0003676,0.0000008,0.0000003
25225,0.0003676,0.0000008,0.0000003
25226,0.0003675,0.0000008,0.0000003
25227,0.0003674,0.0000008,0.0000003
25228,0.0003674,0.0000008,0.0000003
25229,0.0003673,0.0000008,0.0000003
25230,0.0003672,0.0000008,0.0000003
25231,0.0003672,0.0000008,0.0000003
25232,0.0003671,0.0000008,0.0000003
25233,0.0003671,0.0000008,0.0000003
25234,0.0003670,0.0000008,0.0000003
25235,0.0003669,0.0000008,0.0000003
25236,0.0003669,0.0000008,0.0000003
25237,0.0003668,0.0000008,0.0000003
25238,0.0003667,0.0000008,0.0000003
25239,0.0003667,0.0000008,0.0000003
25240,0.0003666,0.0000008,0.0000003
25241,0.0003665,0.0000008,0.0000003
25242,0.0003665,0.0000008,0.0000003
25243,0.0003664,0.0000008,0.0000003
25244,0.0003664,0.0000008,0.0000003
25245,0.0003663,0.0000008,0.0000003
25246,0.0003662,0.0000008,0.0000003
25247,0.0003662,0.0000008,0.0000003
25248,0.0003661,0.0000008,0.0000003
25249,0.0003660,0.0000008,0.0000003
25250,0.0003660,0.0000008,0.0000003
25251,0.0003659,0.0000008,0.0000003
25252,0.0003659,0.0000008,0.0000003
25253,0.0003658,0.0000008,0.0000003
25254,0.0003657,0.0000008,0.0000003
25255,0.0003657,0.0000008,0.0000003
25256,0.0003656,0.0000008,0.0000003
25257,0.0003655,0.0000008,0.0000003
25258,0.0003655,0.0000008,0.0000003
25259,0.0003654,0.0000008,0.0000003
25260,0.0003653,0.0000008,0.0000003
25261,0.0003653,0.0000008,0.0000003
25262,0.0003652,0.0000008,0.0000003
25263,0.0003652,0.0000008,0.0000003
25264,0.0003651,0.0000008,0.0000003
25265,0.0003650,0.0000008,0.0000003
25266,0.0003650,0.0000008,0.0000003
25267,0.0003649,0.0000008,0.0000003
25268,0.0003648,0.0000008,0.0000003
25269,0.0003648,0.0000008,0.0000003
25270,0.0003647,0.0000008,0.0000003
25271,0.0003646,0.0000008,0.0000003
25272,0.0003646,0.0000008,0.0000003
25273,0.0003645,0.0000008,0.0000003
25274,0.0003645,0.0000008,0.0000003
25275,0.0003644,0.0000008,0.0000003
25276,0.0003643,0.0000008,0.0000003
25277,0.0003643,0.0000008,0.0000003
25278,0.0003642,0.0000008,0.0000003
25279,0.0003641,0.0000008,0.0000003
25280,0.0003641,0.0000008,0.0000003
25281,0.0003640,0.0000008,0.0000003
25282,0.0003640,0.0000008,0.0000003
25283,0.0003639,0.0000008,0.0000003
25284,0.0003638,0.0000008,0.0000003
25285,0.0003638,0.0000008,0.0000003
25286,0.0003637,0.0000008,0.0000003
25287,0.0003636,0.0000008,0.0000003
25288,0.0003636,0.0000008,0.0000003
25289,0.0003635,0.0000008,0.0000003
25290,0.0003634,0.0000008,0.0000003
25291,0.0003634,0.0000008,0.0000003
25292,0.0003633,0.0000008,0.0000003
25293,0.0003633,0.0000008,0.0000003
25294,0.0003632,0.0000008,0.0000003
25295,0.0003631,0.0000008,0.0000003
25296,0.0003631,0.0000008,0.0000003
25297,0.0003630,0.0000008,0.0000003
25298,0.0003629,0.0000008,0.0000003
25299,0.0003629,0.0000008,0.0000003
25300,0.0003628,0.0000008,0.0000003
25301,0.0003628,0.0000008,0.0000003
25302,0.0003627,0.0000008,0.0000003
25303,0.0003626,0.0000008,0.0000003
25304,0.0003626,0.0000008,0.0000003
25305,0.0003625,0.0000008,0.0000003
25306,0.0003624,0.0000008,0.0000003
25307,0.0003624,0.0000008,0.0000003
25308,0.0003623,0.0000008,0.0000003
25309,0.0003623,0.0000008,0.0000003
25310,0.0003622,0.0000008,0.0000003
25311,0.0003621,0.0000008,0.0000003
25312,0.0003621,0.0000008,0.0000003
25313,0.0003620,0.0000008,0.0000003
25314,0.0003619,0.0000008,0.0000003
25315,0.0003619,0.0000008,0.0000003
25316,0.0003618,0.0000008,0.0000003
25317,0.0003618,0.0000008,0.0000003
25318,0.0003617,0.0000008,0.0000003
25319,0.0003616,0.0000008,0.0000003
25320,0.0003616,0.0000008,0.0000003
25321,0.0003615,0.0000008,0.0000003
25322,0.0003614,0.0000008,0.0000003
25323,0.0003614,0.0000008,0.0000003
25324,0.0003613,0.0000008,0.0000003
25325,0.0003613,0.0000008,0.0000003
25326,0.0003612,0.0000008,0.0000003
25327,0.0003611,0.0000008,0.0000003
25328,0.0003611,0.0000008,0.0000003
25329,0.0003610,0.0000008,0.0000003
25330,0.0003609,0.0000008,0.0000003
25331,0.0003609,0.0000008,0.0000003
25332,0.0003608,0.0000008,0.0000003
25333,0.0003608,0.0000008,0.0000003
25334,0.0003607,0.0000008,0.0000003
25335,0.0003606,0.0000008,0.0000003
25336,0.0003606,0.0000008,0.0000003
25337,0.0003605,0.0000008,0.0000003
25338,0.0003604,0.0000008,0.0000003
25339,0.0003604,0.0000008,0.0000003
25340,0.0003603,0.0000008,0.0000003
25341,0.0003603,0.0000008,0.0000003
25342,0.0003602,0.0000008,0.0000003
25343,0.0003601,0.0000008,0.0000003
25344,0.0003601,0.0000008,0.0000003
25345,0.0003600,0.0000008,0.0000003
25346,0.0003599,0.0000008,0.0000003
25347,0.0003599,0.0000008,0.0000003
25348,0.0003598,0.0000008,0.0000003
25349,0.0003598,0.0000008,0.0000003
25350,0.0003597,0.0000008,0.0000003
25351,0.0003596,0.0000008,0.0000003
25352,0.0003596,0.0000008,0.0000003
25353,0.0003595,0.0000008,0.0000003
25354,0.0003594,0.0000008,0.0000003
25355,0.0003594,0.0000008,0.0000003
25356,0.0003593,0.0000008,0.0000003
25357,0.0003593,0.0000008,0.0000003
25358,0.0003592,0.0000008,0.0000003
25359,0.0003591,0.0000008,0.0000003
25360,0.0003591,0.0000008,0.0000003
25361,0.0003590,0.0000008,0.0000003
25362,0.0003589,0.0000008,0.0000003
25363,0.0003589,0.0000008,0.0000003
25364,0.0003588,0.0000008,0.0000003
25365,0.0003588,0.0000008,0.0000003
25366,0.0003587,0.0000008,0.0000003
25367,0.0003586,0.0000008,0.0000003
25368,0.0003586,0.0000008,0.0000003
25369,0.0003585,0.0000008,0.0000003
25370,0.0003584,0.0000008,0.0000003
25371,0.0003584,0.0000008,0.0000003
25372,0.0003583,0.0000008,0.0000003
25373,0.0003583,0.0000008,0.0000003
25374,0.0003582,0.0000008,0.0000003
25375,0.0003581,0.0000008,0.0000003
25376,0.0003581,0.0000008,0.0000003
25377,0.0003580,0.0000008,0.0000003
25378,0.0003580,0.0000008,0.0000003
25379,0.0003579,0.0000008,0.0000003
25380,0.0003578,0.0000008,0.0000003
25381,0.0003578,0.0000008,0.0000003
25382,0.0003577,0.0000008,0.0000003
25383,0.0003576,0.0000008,0.0000003
25384,0.0003576,0.0000008,0.0000003
25385,0.0003575,0.0000008,0.0000003
25386,0.0003575,0.0000008,0.0000003
25387,0.0003574,0.0000008,0.0000003
25388,0.0003573,0.0000008,0.0000003
25389,0.0003573,0.0000008,0.0000003
25390,0.0003572,0.0000008,0.0000003
25391,0.0003571,0.0000008,0.0000003
25392,0.0003571,0.0000008,0.0000003
25393,0.0003570,0.0000008,0.0000003
25394,0.0003570,0.0000008,0.0000003
25395,0.0003569,0.0000008,0.0000003
25396,0.0003568,0.0000008,0.0000003
25397,0.0003568,0.0000008,0.0000003
25398,0.0003567,0.0000008,0.0000003
25399,0.0003567,0.0000008,0.0000003
25400,0.0003566,0.0000008,0.0000003
25401,0.0003565,0.0000008,0.0000003
25402,0.0003565,0.0000008,0.0000003
25403,0.0003564,0.0000008,0.0000003
25404,0.0003563,0.0000008,0.0000003
25405,0.0003563,0.0000008,0.0000003
25406,0.0003562,0.0000008,0.0000003
25407,0.0003562,0.0000008,0.0000003
25408,0.0003561,0.0000008,0.0000003
25409,0.0003560,0.0000008,0.0000003
25410,0.0003560,0.0000008,0.0000003
25411,0.0003559,0.0000008,0.0000003
25412,0.0003558,0.0000008,0.0000003
25413,0.0003558,0.0000008,0.0000003
25414,0.0003557,0.0000008,0.0000003
25415,0.0003557,0.0000008,0.0000003
25416,0.0003556,0.0000008,0.0000003
25417,0.0003555,0.0000008,0.0000003
25418,0.0003555,0.0000008,0.0000003
25419,0.0003554,0.0000008,0.0000003
25420,0.0003554,0.0000008,0.0000003
25421,0.0003553,0.0000008,0.0000003
25422,0.0003552,0.0000008,0.0000003
25423,0.0003552,0.0000008,0.0000003
25424,0.0003551,0.0000008,0.0000003
25425,0.0003550,0.0000008,0.0000003
25426,0.0003550,0.0000008,0.0000003
25427,0.0003549,0.0000008,0.0000003
25428,0.0003549,0.0000008,0.0000003
25429,0.0003548,0.0000008,0.0000003
25430,0.0003547,0.0000008,0.0000003
25431,0.0003547,0.0000008,0.0000003
25432,0.0003546,0.0000008,0.0000003
25433,0.0003546,0.0000008,0.0000003
25434,0.0003545,0.0000008,0.0000003
25435,0.0003544,0.0000008,0.0000003
25436,0.0003544,0.0000008,0.0000003
25437,0.0003543,0.0000008,0.0000003
25438,0.0003543,0.0000008,0.0000003
25439,0.0003542,0.0000008,0.0000003
25440,0.0003541,0.0000008,0.0000003
25441,0.0003541,0.0000008,0.0000003
25442,0.0003540,0.0000008,0.0000003
25443,0.0003539,0.0000008,0.0000003
25444,0.0003539,0.0000008,0.0000003
25445,0.0003538,0.0000008,0.0000003
25446,0.0003538,0.0000008,0.0000003
25447,0.0003537,0.0000008,0.0000003
25448,0.0003536,0.0000008,0.0000003
25449,0.0003536,0.0000008,0.0000003
25450,0.0003535,0.0000008,0.0000003
25451,0.0003535,0.0000008,0.0000003
25452,0.0003534,0.0000008,0.0000003
25453,0.0003533,0.0000008,0.0000003
25454,0.0003533,0.0000008,0.0000003
25455,0.0003532,0.0000008,0.0000003
25456,0.0003531,0.0000008,0.0000003
25457,0.0003531,0.0000008,0.0000003
25458,0.0003530,0.0000008,0.0000003
25459,0.0003530,0.0000008,0.0000003
25460,0.0003529,0.0000008,0.0000003
25461,0.0003528,0.0000008,0.0000003
25462,0.0003528,0.0000008,0.0000003
25463,0.0003527,0.0000008,0.0000003
25464,0.0003527,0.0000008,0.0000003
25465,0.0003526,0.0000008,0.0000003
25466,0.0003525,0.0000008,0.0000003
25467,0.0003525,0.0000008,0.0000003
25468,0.0003524,0.0000008,0.0000003
25469,0.0003524,0.0000008,0.0000003
25470,0.0003523,0.0000008,0.0000003
25471,0.0003522,0.0000008,0.0000003
25472,0.0003522,0.0000008,0.0000003
25473,0.0003521,0.0000008,0.0000003
25474,0.0003521,0.0000008,0.0000003
25475,0.0003520,0.0000008,0.0000003
25476,0.0003519,0.0000008,0.0000003
25477,0.0003519,0.0000008,0.0000003
25478,0.0003518,0.0000008,0.0000003
25479,0.0003517,0.0000008,0.0000003
25480,0.0003517,0.0000008,0.0000003
25481,0.0003516,0.0000008,0.0000003
25482,0.0003516,0.0000008,0.0000003
25483,0.0003515,0.0000008,0.0000003
25484,0.0003514,0.0000008,0.0000003
25485,0.0003514,0.0000008,0.0000003
25486,0.0003513,0.0000008,0.0000003
25487,0.0003513,0.0000008,0.0000003
25488,0.0003512,0.0000008,0.0000003
25489,0.0003511,0.0000008,0.0000003
25490,0.0003511,0.0000008,0.0000003
25491,0.0003510,0.0000008,0.0000003
25492,0.0003510,0.0000008,0.0000003
25493,0.0003509,0.0000008,0.0000003
25494,0.0003508,0.0000008,0.0000003
25495,0.0003508,0.0000008,0.0000003
25496,0.0003507,0.0000008,0.0000003
25497,0.0003507,0.0000008,0.0000003
25498,0.0003506,0.0000008,0.0000003
25499,0.0003505,0.0000008,0.0000003
25500,0.0003505,0.0000008,0.0000003
25501,0.0003504,0.0000008,0.0000003
25502,0.0003503,0.0000008,0.0000003
25503,0.0003503,0.0000008,0.0000003
25504,0.0003502,0.0000008,0.0000003
25505,0.0003502,0.0000008,0.0000003
25506,0.0003501,0.0000008,0.0000003
25507,0.0003500,0.0000008,0.0000003
25508,0.0003500,0.0000008,0.0000003
25509,0.0003499,0.0000008,0.0000003
25510,0.0003499,0.0000008,0.0000003
25511,0.0003498,0.0000008,0.0000003
25512,0.0003497,0.0000008,0.0000003
25513,0.0003497,0.0000008,0.0000003
25514,0.0003496,0.0000008,0.0000003
25515,0.0003496,0.0000008,0.0000003
25516,0.0003495,0.0000008,0.0000003
25517,0.0003494,0.0000008,0.0000003
25518,0.0003494,0.0000008,0.0000003
25519,0.0003493,0.0000008,0.0000003
25520,0.0003493,0.0000008,0.0000003
25521,0.0003492,0.0000008,0.0000003
25522,0.0003491,0.0000008,0.0000003
25523,0.0003491,0.0000008,0.0000003
25524,0.0003490,0.0000008,0.0000003
25525,0.0003490,0.0000008,0.0000003
25526,0.0003489,0.0000008,0.0000003
25527,0.0003488,0.0000008,0.0000003
25528,0.0003488,0.0000008,0.0000003
25529,0.0003487,0.0000008,0.0000003
25530,0.0003487,0.0000008,0.0000003
25531,0.0003486,0.0000008,0.0000003
25532,0.0003485,0.0000008,0.0000003
25533,0.0003485,0.0000008,0.0000003
25534,0.0003484,0.0000008,0.0000003
25535,0.0003484,0.0000008,0.0000003
25536,0.0003483,0.0000008,0.0000003
25537,0.0003482,0.0000008,0.0000003
25538,0.0003482,0.0000008,0.0000003
25539,0.0003481,0.0000008,0.0000003
25540,0.0003481,0.0000008,0.0000003
25541,0.0003480,0.0000008,0.0000003
25542,0.0003479,0.0000008,0.0000003
25543,0.0003479,0.0000008,0.0000003
25544,0.0003478,0.0000008,0.0000003
25545,0.0003478,0.0000008,0.0000003
25546,0.0003477,0.0000008,0.0000003
25547,0.0003476,0.0000008,0.0000003
25548,0.0003476,0.0000008,0.0000003
25549,0.0003475,0.0000008,0.0000003
25550,0.0003475,0.0000008,0.0000003
25551,0.0003474,0.0000008,0.0000003
25552,0.0003473,0.0000008,0.0000003
25553,0.0003473,0.0000008,0.0000003
25554,0.0003472,0.0000008,0.0000003
25555,0.0003472,0.0000008,0.0000003
25556,0.0003471,0.0000008,0.0000003
25557,0.0003470,0.0000008,0.0000003
25558,0.0003470,0.0000008,0.0000003
25559,0.0003469,0.0000008,0.0000003
25560,0.0003469,0.0000008,0.0000003
25561,0.0003468,0.0000008,0.0000003
25562,0.0003467,0.0000008,0.0000003
25563,0.0003467,0.0000008,0.0000003
25564,0.0003466,0.0000008,0.0000003
25565,0.0003466,0.0000008,0.0000003
25566,0.0003465,0.0000008,0.0000003
25567,0.0003464,0.0000008,0.0000003
25568,0.0003464,0.0000008,0.0000003
25569,0.0003463,0.0000008,0.0000003
25570,0.0003463,0.0000008,0.0000003
25571,0.0003462,0.0000008,0.0000003
25572,0.0003461,0.0000008,0.0000003
25573,0.0003461,0.0000008,0.0000003
25574,0.0003460,0.0000008,0.0000003
25575,0.0003460,0.0000008,0.0000003
25576,0.0003459,0.0000008,0.0000003
25577,0.0003458,0.0000008,0.0000003
25578,0.0003458,0.0000008,0.0000003
25579,0.0003457,0.0000008,0.0000003
25580,0.0003457,0.0000008,0.0000003
25581,0.0003456,0.0000008,0.0000003
25582,0.0003455,0.0000008,0.0000003
25583,0.0003455,0.0000008,0.0000003
25584,0.0003454,0.0000008,0.0000003
25585,0.0003454,0.0000008,0.0000003
25586,0.0003453,0.0000008,0.0000003
25587,0.0003452,0.0000008,0.0000003
25588,0.0003452,0.0000008,0.0000003
25589,0.0003451,0.0000008,0.0000003
25590,0.0003451,0.0000008,0.0000003
25591,0.0003450,0.0000008,0.0000003
25592,0.0003449,0.0000008,0.0000003
25593,0.0003449,0.0000008,0.0000003
25594,0.0003448,0.0000008,0.0000003
25595,0.0003448,0.0000008,0.0000003
25596,0.0003447,0.0000008,0.0000003
25597,0.0003446,0.0000008,0.0000003
25598,0.0003446,0.0000008,0.0000003
25599,0.0003445,0.0000008,0.0000003
25600,0.0003445,0.0000008,0.0000003
25601,0.0003444,0.0000008,0.0000003
25602,0.0003443,0.0000008,0.0000003
25603,0.0003443,0.0000008,0.0000003
25604,0.0003442,0.0000008,0.0000003
25605,0.0003442,0.0000008,0.0000003
25606,0.0003441,0.0000008,0.0000003
25607,0.0003440,0.0000008,0.0000003
25608,0.0003440,0.0000008,0.0000003
25609,0.0003439,0.0000008,0.0000003
25610,0.0003439,0.0000008,0.0000003
25611,0.0003438,0.0000008,0.0000003
25612,0.0003437,0.0000008,0.0000003
25613,0.0003437,0.0000008,0.0000003
25614,0.0003436,0.0000008,0.0000003
25615,0.0003436,0.0000008,0.0000003
25616,0.0003435,0.0000008,0.0000003
25617,0.0003435,0.0000008,0.0000003
25618,0.0003434,0.0000008,0.0000003
25619,0.0003433,0.0000008,0.0000003
25620,0.0003433,0.0000008,0.0000003
25621,0.0003432,0.0000008,0.0000003
25622,0.0003432,0.0000008,0.0000003
25623,0.0003431,0.0000008,0.0000003
25624,0.0003430,0.0000008,0.0000003
25625,0.0003430,0.0000008,0.0000003
25626,0.0003429,0.0000008,0.0000003
25627,0.0003429,0.0000008,0.0000003
25628,0.0003428,0.0000008,0.0000003
25629,0.0003427,0.0000008,0.0000003
25630,0.0003427,0.0000008,0.0000003
25631,0.0003426,0.0000008,0.0000003
25632,0.0003426,0.0000008,0.0000003
25633,0.0003425,0.0000008,0.0000003
25634,0.0003424,0.0000008,0.0000003
25635,0.0003424,0.0000008,0.0000003
25636,0.0003423,0.0000008,0.0000003
25637,0.0003423,0.0000008,0.0000003
25638,0.0003422,0.0000008,0.0000003
25639,0.0003421,0.0000008,0.0000003
25640,0.0003421,0.0000008,0.0000003
25641,0.0003420,0.0000008,0.0000003
25642,0.0003420,0.0000008,0.0000003
25643,0.0003419,0.0000008,0.0000003
25644,0.0003419,0.0000008,0.0000003
25645,0.0003418,0.0000008,0.0000003
25646,0.0003417,0.0000008,0.0000003
25647,0.0003417,0.0000008,0.0000003
25648,0.0003416,0.0000008,0.0000003
25649,0.0003416,0.0000008,0.0000003
25650,0.0003415,0.0000008,0.0000003
25651,0.0003414,0.0000008,0.0000003
25652,0.0003414,0.0000008,0.0000003
25653,0.0003413,0.0000008,0.0000003
25654,0.0003413,0.0000008,0.0000003
25655,0.0003412,0.0000008,0.0000003
25656,0.0003411,0.0000008,0.0000003
25657,0.0003411,0.0000008,0.0000003
25658,0.0003410,0.0000008,0.0000003
25659,0.0003410,0.0000008,0.0000003
25660,0.0003409,0.0000008,0.0000003
25661,0.0003409,0.0000008,0.0000003
25662,0.0003408,0.0000008,0.0000003
25663,0.0003407,0.0000008,0.0000003
25664,0.0003407,0.0000008,0.0000003
25665,0.0003406,0.0000008,0.0000003
25666,0.0003406,0.0000008,0.0000003
25667,0.0003405,0.0000008,0.0000003
25668,0.0003404,0.0000008,0.0000003
25669,0.0003404,0.0000008,0.0000003
25670,0.0003403,0.0000008,0.0000003
25671,0.0003403,0.0000008,0.0000003
25672,0.0003402,0.0000008,0.0000003
25673,0.0003401,0.0000008,0.0000003
25674,0.0003401,0.0000008,0.0000003
25675,0.0003400,0.0000008,0.0000003
25676,0.0003400,0.0000008,0.0000003
25677,0.0003399,0.0000008,0.0000003
25678,0.0003399,0.0000008,0.0000003
25679,0.0003398,0.0000008,0.0000003
25680,0.0003397,0.0000008,0.0000003
25681,0.0003397,0.0000008,0.0000003
25682,0.0003396,0.0000008,0.0000003
25683,0.0003396,0.0000008,0.0000003
25684,0.0003395,0.0000008,0.0000003
25685,0.0003394,0.0000008,0.0000003
25686,0.0003394,0.0000008,0.0000003
25687,0.0003393,0.0000008,0.0000003
25688,0.0003393,0.0000008,0.0000003
25689,0.0003392,0.0000008,0.0000003
25690,0.0003391,0.0000008,0.0000003
25691,0.0003391,0.0000008,0.0000003
25692,0.0003390,0.0000008,0.0000003
25693,0.0003390,0.0000008,0.0000003
25694,0.0003389,0.0000008,0.0000003
25695,0.0003389,0.0000008,0.0000003
25696,0.0003388,0.0000008,0.0000003
25697,0.0003387,0.0000008,0.0000003
25698,0.0003387,0.0000008,0.0000003
25699,0.0003386,0.0000008,0.0000003
25700,0.0003386,0.0000008,0.0000003
25701,0.0003385,0.0000008,0.0000003
25702,0.0003384,0.0000008,0.0000003
25703,0.0003384,0.0000008,0.0000003
25704,0.0003383,0.0000008,0.0000003
25705,0.0003383,0.0000008,0.0000003
25706,0.0003382,0.0000008,0.0000003
25707,0.0003382,0.0000008,0.0000003
25708,0.0003381,0.0000008,0.0000003
25709,0.0003380,0.0000008,0.0000003
25710,0.0003380,0.0000008,0.0000003
25711,0.0003379,0.0000008,0.0000003
25712,0.0003379,0.0000008,0.0000003
25713,0.0003378,0.0000008,0.0000003
25714,0.0003377,0.0000008,0.0000003
25715,0.0003377,0.0000008,0.0000003
25716,0.0003376,0.0000008,0.0000003
25717,0.0003376,0.0000008,0.0000003
25718,0.0003375,0.0000008,0.0000003
25719,0.0003375,0.0000008,0.0000003
25720,0.0003374,0.0000008,0.0000003
25721,0.0003373,0.0000008,0.0000003
25722,0.0003373,0.0000008,0.0000003
25723,0.0003372,0.0000008,0.0000003
25724,0.0003372,0.0000008,0.0000003
25725,0.0003371,0.0000008,0.0000003
25726,0.0003370,0.0000008,0.0000003
25727,0.0003370,0.0000008,0.0000003
25728,0.0003369,0.0000008,0.0000003
25729,0.0003369,0.0000008,0.0000003
25730,0.0003368,0.0000008,0.0000003
25731,0.0003368,0.0000008,0.0000003
25732,0.0003367,0.0000008,0.0000003
25733,0.0003366,0.0000008,0.0000003
25734,0.0003366,0.0000008,0.0000003
25735,0.0003365,0.0000008,0.0000003
25736,0.0003365,0.0000008,0.0000003
25737,0.0003364,0.0000008,0.0000003
25738,0.0003363,0.0000008,0.0000003
25739,0.0003363,0.0000008,0.0000003
25740,0.0003362,0.0000008,0.0000003
25741,0.0003362,0.0000008,0.0000003
25742,0.0003361,0.0000008,0.0000003
25743,0.0003361,0.0000008,0.0000003
25744,0.0003360,0.0000008,0.0000003
25745,0.0003359,0.0000008,0.0000003
25746,0.0003359,0.0000008,0.0000003
25747,0.0003358,0.0000008,0.0000003
25748,0.0003358,0.0000008,0.0000003
25749,0.0003357,0.0000008,0.0000003
25750,0.0003357,0.0000008,0.0000003
25751,0.0003356,0.0000008,0.0000003
25752,0.0003355,0.0000008,0.0000003
25753,0.0003355,0.0000008,0.0000003
25754,0.0003354,0.0000008,0.0000003
25755,0.0003354,0.0000007,0.0000003
25756,0.0003353,0.0000007,0.0000003
25757,0.0003352,0.0000007,0.0000003
25758,0.0003352,0.0000007,0.0000003
25759,0.0003351,0.0000007,0.0000003
25760,0.0003351,0.0000007,0.0000003
25761,0.0003350,0.0000007,0.0000003
25762,0.0003350,0.0000007,0.0000003
25763,0.0003349,0.0000007,0.0000003
25764,0.0003348,0.0000007,0.0000003
25765,0.0003348,0.0000007,0.0000003
25766,0.0003347,0.0000007,0.0000003
25767,0.0003347,0.0000007,0.0000003
25768,0.0003346,0.0000007,0.0000003
25769,0.0003346,0.0000007,0.0000003
25770,0.0003345,0.0000007,0.0000003
25771,0.0003344,0.0000007,0.0000003
25772,0.0003344,0.0000007,0.0000003
25773,0.0003343,0.0000007,0.0000003
25774,0.0003343,0.0000007,0.0000003
25775,0.0003342,0.0000007,0.0000003
25776,0.0003342,0.0000007,0.0000003
25777,0.0003341,0.0000007,0.0000003
25778,0.0003340,0.0000007,0.0000003
25779,0.0003340,0.0000007,0.0000003
25780,0.0003339,0.0000007,0.0000003
25781,0.0003339,0.0000007,0.0000003
25782,0.0003338,0.0000007,0.0000003
25783,0.0003337,0.0000007,0.0000003
25784,0.0003337,0.0000007,0.0000003
25785,0.0003336,0.0000007,0.0000003
25786,0.0003336,0.0000007,0.0000003
25787,0.0003335,0.0000007,0.0000003
25788,0.0003335,0.0000007,0.0000003
25789,0.0003334,0.0000007,0.0000003
25790,0.0003333,0.0000007,0.0000003
25791,0.0003333,0.0000007,0.0000003
25792,0.0003332,0.0000007,0.0000003
25793,0.0003332,0.0000007,0.0000003
25794,0.0003331,0.0000007,0.0000003
25795,0.0003331,0.0000007,0.0000003
25796,0.0003330,0.0000007,0.0000003
25797,0.0003329,0.0000007,0.0000003
25798,0.0003329,0.0000007,0.0000003
25799,0.0003328,0.0000007,0.0000003
25800,0.0003328,0.0000007,0.0000003
25801,0.0003327,0.0000007,0.0000003
25802,0.0003327,0.0000007,0.0000003
25803,0.0003326,0.0000007,0.0000003
25804,0.0003325,0.0000007,0.0000003
25805,0.0003325,0.0000007,0.0000003
25806,0.0003324,0.0000007,0.0000003
25807,0.0003324,0.0000007,0.0000003
25808,0.0003323,0.0000007,0.0000003
25809,0.0003323,0.0000007,0.0000003
25810,0.0003322,0.0000007,0.0000003
25811,0.0003321,0.0000007,0.0000003
25812,0.0003321,0.0000007,0.0000003
25813,0.0003320,0.0000007,0.0000003
25814,0.0003320,0.0000007,0.0000003
25815,0.0003319,0.0000007,0.0000003
25816,0.0003319,0.0000007,0.0000003
25817,0.0003318,0.0000007,0.0000003
25818,0.0003317,0.0000007,0.0000003
25819,0.0003317,0.0000007,0.0000003
25820,0.0003316,0.0000007,0.0000003
25821,0.0003316,0.0000007,0.0000003
25822,0.0003315,0.0000007,0.0000003
25823,0.0003315,0.0000007,0.0000003
25824,0.0003314,0.0000007,0.0000003
25825,0.0003313,0.0000007,0.0000003
25826,0.0003313,0.0000007,0.0000003
25827,0.0003312,0.0000007,0.0000003
25828,0.0003312,0.0000007,0.0000003
25829,0.0003311,0.0000007,0.0000003
25830,0.0003311,0.0000007,0.0000003
25831,0.0003310,0.0000007,0.0000003
25832,0.0003309,0.0000007,0.0000003
25833,0.0003309,0.0000007,0.0000003
25834,0.0003308,0.0000007,0.0000003
25835,0.0003308,0.0000007,0.0000003
25836,0.0003307,0.0000007,0.0000003
25837,0.0003307,0.0000007,0.0000003
25838,0.0003306,0.0000007,0.0000003
25839,0.0003305,0.0000007,0.0000003
25840,0.0003305,0.0000007,0.0000003
25841,0.0003304,0.0000007,0.0000003
25842,0.0003304,0.0000007,0.0000003
25843,0.0003303,0.0000007,0.0000003
25844,0.0003303,0.0000007,0.0000003
25845,0.0003302,0.0000007,0.0000003
25846,0.0003301,0.0000007,0.0000003
25847,0.0003301,0.0000007,0.0000003
25848,0.0003300,0.0000007,0.0000003
25849,0.0003300,0.0000007,0.0000003
25850,0.0003299,0.0000007,0.0000003
25851,0.0003299,0.0000007,0.0000003
25852,0.0003298,0.0000007,0.0000003
25853,0.0003297,0.0000007,0.0000003
25854,0.0003297,0.0000007,0.0000003
25855,0.0003296,0.0000007,0.0000003
25856,0.0003296,0.0000007,0.0000003
25857,0.0003295,0.0000007,0.0000003
25858,0.0003295,0.0000007,0.0000003
25859,0.0003294,0.0000007,0.0000003
25860,0.0003293,0.0000007,0.0000003
25861,0.0003293,0.0000007,0.0000003
25862,0.0003292,0.0000007,0.0000003
25863,0.0003292,0.0000007,0.0000003
25864,0.0003291,0.0000007,0.0000003
25865,0.0003291,0.0000007,0.0000003
25866,0.0003290,0.0000007,0.0000003
25867,0.0003289,0.0000007,0.0000003
25868,0.0003289,0.0000007,0.0000003
25869,0.0003288,0.0000007,0.0000003
25870,0.0003288,0.0000007,0.0000003
25871,0.0003287,0.0000007,0.0000003
25872,0.0003287,0.0000007,0.0000003
25873,0.0003286,0.0000007,0.0000003
25874,0.0003286,0.0000007,0.0000003
25875,0.0003285,0.0000007,0.0000003
25876,0.0003284,0.0000007,0.0000003
25877,0.0003284,0.0000007,0.0000003
25878,0.0003283,0.0000007,0.0000003
25879,0.0003283,0.0000007,0.0000003
25880,0.0003282,0.0000007,0.0000003
25881,0.0003282,0.0000007,0.0000003
25882,0.0003281,0.0000007,0.0000003
25883,0.0003280,0.0000007,0.0000003
25884,0.0003280,0.0000007,0.0000003
25885,0.0003279,0.0000007,0.0000003
25886,0.0003279,0.0000007,0.0000003
25887,0.0003278,0.0000007,0.0000003
25888,0.0003278,0.0000007,0.0000003
25889,0.0003277,0.0000007,0.0000003
25890,0.0003276,0.0000007,0.0000003
25891,0.0003276,0.0000007,0.0000003
25892,0.0003275,0.0000007,0.0000003
25893,0.0003275,0.0000007,0.0000003
25894,0.0003274,0.0000007,0.0000003
25895,0.0003274,0.0000007,0.0000003
25896,0.0003273,0.0000007,0.0000003
25897,0.0003273,0.0000007,0.0000003
25898,0.0003272,0.0000007,0.0000003
25899,0.0003271,0.0000007,0.0000003
25900,0.0003271,0.0000007,0.0000003
25901,0.0003270,0.0000007,0.0000003
25902,0.0003270,0.0000007,0.0000003
25903,0.0003269,0.0000007,0.0000003
25904,0.0003269,0.0000007,0.0000003
25905,0.0003268,0.0000007,0.0000003
25906,0.0003267,0.0000007,0.0000003
25907,0.0003267,0.0000007,0.0000003
25908,0.0003266,0.0000007,0.0000003
25909,0.0003266,0.0000007,0.0000003
25910,0.0003265,0.0000007,0.0000003
25911,0.0003265,0.0000007,0.0000003
25912,0.0003264,0.0000007,0.0000003
25913,0.0003263,0.0000007,0.0000003
25914,0.0003263,0.0000007,0.0000003
25915,0.0003262,0.0000007,0.0000003
25916,0.0003262,0.0000007,0.0000003
25917,0.0003261,0.0000007,0.0000003
25918,0.0003261,0.0000007,0.0000003
25919,0.0003260,0.0000007,0.0000003
25920,0.0003260,0.0000007,0.0000003
25921,0.0003259,0.0000007,0.0000003
25922,0.0003258,0.0000007,0.0000003
25923,0.0003258,0.0000007,0.0000003
25924,0.0003257,0.0000007,0.0000003
25925,0.0003257,0.0000007,0.0000003
25926,0.0003256,0.0000007,0.0000003
25927,0.0003256,0.0000007,0.0000003
25928,0.0003255,0.0000007,0.0000003
25929,0.0003255,0.0000007,0.0000003
25930,0.0003254,0.0000007,0.0000003
25931,0.0003253,0.0000007,0.0000003
25932,0.0003253,0.0000007,0.0000003
25933,0.0003252,0.0000007,0.0000003
25934,0.0003252,0.0000007,0.0000003
25935,0.0003251,0.0000007,0.0000003
25936,0.0003251,0.0000007,0.0000003
25937,0.0003250,0.0000007,0.0000003
25938,0.0003249,0.0000007,0.0000003
25939,0.0003249,0.0000007,0.0000003
25940,0.0003248,0.0000007,0.0000003
25941,0.0003248,0.0000007,0.0000003
25942,0.0003247,0.0000007,0.0000003
25943,0.0003247,0.0000007,0.0000003
25944,0.0003246,0.0000007,0.0000003
25945,0.0003246,0.0000007,0.0000003
25946,0.0003245,0.0000007,0.0000003
25947,0.0003244,0.0000007,0.0000003
25948,0.0003244,0.0000007,0.0000003
25949,0.0003243,0.0000007,0.0000003
25950,0.0003243,0.0000007,0.0000003
25951,0.0003242,0.0000007,0.0000003
25952,0.0003242,0.0000007,0.0000003
25953,0.0003241,0.0000007,0.0000003
25954,0.0003241,0.0000007,0.0000003
25955,0.0003240,0.0000007,0.0000003
25956,0.0003239,0.0000007,0.0000003
25957,0.0003239,0.0000007,0.0000003
25958,0.0003238,0.0000007,0.0000003
25959,0.0003238,0.0000007,0.0000003
25960,0.0003237,0.0000007,0.0000003
25961,0.0003237,0.0000007,0.0000003
25962,0.0003236,0.0000007,0.0000003
25963,0.0003235,0.0000007,0.0000003
25964,0.0003235,0.0000007,0.0000003
25965,0.0003234,0.0000007,0.0000003
25966,0.0003234,0.0000007,0.0000003
25967,0.0003233,0.0000007,0.0000003
25968,0.0003233,0.0000007,0.0000003
25969,0.0003232,0.0000007,0.0000003
25970,0.0003232,0.0000007,0.0000003
25971,0.0003231,0.0000007,0.0000003
25972,0.0003230,0.0000007,0.0000003
25973,0.0003230,0.0000007,0.0000003
25974,0.0003229,0.0000007,0.0000003
25975,0.0003229,0.0000007,0.0000003
25976,0.0003228,0.0000007,0.0000003
25977,0.0003228,0.0000007,0.0000003
25978,0.0003227,0.0000007,0.0000003
25979,0.0003227,0.0000007,0.0000003
25980,0.0003226,0.0000007,0.0000003
25981,0.0003225,0.0000007,0.0000003
25982,0.0003225,0.0000007,0.0000003
25983,0.0003224,0.0000007,0.0000003
25984,0.0003224,0.0000007,0.0000003
25985,0.0003223,0.0000007,0.0000003
25986,0.0003223,0.0000007,0.0000003
25987,0.0003222,0.0000007,0.0000003
25988,0.0003222,0.0000007,0.0000003
25989,0.0003221,0.0000007,0.0000003
25990,0.0003220,0.0000007,0.0000003
25991,0.0003220,0.0000007,0.0000003
25992,0.0003219,0.0000007,0.0000003
25993,0.0003219,0.0000007,0.0000003
25994,0.0003218,0.0000007,0.0000003
25995,0.0003218,0.0000007,0.0000003
25996,0.0003217,0.0000007,0.0000003
25997,0.0003217,0.0000007,0.0000003
25998,0.0003216,0.0000007,0.0000003
25999,0.0003215,0.0000007,0.0000003
26000,0.0003215,0.0000007,0.0000003
26001,0.0003214,0.0000007,0.0000003
26002,0.0003214,0.0000007,0.0000003
26003,0.0003213,0.0000007,0.0000003
26004,0.0003213,0.0000007,0.0000003
26005,0.0003212,0.0000007,0.0000003
26006,0.0003212,0.0000007,0.0000003
26007,0.0003211,0.0000007,0.0000003
26008,0.0003211,0.0000007,0.0000003
26009,0.0003210,0.0000007,0.0000003
26010,0.0003209,0.0000007,0.0000003
26011,0.0003209,0.0000007,0.0000003
26012,0.0003208,0.0000007,0.0000003
26013,0.0003208,0.0000007,0.0000003
26014,0.0003207,0.0000007,0.0000003
26015,0.0003207,0.0000007,0.0000003
26016,0.0003206,0.0000007,0.0000003
26017,0.0003206,0.0000007,0.0000003
26018,0.0003205,0.0000007,0.0000003
26019,0.0003204,0.0000007,0.0000003
26020,0.0003204,0.0000007,0.0000003
26021,0.0003203,0.0000007,0.0000003
26022,0.0003203,0.0000007,0.0000003
26023,0.0003202,0.0000007,0.0000003
26024,0.0003202,0.0000007,0.0000003
26025,0.0003201,0.0000007,0.0000003
26026,0.0003201,0.0000007,0.0000003
26027,0.0003200,0.0000007,0.0000003
26028,0.0003199,0.0000007,0.0000002
26029,0.0003199,0.0000007,0.0000002
26030,0.0003198,0.0000007,0.0000002
26031,0.0003198,0.0000007,0.0000002
26032,0.0003197,0.0000007,0.0000002
26033,0.0003197,0.0000007,0.0000002
26034,0.0003196,0.0000007,0.0000002
26035,0.0003196,0.0000007,0.0000002
26036,0.0003195,0.0000007,0.0000002
26037,0.0003195,0.0000007,0.0000002
26038,0.0003194,0.0000007,0.0000002
26039,0.0003193,0.0000007,0.0000002
26040,0.0003193,0.0000007,0.0000002
26041,0.0003192,0.0000007,0.0000002
26042,0.0003192,0.0000007,0.0000002
26043,0.0003191,0.0000007,0.0000002
26044,0.0003191,0.0000007,0.0000002
26045,0.0003190,0.0000007,0.0000002
26046,0.0003190,0.0000007,0.0000002
26047,0.0003189,0.0000007,0.0000002
26048,0.0003188,0.0000007,0.0000002
26049,0.0003188,0.0000007,0.0000002
26050,0.0003187,0.0000007,0.0000002
26051,0.0003187,0.0000007,0.0000002
26052,0.0003186,0.0000007,0.0000002
26053,0.0003186,0.0000007,0.0000002
26054,0.0003185,0.0000007,0.0000002
26055,0.0003185,0.0000007,0.0000002
26056,0.0003184,0.0000007,0.0000002
26057,0.0003184,0.0000007,0.0000002
26058,0.0003183,0.0000007,0.0000002
26059,0.0003182,0.0000007,0.0000002
26060,0.0003182,0.0000007,0.0000002
26061,0.0003181,0.0000007,0.0000002
26062,0.0003181,0.0000007,0.0000002
26063,0.0003180,0.0000007,0.0000002
26064,0.0003180,0.0000007,0.0000002
26065,0.0003179,0.0000007,0.0000002
26066,0.0003179,0.0000007,0.0000002
26067,0.0003178,0.0000007,0.0000002
26068,0.0003178,0.0000007,0.0000002
26069,0.0003177,0.0000007,0.0000002
26070,0.0003176,0.0000007,0.0000002
26071,0.0003176,0.0000007,0.0000002
26072,0.0003175,0.0000007,0.0000002
26073,0.0003175,0.0000007,0.0000002
26074,0.0003174,0.0000007,0.0000002
26075,0.0003174,0.0000007,0.0000002
26076,0.0003173,0.0000007,0.0000002
26077,0.0003173,0.0000007,0.0000002
26078,0.0003172,0.0000007,0.0000002
26079,0.0003172,0.0000007,0.0000002
26080,0.0003171,0.0000007,0.0000002
26081,0.0003170,0.0000007,0.0000002
26082,0.0003170,0.0000007,0.0000002
26083,0.0003169,0.0000007,0.0000002
26084,0.0003169,0.0000007,0.0000002
26085,0.0003168,0.0000007,0.0000002
26086,0.0003168,0.0000007,0.0000002
26087,0.0003167,0.0000007,0.0000002
26088,0.0003167,0.0000007,0.0000002
26089,0.0003166,0.0000007,0.0000002
26090,0.0003166,0.0000007,0.0000002
26091,0.0003165,0.0000007,0.0000002
26092,0.0003164,0.0000007,0.0000002
26093,0.0003164,0.0000007,0.0000002
26094,0.0003163,0.0000007,0.0000002
26095,0.0003163,0.0000007,0.0000002
26096,0.0003162,0.0000007,0.0000002
26097,0.0003162,0.0000007,0.0000002
26098,0.0003161,0.0000007,0.0000002
26099,0.0003161,0.0000007,0.0000002
26100,0.0003160,0.0000007,0.0000002
26101,0.0003160,0.0000007,0.0000002
26102,0.0003159,0.0000007,0.0000002
26103,0.0003158,0.0000007,0.0000002
26104,0.0003158,0.0000007,0.0000002
26105,0.0003157,0.0000007,0.0000002
26106,0.0003157,0.0000007,0.0000002
26107,0.0003156,0.0000007,0.0000002
26108,0.0003156,0.0000007,0.0000002
26109,0.0003155,0.0000007,0.0000002
26110,0.0003155,0.0000007,0.0000002
26111,0.0003154,0.0000007,0.0000002
26112,0.0003154,0.0000007,0.0000002
26113,0.0003153,0.0000007,0.0000002
26114,0.0003152,0.0000007,0.0000002
26115,0.0003152,0.0000007,0.0000002
26116,0.0003151,0.0000007,0.0000002
26117,0.0003151,0.0000007,0.0000002
26118,0.0003150,0.0000007,0.0000002
26119,0.0003150,0.0000007,0.0000002
26120,0.0003149,0.0000007,0.0000002
26121,0.0003149,0.0000007,0.0000002
26122,0.0003148,0.0000007,0.0000002
26123,0.0003148,0.0000007,0.0000002
26124,0.0003147,0.0000007,0.0000002
26125,0.0003147,0.0000007,0.0000002
26126,0.0003146,0.0000007,0.0000002
26127,0.0003145,0.0000007,0.0000002
26128,0.0003145,0.0000007,0.0000002
26129,0.0003144,0.0000007,0.0000002
26130,0.0003144,0.0000007,0.0000002
26131,0.0003143,0.0000007,0.0000002
26132,0.0003143,0.0000007,0.0000002
26133,0.0003142,0.0000007,0.0000002
26134,0.0003142,0.0000007,0.0000002
26135,0.0003141,0.0000007,0.0000002
26136,0.0003141,0.0000007,0.0000002
26137,0.0003140,0.0000007,0.0000002
26138,0.0003139,0.0000007,0.0000002
26139,0.0003139,0.0000007,0.0000002
26140,0.0003138,0.0000007,0.0000002
26141,0.0003138,0.0000007,0.0000002
26142,0.0003137,0.0000007,0.0000002
26143,0.0003137,0.0000007,0.0000002
26144,0.0003136,0.0000007,0.0000002
26145,0.0003136,0.0000007,0.0000002
26146,0.0003135,0.0000007,0.0000002
26147,0.0003135,0.0000007,0.0000002
26148,0.0003134,0.0000007,0.0000002
26149,0.0003134,0.0000007,0.0000002
26150,0.0003133,0.0000007,0.0000002
26151,0.0003132,0.0000007,0.0000002
26152,0.0003132,0.0000007,0.0000002
26153,0.0003131,0.0000007,0.0000002
26154,0.0003131,0.0000007,0.0000002
26155,0.0003130,0.0000007,0.0000002
26156,0.0003130,0.0000007,0.0000002
26157,0.0003129,0.0000007,0.0000002
26158,0.0003129,0.0000007,0.0000002
26159,0.0003128,0.0000007,0.0000002
26160,0.0003128,0.0000007,0.0000002
26161,0.0003127,0.0000007,0.0000002
26162,0.0003127,0.0000007,0.0000002
26163,0.0003126,0.0000007,0.0000002
26164,0.0003125,0.0000007,0.0000002
26165,0.0003125,0.0000007,0.0000002
26166,0.0003124,0.0000007,0.0000002
26167,0.0003124,0.0000007,0.0000002
26168,0.0003123,0.0000007,0.0000002
26169,0.0003123,0.0000007,0.0000002
26170,0.0003122,0.0000007,0.0000002
26171,0.0003122,0.0000007,0.0000002
26172,0.0003121,0.0000007,0.0000002
26173,0.0003121,0.0000007,0.0000002
26174,0.0003120,0.0000007,0.0000002
26175,0.0003120,0.0000007,0.0000002
26176,0.0003119,0.0000007,0.0000002
26177,0.0003118,0.0000007,0.0000002
26178,0.0003118,0.0000007,0.0000002
26179,0.0003117,0.0000007,0.0000002
26180,0.0003117,0.0000007,0.0000002
26181,0.0003116,0.0000007,0.0000002
26182,0.0003116,0.0000007,0.0000002
26183,0.0003115,0.0000007,0.0000002
26184,0.0003115,0.0000007,0.0000002
26185,0.0003114,0.0000007,0.0000002
26186,0.0003114,0.0000007,0.0000002
26187,0.0003113,0.0000007,0.0000002
26188,0.0003113,0.0000007,0.0000002
26189,0.0003112,0.0000007,0.0000002
26190,0.0003112,0.0000007,0.0000002
26191,0.0003111,0.0000007,0.0000002
26192,0.0003110,0.0000007,0.0000002
26193,0.0003110,0.0000007,0.0000002
26194,0.0003109,0.0000007,0.0000002
26195,0.0003109,0.0000007,0.0000002
26196,0.0003108,0.0000007,0.0000002
26197,0.0003108,0.0000007,0.0000002
26198,0.0003107,0.0000007,0.0000002
26199,0.0003107,0.0000007,0.0000002
26200,0.0003106,0.0000007,0.0000002
26201,0.0003106,0.0000007,0.0000002
26202,0.0003105,0.0000007,0.0000002
26203,0.0003105,0.0000007,0.0000002
26204,0.0003104,0.0000007,0.0000002
26205,0.0003104,0.0000007,0.0000002
26206,0.0003103,0.0000007,0.0000002
26207,0.0003102,0.0000007,0.0000002
26208,0.0003102,0.0000007,0.0000002
26209,0.0003101,0.0000007,0.0000002
26210,0.0003101,0.0000007,0.0000002
26211,0.0003100,0.0000007,0.0000002
26212,0.0003100,0.0000007,0.0000002
26213,0.0003099,0.0000007,0.0000002
26214,0.0003099,0.0000007,0.0000002
26215,0.0003098,0.0000007,0.0000002
26216,0.0003098,0.0000007,0.0000002
26217,0.0003097,0.0000007,0.0000002
26218,0.0003097,0.0000007,0.0000002
26219,0.0003096,0.0000007,0.0000002
26220,0.0003096,0.0000007,0.0000002
26221,0.0003095,0.0000007,0.0000002
26222,0.0003094,0.0000007,0.0000002
26223,0.0003094,0.0000007,0.0000002
26224,0.0003093,0.0000007,0.0000002
26225,0.0003093,0.0000007,0.0000002
26226,0.0003092,0.0000007,0.0000002
26227,0.0003092,0.0000007,0.0000002
26228,0.0003091,0.0000007,0.0000002
26229,0.0003091,0.0000007,0.0000002
26230,0.0003090,0.0000007,0.0000002
26231,0.0003090,0.0000007,0.0000002
26232,0.0003089,0.0000007,0.0000002
26233,0.0003089,0.0000007,0.0000002
26234,0.0003088,0.0000007,0.0000002
26235,0.0003088,0.0000007,0.0000002
26236,0.0003087,0.0000007,0.0000002
26237,0.0003086,0.0000007,0.0000002
26238,0.0003086,0.0000007,0.0000002
26239,0.0003085,0.0000007,0.0000002
26240,0.0003085,0.0000007,0.0000002
26241,0.0003084,0.0000007,0.0000002
26242,0.0003084,0.0000007,0.0000002
26243,0.0003083,0.0000007,0.0000002
26244,0.0003083,0.0000007,0.0000002
26245,0.0003082,0.0000007,0.0000002
26246,0.0003082,0.0000007,0.0000002
26247,0.0003081,0.0000007,0.0000002
26248,0.0003081,0.0000007,0.0000002
26249,0.0003080,0.0000007,0.0000002
26250,0.0003080,0.0000007,0.0000002
26251,0.0003079,0.0000007,0.0000002
26252,0.0003079,0.0000007,0.0000002
26253,0.0003078,0.0000007,0.0000002
26254,0.0003077,0.0000007,0.0000002
26255,0.0003077,0.0000007,0.0000002
26256,0.0003076,0.0000007,0.0000002
26257,0.0003076,0.0000007,0.0000002
26258,0.0003075,0.0000007,0.0000002
26259,0.0003075,0.0000007,0.0000002
26260,0.0003074,0.0000007,0.0000002
26261,0.0003074,0.0000007,0.0000002
26262,0.0003073,0.0000007,0.0000002
26263,0.0003073,0.0000007,0.0000002
26264,0.0003072,0.0000007,0.0000002
26265,0.0003072,0.0000007,0.0000002
26266,0.0003071,0.0000007,0.0000002
26267,0.0003071,0.0000007,0.0000002
26268,0.0003070,0.0000007,0.0000002
26269,0.0003070,0.0000007,0.0000002
26270,0.0003069,0.0000007,0.0000002
26271,0.0003069,0.0000007,0.0000002
26272,0.0003068,0.0000007,0.0000002
26273,0.0003067,0.0000007,0.0000002
26274,0.0003067,0.0000007,0.0000002
26275,0.0003066,0.0000007,0.0000002
26276,0.0003066,0.0000007,0.0000002
26277,0.0003065,0.0000007,0.0000002
26278,0.0003065,0.0000007,0.0000002
26279,0.0003064,0.0000007,0.0000002
26280,0.0003064,0.0000007,0.0000002
26281,0.0003063,0.0000007,0.0000002
26282,0.0003063,0.0000007,0.0000002
26283,0.0003062,0.0000007,0.0000002
26284,0.0003062,0.0000007,0.0000002
26285,0.0003061,0.0000007,0.0000002
26286,0.0003061,0.0000007,0.0000002
26287,0.0003060,0.0000007,0.0000002
26288,0.0003060,0.0000007,0.0000002
26289,0.0003059,0.0000007,0.0000002
26290,0.0003059,0.0000007,0.0000002
26291,0.0003058,0.0000007,0.0000002
26292,0.0003057,0.0000007,0.0000002
26293,0.0003057,0.0000007,0.0000002
26294,0.0003056,0.0000007,0.0000002
26295,0.0003056,0.0000007,0.0000002
26296,0.0003055,0.0000007,0.0000002
26297,0.0003055,0.0000007,0.0000002
26298,0.0003054,0.0000007,0.0000002
26299,0.0003054,0.0000007,0.0000002
26300,0.0003053,0.0000007,0.0000002
26301,0.0003053,0.0000007,0.0000002
26302,0.0003052,0.0000007,0.0000002
26303,0.0003052,0.0000007,0.0000002
26304,0.0003051,0.0000007,0.0000002
26305,0.0003051,0.0000007,0.0000002
26306,0.0003050,0.0000007,0.0000002
26307,0.0003050,0.0000007,0.0000002
26308,0.0003049,0.0000007,0.0000002
26309,0.0003049,0.0000007,0.0000002
26310,0.0003048,0.0000007,0.0000002
26311,0.0003048,0.0000007,0.0000002
26312,0.0003047,0.0000007,0.0000002
26313,0.0003046,0.0000007,0.0000002
26314,0.0003046,0.0000007,0.0000002
26315,0.0003045,0.0000007,0.0000002
26316,0.0003045,0.0000007,0.0000002
26317,0.0003044,0.0000007,0.0000002
26318,0.0003044,0.0000007,0.0000002
26319,0.0003043,0.0000007,0.0000002
26320,0.0003043,0.0000007,0.0000002
26321,0.0003042,0.0000007,0.0000002
26322,0.0003042,0.0000007,0.0000002
26323,0.0003041,0.0000007,0.0000002
26324,0.0003041,0.0000007,0.0000002
26325,0.0003040,0.0000007,0.0000002
26326,0.0003040,0.0000007,0.0000002
26327,0.0003039,0.0000007,0.0000002
26328,0.0003039,0.0000007,0.0000002
26329,0.0003038,0.0000007,0.0000002
26330,0.0003038,0.0000007,0.0000002
26331,0.0003037,0.0000007,0.0000002
26332,0.0003037,0.0000007,0.0000002
26333,0.0003036,0.0000007,0.0000002
26334,0.0003035,0.0000007,0.0000002
26335,0.0003035,0.0000007,0.0000002
26336,0.0003034,0.0000007,0.0000002
26337,0.0003034,0.0000007,0.0000002
26338,0.0003033,0.0000007,0.0000002
26339,0.0003033,0.0000007,0.0000002
26340,0.0003032,0.0000007,0.0000002
26341,0.0003032,0.0000007,0.0000002
26342,0.0003031,0.0000007,0.0000002
26343,0.0003031,0.0000007,0.0000002
26344,0.0003030,0.0000007,0.0000002
26345,0.0003030,0.0000007,0.0000002
26346,0.0003029,0.0000007,0.0000002
26347,0.0003029,0.0000007,0.0000002
26348,0.0003028,0.0000007,0.0000002
26349,0.0003028,0.0000007,0.0000002
26350,0.0003027,0.0000007,0.0000002
26351,0.0003027,0.0000007,0.0000002
26352,0.0003026,0.0000007,0.0000002
26353,0.0003026,0.0000007,0.0000002
26354,0.0003025,0.0000007,0.0000002
26355,0.0003025,0.0000007,0.0000002
26356,0.0003024,0.0000007,0.0000002
26357,0.0003024,0.0000007,0.0000002
26358,0.0003023,0.0000007,0.0000002
26359,0.0003022,0.0000007,0.0000002
26360,0.0003022,0.0000007,0.0000002
26361,0.0003021,0.0000007,0.0000002
26362,0.0003021,0.0000007,0.0000002
26363,0.0003020,0.0000007,0.0000002
26364,0.0003020,0.0000007,0.0000002
26365,0.0003019,0.0000007,0.0000002
26366,0.0003019,0.0000007,0.0000002
26367,0.0003018,0.0000007,0.0000002
26368,0.0003018,0.0000007,0.0000002
26369,0.0003017,0.0000007,0.0000002
26370,0.0003017,0.0000007,0.0000002
26371,0.0003016,0.0000007,0.0000002
26372,0.0003016,0.0000007,0.0000002
26373,0.0003015,0.0000007,0.0000002
26374,0.0003015,0.0000007,0.0000002
26375,0.0003014,0.0000007,0.0000002
26376,0.0003014,0.0000007,0.0000002
26377,0.0003013,0.0000007,0.0000002
26378,0.0003013,0.0000007,0.0000002
26379,0.0003012,0.0000007,0.0000002
26380,0.0003012,0.0000007,0.0000002
26381,0.0003011,0.0000007,0.0000002
26382,0.0003011,0.0000007,0.0000002
26383,0.0003010,0.0000007,0.0000002
26384,0.0003010,0.0000007,0.0000002
26385,0.0003009,0.0000007,0.0000002
26386,0.0003009,0.0000007,0.0000002
26387,0.0003008,0.0000007,0.0000002
26388,0.0003007,0.0000007,0.0000002
26389,0.0003007,0.0000007,0.0000002
26390,0.0003006,0.0000007,0.0000002
26391,0.0003006,0.0000007,0.0000002
26392,0.0003005,0.0000007,0.0000002
26393,0.0003005,0.0000007,0.0000002
26394,0.0003004,0.0000007,0.0000002
26395,0.0003004,0.0000007,0.0000002
26396,0.0003003,0.0000007,0.0000002
26397,0.0003003,0.0000007,0.0000002
26398,0.0003002,0.0000007,0.0000002
26399,0.0003002,0.0000007,0.0000002
26400,0.0003001,0.0000007,0.0000002
26401,0.0003001,0.0000007,0.0000002
26402,0.0003000,0.0000007,0.0000002
26403,0.0003000,0.0000007,0.0000002
26404,0.0002999,0.0000007,0.0000002
26405,0.0002999,0.0000007,0.0000002
26406,0.0002998,0.0000007,0.0000002
26407,0.0002998,0.0000007,0.0000002
26408,0.0002997,0.0000007,0.0000002
26409,0.0002997,0.0000007,0.0000002
26410,0.0002996,0.0000007,0.0000002
26411,0.0002996,0.0000007,0.0000002
26412,0.0002995,0.0000007,0.0000002
26413,0.0002995,0.0000007,0.0000002
26414,0.0002994,0.0000007,0.0000002
26415,0.0002994,0.0000007,0.0000002
26416,0.0002993,0.0000007,0.0000002
26417,0.0002993,0.0000007,0.0000002
26418,0.0002992,0.0000007,0.0000002
26419,0.0002992,0.0000007,0.0000002
26420,0.0002991,0.0000007,0.0000002
26421,0.0002990,0.0000007,0.0000002
26422,0.0002990,0.0000007,0.0000002
26423,0.0002989,0.0000007,0.0000002
26424,0.0002989,0.0000007,0.0000002
26425,0.0002988,0.0000007,0.0000002
26426,0.0002988,0.0000007,0.0000002
26427,0.0002987,0.0000007,0.0000002
26428,0.0002987,0.0000007,0.0000002
26429,0.0002986,0.0000007,0.0000002
26430,0.0002986,0.0000007,0.0000002
26431,0.0002985,0.0000007,0.0000002
26432,0.0002985,0.0000007,0.0000002
26433,0.0002984,0.0000007,0.0000002
26434,0.0002984,0.0000007,0.0000002
26435,0.0002983,0.0000007,0.0000002
26436,0.0002983,0.0000007,0.0000002
26437,0.0002982,0.0000007,0.0000002
26438,0.0002982,0.0000007,0.0000002
26439,0.0002981,0.0000007,0.0000002
26440,0.0002981,0.0000007,0.0000002
26441,0.0002980,0.0000007,0.0000002
26442,0.0002980,0.0000007,0.0000002
26443,0.0002979,0.0000007,0.0000002
26444,0.0002979,0.0000007,0.0000002
26445,0.0002978,0.0000007,0.0000002
26446,0.0002978,0.0000007,0.0000002
26447,0.0002977,0.0000007,0.0000002
26448,0.0002977,0.0000007,0.0000002
26449,0.0002976,0.0000007,0.0000002
26450,0.0002976,0.0000007,0.0000002
26451,0.0002975,0.0000007,0.0000002
26452,0.0002975,0.0000007,0.0000002
26453,0.0002974,0.0000007,0.0000002
26454,0.0002974,0.0000007,0.0000002
26455,0.0002973,0.0000007,0.0000002
26456,0.0002973,0.0000007,0.0000002
26457,0.0002972,0.0000007,0.0000002
26458,0.0002972,0.0000007,0.0000002
26459,0.0002971,0.0000007,0.0000002
26460,0.0002971,0.0000007,0.0000002
26461,0.0002970,0.0000007,0.0000002
26462,0.0002970,0.0000007,0.0000002
26463,0.0002969,0.0000007,0.0000002
26464,0.0002969,0.0000007,0.0000002
26465,0.0002968,0.0000007,0.0000002
26466,0.0002967,0.0000007,0.0000002
26467,0.0002967,0.0000007,0.0000002
26468,0.0002966,0.0000007,0.0000002
26469,0.0002966,0.0000007,0.0000002
26470,0.0002965,0.0000007,0.0000002
26471,0.0002965,0.0000007,0.0000002
26472,0.0002964,0.0000007,0.0000002
26473,0.0002964,0.0000007,0.0000002
26474,0.0002963,0.0000007,0.0000002
26475,0.0002963,0.0000007,0.0000002
26476,0.0002962,0.0000007,0.0000002
26477,0.0002962,0.0000007,0.0000002
26478,0.0002961,0.0000007,0.0000002
26479,0.0002961,0.0000007,0.0000002
26480,0.0002960,0.0000007,0.0000002
26481,0.0002960,0.0000007,0.0000002
26482,0.0002959,0.0000007,0.0000002
26483,0.0002959,0.0000007,0.0000002
26484,0.0002958,0.0000007,0.0000002
26485,0.0002958,0.0000007,0.0000002
26486,0.0002957,0.0000007,0.0000002
26487,0.0002957,0.0000007,0.0000002
26488,0.0002956,0.0000007,0.0000002
26489,0.0002956,0.0000007,0.0000002
26490,0.0002955,0.0000007,0.0000002
26491,0.0002955,0.0000007,0.0000002
26492,0.0002954,0.0000007,0.0000002
26493,0.0002954,0.0000007,0.0000002
26494,0.0002953,0.0000007,0.0000002
26495,0.0002953,0.0000007,0.0000002
26496,0.0002952,0.0000007,0.0000002
26497,0.0002952,0.0000007,0.0000002
26498,0.0002951,0.0000007,0.0000002
26499,0.0002951,0.0000007,0.0000002
26500,0.0002950,0.0000007,0.0000002
26501,0.0002950,0.0000007,0.0000002
26502,0.0002949,0.0000007,0.0000002
26503,0.0002949,0.0000007,0.0000002
26504,0.0002948,0.0000007,0.0000002
26505,0.0002948,0.0000007,0.0000002
26506,0.0002947,0.0000007,0.0000002
26507,0.0002947,0.0000007,0.0000002
26508,0.0002946,0.0000007,0.0000002
26509,0.0002946,0.0000007,0.0000002
26510,0.0002945,0.0000007,0.0000002
26511,0.0002945,0.0000007,0.0000002
26512,0.0002944,0.0000007,0.0000002
26513,0.0002944,0.0000007,0.0000002
26514,0.0002943,0.0000007,0.0000002
26515,0.0002943,0.0000007,0.0000002
26516,0.0002942,0.0000007,0.0000002
26517,0.0002942,0.0000007,0.0000002
26518,0.0002941,0.0000007,0.0000002
26519,0.0002941,0.0000007,0.0000002
26520,0.0002940,0.0000007,0.0000002
26521,0.0002940,0.0000007,0.0000002
26522,0.0002939,0.0000007,0.0000002
26523,0.0002939,0.0000007,0.0000002
26524,0.0002938,0.0000007,0.0000002
26525,0.0002938,0.0000007,0.0000002
26526,0.0002937,0.0000007,0.0000002
26527,0.0002937,0.0000007,0.0000002
26528,0.0002936,0.0000007,0.0000002
26529,0.0002936,0.0000007,0.0000002
26530,0.0002935,0.0000007,0.0000002
26531,0.0002935,0.0000007,0.0000002
26532,0.0002934,0.0000007,0.0000002
26533,0.0002934,0.0000007,0.0000002
26534,0.0002933,0.0000007,0.0000002
26535,0.0002933,0.0000007,0.0000002
26536,0.0002932,0.0000007,0.0000002
26537,0.0002932,0.0000007,0.0000002
26538,0.0002931,0.0000007,0.0000002
26539,0.0002931,0.0000007,0.0000002
26540,0.0002930,0.0000007,0.0000002
26541,0.0002930,0.0000007,0.0000002
26542,0.0002929,0.0000007,0.0000002
26543,0.0002929,0.0000006,0.0000002
26544,0.0002928,0.0000006,0.0000002
26545,0.0002928,0.0000006,0.0000002
26546,0.0002927,0.0000006,0.0000002
26547,0.0002927,0.0000006,0.0000002
26548,0.0002926,0.0000006,0.0000002
26549,0.0002926,0.0000006,0.0000002
26550,0.0002925,0.0000006,0.0000002
26551,0.0002925,0.0000006,0.0000002
26552,0.0002924,0.0000006,0.0000002
26553,0.0002924,0.0000006,0.0000002
26554,0.0002923,0.0000006,0.0000002
26555,0.0002923,0.0000006,0.0000002
26556,0.0002922,0.0000006,0.0000002
26557,0.0002922,0.0000006,0.0000002
26558,0.0002921,0.0000006,0.0000002
26559,0.0002921,0.0000006,0.0000002
26560,0.0002920,0.0000006,0.0000002
26561,0.0002920,0.0000006,0.0000002
26562,0.0002919,0.0000006,0.0000002
26563,0.0002919,0.0000006,0.0000002
26564,0.0002918,0.0000006,0.0000002
26565,0.0002918,0.0000006,0.0000002
26566,0.0002917,0.0000006,0.0000002
26567,0.0002917,0.0000006,0.0000002
26568,0.0002916,0.0000006,0.0000002
26569,0.0002916,0.0000006,0.0000002
26570,0.0002915,0.0000006,0.0000002
26571,0.0002915,0.0000006,0.0000002
26572,0.0002914,0.0000006,0.0000002
26573,0.0002914,0.0000006,0.0000002
26574,0.0002913,0.0000006,0.0000002
26575,0.0002913,0.0000006,0.0000002
26576,0.0002912,0.0000006,0.0000002
26577,0.0002912,0.0000006,0.0000002
26578,0.0002911,0.0000006,0.0000002
26579,0.0002911,0.0000006,0.0000002
26580,0.0002910,0.0000006,0.0000002
26581,0.0002910,0.0000006,0.0000002
26582,0.0002909,0.0000006,0.0000002
26583,0.0002909,0.0000006,0.0000002
26584,0.0002908,0.0000006,0.0000002
26585,0.0002908,0.0000006,0.0000002
26586,0.0002907,0.0000006,0.0000002
26587,0.0002907,0.0000006,0.0000002
26588,0.0002906,0.0000006,0.0000002
26589,0.0002906,0.0000006,0.0000002
26590,0.0002905,0.0000006,0.0000002
26591,0.0002905,0.0000006,0.0000002
26592,0.0002904,0.0000006,0.0000002
26593,0.0002904,0.0000006,0.0000002
26594,0.0002903,0.0000006,0.0000002
26595,0.0002903,0.0000006,0.0000002
26596,0.0002902,0.0000006,0.0000002
26597,0.0002902,0.0000006,0.0000002
26598,0.0002901,0.0000006,0.0000002
26599,0.0002901,0.0000006,0.0000002
26600,0.0002900,0.0000006,0.0000002
26601,0.0002900,0.0000006,0.0000002
26602,0.0002899,0.0000006,0.0000002
26603,0.0002899,0.0000006,0.0000002
26604,0.0002898,0.0000006,0.0000002
26605,0.0002898,0.0000006,0.0000002
26606,0.0002897,0.0000006,0.0000002
26607,0.0002897,0.0000006,0.0000002
26608,0.0002896,0.0000006,0.0000002
26609,0.0002896,0.0000006,0.0000002
26610,0.0002895,0.0000006,0.0000002
26611,0.0002895,0.0000006,0.0000002
26612,0.0002894,0.0000006,0.0000002
26613,0.0002894,0.0000006,0.0000002
26614,0.0002893,0.0000006,0.0000002
26615,0.0002893,0.0000006,0.0000002
26616,0.0002892,0.0000006,0.0000002
26617,0.0002892,0.0000006,0.0000002
26618,0.0002891,0.0000006,0.0000002
26619,0.0002891,0.0000006,0.0000002
26620,0.0002890,0.0000006,0.0000002
26621,0.0002890,0.0000006,0.0000002
26622,0.0002889,0.0000006,0.0000002
26623,0.0002889,0.0000006,0.0000002
26624,0.0002888,0.0000006,0.0000002
26625,0.0002888,0.0000006,0.0000002
26626,0.0002887,0.0000006,0.0000002
26627,0.0002887,0.0000006,0.0000002
26628,0.0002886,0.0000006,0.0000002
26629,0.0002886,0.0000006,0.0000002
26630,0.0002885,0.0000006,0.0000002
26631,0.0002885,0.0000006,0.0000002
26632,0.0002884,0.0000006,0.0000002
26633,0.0002884,0.0000006,0.0000002
26634,0.0002883,0.0000006,0.0000002
26635,0.0002883,0.0000006,0.0000002
26636,0.0002882,0.0000006,0.0000002
26637,0.0002882,0.0000006,0.0000002
26638,0.0002881,0.0000006,0.0000002
26639,0.0002881,0.0000006,0.0000002
26640,0.0002880,0.0000006,0.0000002
26641,0.0002880,0.0000006,0.0000002
26642,0.0002879,0.0000006,0.0000002
26643,0.0002879,0.0000006,0.0000002
26644,0.0002878,0.0000006,0.0000002
26645,0.0002878,0.0000006,0.0000002
26646,0.0002877,0.0000006,0.0000002
26647,0.0002877,0.0000006,0.0000002
26648,0.0002876,0.0000006,0.0000002
26649,0.0002876,0.0000006,0.0000002
26650,0.0002875,0.0000006,0.0000002
26651,0.0002875,0.0000006,0.0000002
26652,0.0002874,0.0000006,0.0000002
26653,0.0002874,0.0000006,0.0000002
26654,0.0002873,0.0000006,0.0000002
26655,0.0002873,0.0000006,0.0000002
26656,0.0002872,0.0000006,0.0000002
26657,0.0002872,0.0000006,0.0000002
26658,0.0002871,0.0000006,0.0000002
26659,0.0002871,0.0000006,0.0000002
26660,0.0002870,0.0000006,0.0000002
26661,0.0002870,0.0000006,0.0000002
26662,0.0002869,0.0000006,0.0000002
26663,0.0002869,0.0000006,0.0000002
26664,0.0002868,0.0000006,0.0000002
26665,0.0002868,0.0000006,0.0000002
26666,0.0002868,0.0000006,0.0000002
26667,0.0002867,0.0000006,0.0000002
26668,0.0002867,0.0000006,0.0000002
26669,0.0002866,0.0000006,0.0000002
26670,0.0002866,0.0000006,0.0000002
26671,0.0002865,0.0000006,0.0000002
26672,0.0002865,0.0000006,0.0000002
26673,0.0002864,0.0000006,0.0000002
26674,0.0002864,0.0000006,0.0000002
26675,0.0002863,0.0000006,0.0000002
26676,0.0002863,0.0000006,0.0000002
26677,0.0002862,0.0000006,0.0000002
26678,0.0002862,0.0000006,0.0000002
26679,0.0002861,0.0000006,0.0000002
26680,0.0002861,0.0000006,0.0000002
26681,0.0002860,0.0000006,0.0000002
26682,0.0002860,0.0000006,0.0000002
26683,0.0002859,0.0000006,0.0000002
26684,0.0002859,0.0000006,0.0000002
26685,0.0002858,0.0000006,0.0000002
26686,0.0002858,0.0000006,0.0000002
26687,0.0002857,0.0000006,0.0000002
26688,0.0002857,0.0000006,0.0000002
26689,0.0002856,0.0000006,0.0000002
26690,0.0002856,0.0000006,0.0000002
26691,0.0002855,0.0000006,0.0000002
26692,0.0002855,0.0000006,0.0000002
26693,0.0002854,0.0000006,0.0000002
26694,0.0002854,0.0000006,0.0000002
26695,0.0002853,0.0000006,0.0000002
26696,0.0002853,0.0000006,0.0000002
26697,0.0002852,0.0000006,0.0000002
26698,0.0002852,0.0000006,0.0000002
26699,0.0002851,0.0000006,0.0000002
26700,0.0002851,0.0000006,0.0000002
26701,0.0002850,0.0000006,0.0000002
26702,0.0002850,0.0000006,0.0000002
26703,0.0002849,0.0000006,0.0000002
26704,0.0002849,0.0000006,0.0000002
26705,0.0002848,0.0000006,0.0000002
26706,0.0002848,0.0000006,0.0000002
26707,0.0002847,0.0000006,0.0000002
26708,0.0002847,0.0000006,0.0000002
26709,0.0002846,0.0000006,0.0000002
26710,0.0002846,0.0000006,0.0000002
26711,0.0002845,0.0000006,0.0000002
26712,0.0002845,0.0000006,0.0000002
26713,0.0002845,0.0000006,0.0000002
26714,0.0002844,0.0000006,0.0000002
26715,0.0002844,0.0000006,0.0000002
26716,0.0002843,0.0000006,0.0000002
26717,0.0002843,0.0000006,0.0000002
26718,0.0002842,0.0000006,0.0000002
26719,0.0002842,0.0000006,0.0000002
26720,0.0002841,0.0000006,0.0000002
26721,0.0002841,0.0000006,0.0000002
26722,0.0002840,0.0000006,0.0000002
26723,0.0002840,0.0000006,0.0000002
26724,0.0002839,0.0000006,0.0000002
26725,0.0002839,0.0000006,0.0000002
26726,0.0002838,0.0000006,0.0000002
26727,0.0002838,0.0000006,0.0000002
26728,0.0002837,0.0000006,0.0000002
26729,0.0002837,0.0000006,0.0000002
26730,0.0002836,0.0000006,0.0000002
26731,0.0002836,0.0000006,0.0000002
26732,0.0002835,0.0000006,0.0000002
26733,0.0002835,0.0000006,0.0000002
26734,0.0002834,0.0000006,0.0000002
26735,0.0002834,0.0000006,0.0000002
26736,0.0002833,0.0000006,0.0000002
26737,0.0002833,0.0000006,0.0000002
26738,0.0002832,0.0000006,0.0000002
26739,0.0002832,0.0000006,0.0000002
26740,0.0002831,0.0000006,0.0000002
26741,0.0002831,0.0000006,0.0000002
26742,0.0002830,0.0000006,0.0000002
26743,0.0002830,0.0000006,0.0000002
26744,0.0002829,0.0000006,0.0000002
26745,0.0002829,0.0000006,0.0000002
26746,0.0002828,0.0000006,0.0000002
26747,0.0002828,0.0000006,0.0000002
26748,0.0002828,0.0000006,0.0000002
26749,0.0002827,0.0000006,0.0000002
26750,0.0002827,0.0000006,0.0000002
26751,0.0002826,0.0000006,0.0000002
26752,0.0002826,0.0000006,0.0000002
26753,0.0002825,0.0000006,0.0000002
26754,0.0002825,0.0000006,0.0000002
26755,0.0002824,0.0000006,0.0000002
26756,0.0002824,0.0000006,0.0000002
26757,0.0002823,0.0000006,0.0000002
26758,0.0002823,0.0000006,0.0000002
26759,0.0002822,0.0000006,0.0000002
26760,0.0002822,0.0000006,0.0000002
26761,0.0002821,0.0000006,0.0000002
26762,0.0002821,0.0000006,0.0000002
26763,0.0002820,0.0000006,0.0000002
26764,0.0002820,0.0000006,0.0000002
26765,0.0002819,0.0000006,0.0000002
26766,0.0002819,0.0000006,0.0000002
26767,0.0002818,0.0000006,0.0000002
26768,0.0002818,0.0000006,0.0000002
26769,0.0002817,0.0000006,0.0000002
26770,0.0002817,0.0000006,0.0000002
26771,0.0002816,0.0000006,0.0000002
26772,0.0002816,0.0000006,0.0000002
26773,0.0002815,0.0000006,0.0000002
26774,0.0002815,0.0000006,0.0000002
26775,0.0002814,0.0000006,0.0000002
26776,0.0002814,0.0000006,0.0000002
26777,0.0002814,0.0000006,0.0000002
26778,0.0002813,0.0000006,0.0000002
26779,0.0002813,0.0000006,0.0000002
26780,0.0002812,0.0000006,0.0000002
26781,0.0002812,0.0000006,0.0000002
26782,0.0002811,0.0000006,0.0000002
26783,0.0002811,0.0000006,0.0000002
26784,0.0002810,0.0000006,0.0000002
26785,0.0002810,0.0000006,0.0000002
26786,0.0002809,0.0000006,0.0000002
26787,0.0002809,0.0000006,0.0000002
26788,0.0002808,0.0000006,0.0000002
26789,0.0002808,0.0000006,0.0000002
26790,0.0002807,0.0000006,0.0000002
26791,0.0002807,0.0000006,0.0000002
26792,0.0002806,0.0000006,0.0000002
26793,0.0002806,0.0000006,0.0000002
26794,0.0002805,0.0000006,0.0000002
26795,0.0002805,0.0000006,0.0000002
26796,0.0002804,0.0000006,0.0000002
26797,0.0002804,0.0000006,0.0000002
26798,0.0002803,0.0000006,0.0000002
26799,0.0002803,0.0000006,0.0000002
26800,0.0002802,0.0000006,0.0000002
26801,0.0002802,0.0000006,0.0000002
26802,0.0002802,0.0000006,0.0000002
26803,0.0002801,0.0000006,0.0000002
26804,0.0002801,0.0000006,0.0000002
26805,0.0002800,0.0000006,0.0000002
26806,0.0002800,0.0000006,0.0000002
26807,0.0002799,0.0000006,0.0000002
26808,0.0002799,0.0000006,0.0000002
26809,0.0002798,0.0000006,0.0000002
26810,0.0002798,0.0000006,0.0000002
26811,0.0002797,0.0000006,0.0000002
26812,0.0002797,0.0000006,0.0000002
26813,0.0002796,0.0000006,0.0000002
26814,0.0002796,0.0000006,0.0000002
26815,0.0002795,0.0000006,0.0000002
26816,0.0002795,0.0000006,0.0000002
26817,0.0002794,0.0000006,0.0000002
26818,0.0002794,0.0000006,0.0000002
26819,0.0002793,0.0000006,0.0000002
26820,0.0002793,0.0000006,0.0000002
26821,0.0002792,0.0000006,0.0000002
26822,0.0002792,0.0000006,0.0000002
26823,0.0002791,0.0000006,0.0000002
26824,0.0002791,0.0000006,0.0000002
26825,0.0002791,0.0000006,0.0000002
26826,0.0002790,0.0000006,0.0000002
26827,0.0002790,0.0000006,0.0000002
26828,0.0002789,0.0000006,0.0000002
26829,0.0002789,0.0000006,0.0000002
26830,0.0002788,0.0000006,0.0000002
26831,0.0002788,0.0000006,0.0000002
26832,0.0002787,0.0000006,0.0000002
26833,0.0002787,0.0000006,0.0000002
26834,0.0002786,0.0000006,0.0000002
26835,0.0002786,0.0000006,0.0000002
26836,0.0002785,0.0000006,0.0000002
26837,0.0002785,0.0000006,0.0000002
26838,0.0002784,0.0000006,0.0000002
26839,0.0002784,0.0000006,0.0000002
26840,0.0002783,0.0000006,0.0000002
26841,0.0002783,0.0000006,0.0000002
26842,0.0002782,0.0000006,0.0000002
26843,0.0002782,0.0000006,0.0000002
26844,0.0002781,0.0000006,0.0000002
26845,0.0002781,0.0000006,0.0000002
26846,0.0002781,0.0000006,0.0000002
26847,0.0002780,0.0000006,0.0000002
26848,0.0002780,0.0000006,0.0000002
26849,0.0002779,0.0000006,0.0000002
26850,0.0002779,0.0000006,0.0000002
26851,0.0002778,0.0000006,0.0000002
26852,0.0002778,0.0000006,0.0000002
26853,0.0002777,0.0000006,0.0000002
26854,0.0002777,0.0000006,0.0000002
26855,0.0002776,0.0000006,0.0000002
26856,0.0002776,0.0000006,0.0000002
26857,0.0002775,0.0000006,0.0000002
26858,0.0002775,0.0000006,0.0000002
26859,0.0002774,0.0000006,0.0000002
26860,0.0002774,0.0000006,0.0000002
26861,0.0002773,0.0000006,0.0000002
26862,0.0002773,0.0000006,0.0000002
26863,0.0002772,0.0000006,0.0000002
26864,0.0002772,0.0000006,0.0000002
26865,0.0002772,0.0000006,0.0000002
26866,0.0002771,0.0000006,0.0000002
26867,0.0002771,0.0000006,0.0000002
26868,0.0002770,0.0000006,0.0000002
26869,0.0002770,0.0000006,0.0000002
26870,0.0002769,0.0000006,0.0000002
26871,0.0002769,0.0000006,0.0000002
26872,0.0002768,0.0000006,0.0000002
26873,0.0002768,0.0000006,0.0000002
26874,0.0002767,0.0000006,0.0000002
26875,0.0002767,0.0000006,0.0000002
26876,0.0002766,0.0000006,0.0000002
26877,0.0002766,0.0000006,0.0000002
26878,0.0002765,0.0000006,0.0000002
26879,0.0002765,0.0000006,0.0000002
26880,0.0002764,0.0000006,0.0000002
26881,0.0002764,0.0000006,0.0000002
26882,0.0002763,0.0000006,0.0000002
26883,0.0002763,0.0000006,0.0000002
26884,0.0002763,0.0000006,0.0000002
26885,0.0002762,0.0000006,0.0000002
26886,0.0002762,0.0000006,0.0000002
26887,0.0002761,0.0000006,0.0000002
26888,0.0002761,0.0000006,0.0000002
26889,0.0002760,0.0000006,0.0000002
26890,0.0002760,0.0000006,0.0000002
26891,0.0002759,0.0000006,0.0000002
26892,0.0002759,0.0000006,0.0000002
26893,0.0002758,0.0000006,0.0000002
26894,0.0002758,0.0000006,0.0000002
26895,0.0002757,0.0000006,0.0000002
26896,0.0002757,0.0000006,0.0000002
26897,0.0002756,0.0000006,0.0000002
26898,0.0002756,0.0000006,0.0000002
26899,0.0002755,0.0000006,0.0000002
26900,0.0002755,0.0000006,0.0000002
26901,0.0002755,0.0000006,0.0000002
26902,0.0002754,0.0000006,0.0000002
26903,0.0002754,0.0000006,0.0000002
26904,0.0002753,0.0000006,0.0000002
26905,0.0002753,0.0000006,0.0000002
26906,0.0002752,0.0000006,0.0000002
26907,0.0002752,0.0000006,0.0000002
26908,0.0002751,0.0000006,0.0000002
26909,0.0002751,0.0000006,0.0000002
26910,0.0002750,0.0000006,0.0000002
26911,0.0002750,0.0000006,0.0000002
26912,0.0002749,0.0000006,0.0000002
26913,0.0002749,0.0000006,0.0000002
26914,0.0002748,0.0000006,0.0000002
26915,0.0002748,0.0000006,0.0000002
26916,0.0002747,0.0000006,0.0000002
26917,0.0002747,0.0000006,0.0000002
26918,0.0002747,0.0000006,0.0000002
26919,0.0002746,0.0000006,0.0000002
26920,0.0002746,0.0000006,0.0000002
26921,0.0002745,0.0000006,0.0000002
26922,0.0002745,0.0000006,0.0000002
26923,0.0002744,0.0000006,0.0000002
26924,0.0002744,0.0000006,0.0000002
26925,0.0002743,0.0000006,0.0000002
26926,0.0002743,0.0000006,0.0000002
26927,0.0002742,0.0000006,0.0000002
26928,0.0002742,0.0000006,0.0000002
26929,0.0002741,0.0000006,0.0000002
26930,0.0002741,0.0000006,0.0000002
26931,0.0002740,0.0000006,0.0000002
26932,0.0002740,0.0000006,0.0000002
26933,0.0002739,0.0000006,0.0000002
26934,0.0002739,0.0000006,0.0000002
26935,0.0002739,0.0000006,0.0000002
26936,0.0002738,0.0000006,0.0000002
26937,0.0002738,0.0000006,0.0000002
26938,0.0002737,0.0000006,0.0000002
26939,0.0002737,0.0000006,0.0000002
26940,0.0002736,0.0000006,0.0000002
26941,0.0002736,0.0000006,0.0000002
26942,0.0002735,0.0000006,0.0000002
26943,0.0002735,0.0000006,0.0000002
26944,0.0002734,0.0000006,0.0000002
26945,0.0002734,0.0000006,0.0000002
26946,0.0002733,0.0000006,0.0000002
26947,0.0002733,0.0000006,0.0000002
26948,0.0002732,0.0000006,0.0000002
26949,0.0002732,0.0000006,0.0000002
26950,0.0002732,0.0000006,0.0000002
26951,0.0002731,0.0000006,0.0000002
26952,0.0002731,0.0000006,0.0000002
26953,0.0002730,0.0000006,0.0000002
26954,0.0002730,0.0000006,0.0000002
26955,0.0002729,0.0000006,0.0000002
26956,0.0002729,0.0000006,0.0000002
26957,0.0002728,0.0000006,0.0000002
26958,0.0002728,0.0000006,0.0000002
26959,0.0002727,0.0000006,0.0000002
26960,0.0002727,0.0000006,0.0000002
26961,0.0002726,0.0000006,0.0000002
26962,0.0002726,0.0000006,0.0000002
26963,0.0002725,0.0000006,0.0000002
26964,0.0002725,0.0000006,0.0000002
26965,0.0002725,0.0000006,0.0000002
26966,0.0002724,0.0000006,0.0000002
26967,0.0002724,0.0000006,0.0000002
26968,0.0002723,0.0000006,0.0000002
26969,0.0002723,0.0000006,0.0000002
26970,0.0002722,0.0000006,0.0000002
26971,0.0002722,0.0000006,0.0000002
26972,0.0002721,0.0000006,0.0000002
26973,0.0002721,0.0000006,0.0000002
26974,0.0002720,0.0000006,0.0000002
26975,0.0002720,0.0000006,0.0000002
26976,0.0002719,0.0000006,0.0000002
26977,0.0002719,0.0000006,0.0000002
26978,0.0002719,0.0000006,0.0000002
26979,0.0002718,0.0000006,0.0000002
26980,0.0002718,0.0000006,0.0000002
26981,0.0002717,0.0000006,0.0000002
26982,0.0002717,0.0000006,0.0000002
26983,0.0002716,0.0000006,0.0000002
26984,0.0002716,0.0000006,0.0000002
26985,0.0002715,0.0000006,0.0000002
26986,0.0002715,0.0000006,0.0000002
26987,0.0002714,0.0000006,0.0000002
26988,0.0002714,0.0000006,0.0000002
26989,0.0002713,0.0000006,0.0000002
26990,0.0002713,0.0000006,0.0000002
26991,0.0002712,0.0000006,0.0000002
26992,0.0002712,0.0000006,0.0000002
26993,0.0002712,0.0000006,0.0000002
26994,0.0002711,0.0000006,0.0000002
26995,0.0002711,0.0000006,0.0000002
26996,0.0002710,0.0000006,0.0000002
26997,0.0002710,0.0000006,0.0000002
26998,0.0002709,0.0000006,0.0000002
26999,0.0002709,0.0000006,0.0000002
27000,0.0002708,0.0000006,0.0000002
27001,0.0002708,0.0000006,0.0000002
27002,0.0002707,0.0000006,0.0000002
27003,0.0002707,0.0000006,0.0000002
27004,0.0002706,0.0000006,0.0000002
27005,0.0002706,0.0000006,0.0000002
27006,0.0002706,0.0000006,0.0000002
27007,0.0002705,0.0000006,0.0000002
27008,0.0002705,0.0000006,0.0000002
27009,0.0002704,0.0000006,0.0000002
27010,0.0002704,0.0000006,0.0000002
27011,0.0002703,0.0000006,0.0000002
27012,0.0002703,0.0000006,0.0000002
27013,0.0002702,0.0000006,0.0000002
27014,0.0002702,0.0000006,0.0000002
27015,0.0002701,0.0000006,0.0000002
27016,0.0002701,0.0000006,0.0000002
27017,0.0002700,0.0000006,0.0000002
27018,0.0002700,0.0000006,0.0000002
27019,0.0002700,0.0000006,0.0000002
27020,0.0002699,0.0000006,0.0000002
27021,0.0002699,0.0000006,0.0000002
27022,0.0002698,0.0000006,0.0000002
27023,0.0002698,0.0000006,0.0000002
27024,0.0002697,0.0000006,0.0000002
27025,0.0002697,0.0000006,0.0000002
27026,0.0002696,0.0000006,0.0000002
27027,0.0002696,0.0000006,0.0000002
27028,0.0002695,0.0000006,0.0000002
27029,0.0002695,0.0000006,0.0000002
27030,0.0002694,0.0000006,0.0000002
27031,0.0002694,0.0000006,0.0000002
27032,0.0002694,0.0000006,0.0000002
27033,0.0002693,0.0000006,0.0000002
27034,0.0002693,0.0000006,0.0000002
27035,0.0002692,0.0000006,0.0000002
27036,0.0002692,0.0000006,0.0000002
27037,0.0002691,0.0000006,0.0000002
27038,0.0002691,0.0000006,0.0000002
27039,0.0002690,0.0000006,0.0000002
27040,0.0002690,0.0000006,0.0000002
27041,0.0002689,0.0000006,0.0000002
27042,0.0002689,0.0000006,0.0000002
27043,0.0002688,0.0000006,0.0000002
27044,0.0002688,0.0000006,0.0000002
27045,0.0002688,0.0000006,0.0000002
27046,0.0002687,0.0000006,0.0000002
27047,0.0002687,0.0000006,0.0000002
27048,0.0002686,0.0000006,0.0000002
27049,0.0002686,0.0000006,0.0000002
27050,0.0002685,0.0000006,0.0000002
27051,0.0002685,0.0000006,0.0000002
27052,0.0002684,0.0000006,0.0000002
27053,0.0002684,0.0000006,0.0000002
27054,0.0002683,0.0000006,0.0000002
27055,0.0002683,0.0000006,0.0000002
27056,0.0002683,0.0000006,0.0000002
27057,0.0002682,0.0000006,0.0000002
27058,0.0002682,0.0000006,0.0000002
27059,0.0002681,0.0000006,0.0000002
27060,0.0002681,0.0000006,0.0000002
27061,0.0002680,0.0000006,0.0000002
27062,0.0002680,0.0000006,0.0000002
27063,0.0002679,0.0000006,0.0000002
27064,0.0002679,0.0000006,0.0000002
27065,0.0002678,0.0000006,0.0000002
27066,0.0002678,0.0000006,0.0000002
27067,0.0002677,0.0000006,0.0000002
27068,0.0002677,0.0000006,0.0000002
27069,0.0002677,0.0000006,0.0000002
27070,0.0002676,0.0000006,0.0000002
27071,0.0002676,0.0000006,0.0000002
27072,0.0002675,0.0000006,0.0000002
27073,0.0002675,0.0000006,0.0000002
27074,0.0002674,0.0000006,0.0000002
27075,0.0002674,0.0000006,0.0000002
27076,0.0002673,0.0000006,0.0000002
27077,0.0002673,0.0000006,0.0000002
27078,0.0002672,0.0000006,0.0000002
27079,0.0002672,0.0000006,0.0000002
27080,0.0002672,0.0000006,0.0000002
27081,0.0002671,0.0000006,0.0000002
27082,0.0002671,0.0000006,0.0000002
27083,0.0002670,0.0000006,0.0000002
27084,0.0002670,0.0000006,0.0000002
27085,0.0002669,0.0000006,0.0000002
27086,0.0002669,0.0000006,0.0000002
27087,0.0002668,0.0000006,0.0000002
27088,0.0002668,0.0000006,0.0000002
27089,0.0002667,0.0000006,0.0000002
27090,0.0002667,0.0000006,0.0000002
27091,0.0002667,0.0000006,0.0000002
27092,0.0002666,0.0000006,0.0000002
27093,0.0002666,0.0000006,0.0000002
27094,0.0002665,0.0000006,0.0000002
27095,0.0002665,0.0000006,0.0000002
27096,0.0002664,0.0000006,0.0000002
27097,0.0002664,0.0000006,0.0000002
27098,0.0002663,0.0000006,0.0000002
27099,0.0002663,0.0000006,0.0000002
27100,0.0002662,0.0000006,0.0000002
27101,0.0002662,0.0000006,0.0000002
27102,0.0002662,0.0000006,0.0000002
27103,0.0002661,0.0000006,0.0000002
27104,0.0002661,0.0000006,0.0000002
27105,0.0002660,0.0000006,0.0000002
27106,0.0002660,0.0000006,0.0000002
27107,0.0002659,0.0000006,0.0000002
27108,0.0002659,0.0000006,0.0000002
27109,0.0002658,0.0000006,0.0000002
27110,0.0002658,0.0000006,0.0000002
27111,0.0002657,0.0000006,0.0000002
27112,0.0002657,0.0000006,0.0000002
27113,0.0002657,0.0000006,0.0000002
27114,0.0002656,0.0000006,0.0000002
27115,0.0002656,0.0000006,0.0000002
27116,0.0002655,0.0000006,0.0000002
27117,0.0002655,0.0000006,0.0000002
27118,0.0002654,0.0000006,0.0000002
27119,0.0002654,0.0000006,0.0000002
27120,0.0002653,0.0000006,0.0000002
27121,0.0002653,0.0000006,0.0000002
27122,0.0002652,0.0000006,0.0000002
27123,0.0002652,0.0000006,0.0000002
27124,0.0002652,0.0000006,0.0000002
27125,0.0002651,0.0000006,0.0000002
27126,0.0002651,0.0000006,0.0000002
27127,0.0002650,0.0000006,0.0000002
27128,0.0002650,0.0000006,0.0000002
27129,0.0002649,0.0000006,0.0000002
27130,0.0002649,0.0000006,0.0000002
27131,0.0002648,0.0000006,0.0000002
27132,0.0002648,0.0000006,0.0000002
27133,0.0002648,0.0000006,0.0000002
27134,0.0002647,0.0000006,0.0000002
27135,0.0002647,0.0000006,0.0000002
27136,0.0002646,0.0000006,0.0000002
27137,0.0002646,0.0000006,0.0000002
27138,0.0002645,0.0000006,0.0000002
27139,0.0002645,0.0000006,0.0000002
27140,0.0002644,0.0000006,0.0000002
27141,0.0002644,0.0000006,0.0000002
27142,0.0002643,0.0000006,0.0000002
27143,0.0002643,0.0000006,0.0000002
27144,0.0002643,0.0000006,0.0000002
27145,0.0002642,0.0000006,0.0000002
27146,0.0002642,0.0000006,0.0000002
27147,0.0002641,0.0000006,0.0000002
27148,0.0002641,0.0000006,0.0000002
27149,0.0002640,0.0000006,0.0000002
27150,0.0002640,0.0000006,0.0000002
27151,0.0002639,0.0000006,0.0000002
27152,0.0002639,0.0000006,0.0000002
27153,0.0002638,0.0000006,0.0000002
27154,0.0002638,0.0000006,0.0000002
27155,0.0002638,0.0000006,0.0000002
27156,0.0002637,0.0000006,0.0000002
27157,0.0002637,0.0000006,0.0000002
27158,0.0002636,0.0000006,0.0000002
27159,0.0002636,0.0000006,0.0000002
27160,0.0002635,0.0000006,0.0000002
27161,0.0002635,0.0000006,0.0000002
27162,0.0002634,0.0000006,0.0000002
27163,0.0002634,0.0000006,0.0000002
27164,0.0002634,0.0000006,0.0000002
27165,0.0002633,0.0000006,0.0000002
27166,0.0002633,0.0000006,0.0000002
27167,0.0002632,0.0000006,0.0000002
27168,0.0002632,0.0000006,0.0000002
27169,0.0002631,0.0000006,0.0000002
27170,0.0002631,0.0000006,0.0000002
27171,0.0002630,0.0000006,0.0000002
27172,0.0002630,0.0000006,0.0000002
27173,0.0002630,0.0000006,0.0000002
27174,0.0002629,0.0000006,0.0000002
27175,0.0002629,0.0000006,0.0000002
27176,0.0002628,0.0000006,0.0000002
27177,0.0002628,0.0000006,0.0000002
27178,0.0002627,0.0000006,0.0000002
27179,0.0002627,0.0000006,0.0000002
27180,0.0002626,0.0000006,0.0000002
27181,0.0002626,0.0000006,0.0000002
27182,0.0002625,0.0000006,0.0000002
27183,0.0002625,0.0000006,0.0000002
27184,0.0002625,0.0000006,0.0000002
27185,0.0002624,0.0000006,0.0000002
27186,0.0002624,0.0000006,0.0000002
27187,0.0002623,0.0000006,0.0000002
27188,0.0002623,0.0000006,0.0000002
27189,0.0002622,0.0000006,0.0000002
27190,0.0002622,0.0000006,0.0000002
27191,0.0002621,0.0000006,0.0000002
27192,0.0002621,0.0000006,0.0000002
27193,0.0002621,0.0000006,0.0000002
27194,0.0002620,0.0000006,0.0000002
27195,0.0002620,0.0000006,0.0000002
27196,0.0002619,0.0000006,0.0000002
27197,0.0002619,0.0000006,0.0000002
27198,0.0002618,0.0000006,0.0000002
27199,0.0002618,0.0000006,0.0000002
27200,0.0002617,0.0000006,0.0000002
27201,0.0002617,0.0000006,0.0000002
27202,0.0002617,0.0000006,0.0000002
27203,0.0002616,0.0000006,0.0000002
27204,0.0002616,0.0000006,0.0000002
27205,0.0002615,0.0000006,0.0000002
27206,0.0002615,0.0000006,0.0000002
27207,0.0002614,0.0000006,0.0000002
27208,0.0002614,0.0000006,0.0000002
27209,0.0002613,0.0000006,0.0000002
27210,0.0002613,0.0000006,0.0000002
27211,0.0002613,0.0000006,0.0000002
27212,0.0002612,0.0000006,0.0000002
27213,0.0002612,0.0000006,0.0000002
27214,0.0002611,0.0000006,0.0000002
27215,0.0002611,0.0000006,0.0000002
27216,0.0002610,0.0000006,0.0000002
27217,0.0002610,0.0000006,0.0000002
27218,0.0002609,0.0000006,0.0000002
27219,0.0002609,0.0000006,0.0000002
27220,0.0002609,0.0000006,0.0000002
27221,0.0002608,0.0000006,0.0000002
27222,0.0002608,0.0000006,0.0000002
27223,0.0002607,0.0000006,0.0000002
27224,0.0002607,0.0000006,0.0000002
27225,0.0002606,0.0000006,0.0000002
27226,0.0002606,0.0000006,0.0000002
27227,0.0002605,0.0000006,0.0000002
27228,0.0002605,0.0000006,0.0000002
27229,0.0002605,0.0000006,0.0000002
27230,0.0002604,0.0000006,0.0000002
27231,0.0002604,0.0000006,0.0000002
27232,0.0002603,0.0000006,0.0000002
27233,0.0002603,0.0000006,0.0000002
27234,0.0002602,0.0000006,0.0000002
27235,0.0002602,0.0000006,0.0000002
27236,0.0002601,0.0000006,0.0000002
27237,0.0002601,0.0000006,0.0000002
27238,0.0002601,0.0000006,0.0000002
27239,0.0002600,0.0000006,0.0000002
27240,0.0002600,0.0000006,0.0000002
27241,0.0002599,0.0000006,0.0000002
27242,0.0002599,0.0000006,0.0000002
27243,0.0002598,0.0000006,0.0000002
27244,0.0002598,0.0000006,0.0000002
27245,0.0002597,0.0000006,0.0000002
27246,0.0002597,0.0000006,0.0000002
27247,0.0002597,0.0000006,0.0000002
27248,0.0002596,0.0000006,0.0000002
27249,0.0002596,0.0000006,0.0000002
27250,0.0002595,0.0000006,0.0000002
27251,0.0002595,0.0000006,0.0000002
27252,0.0002594,0.0000006,0.0000002
27253,0.0002594,0.0000006,0.0000002
27254,0.0002593,0.0000006,0.0000002
27255,0.0002593,0.0000006,0.0000002
27256,0.0002593,0.0000006,0.0000002
27257,0.0002592,0.0000006,0.0000002
27258,0.0002592,0.0000006,0.0000002
27259,0.0002591,0.0000006,0.0000002
27260,0.0002591,0.0000006,0.0000002
27261,0.0002590,0.0000006,0.0000002
27262,0.0002590,0.0000006,0.0000002
27263,0.0002589,0.0000006,0.0000002
27264,0.0002589,0.0000006,0.0000002
27265,0.0002589,0.0000006,0.0000002
27266,0.0002588,0.0000006,0.0000002
27267,0.0002588,0.0000006,0.0000002
27268,0.0002587,0.0000006,0.0000002
27269,0.0002587,0.0000006,0.0000002
27270,0.0002586,0.0000006,0.0000002
27271,0.0002586,0.0000006,0.0000002
27272,0.0002586,0.0000006,0.0000002
27273,0.0002585,0.0000006,0.0000002
27274,0.0002585,0.0000006,0.0000002
27275,0.0002584,0.0000006,0.0000002
27276,0.0002584,0.0000006,0.0000002
27277,0.0002583,0.0000006,0.0000002
27278,0.0002583,0.0000006,0.0000002
27279,0.0002582,0.0000006,0.0000002
27280,0.0002582,0.0000006,0.0000002
27281,0.0002582,0.0000006,0.0000002
27282,0.0002581,0.0000006,0.0000002
27283,0.0002581,0.0000006,0.0000002
27284,0.0002580,0.0000006,0.0000002
27285,0.0002580,0.0000006,0.0000002
27286,0.0002579,0.0000006,0.0000002
27287,0.0002579,0.0000006,0.0000002
27288,0.0002578,0.0000006,0.0000002
27289,0.0002578,0.0000006,0.0000002
27290,0.0002578,0.0000006,0.0000002
27291,0.0002577,0.0000006,0.0000002
27292,0.0002577,0.0000006,0.0000002
27293,0.0002576,0.0000006,0.0000002
27294,0.0002576,0.0000006,0.0000002
27295,0.0002575,0.0000006,0.0000002
27296,0.0002575,0.0000006,0.0000002
27297,0.0002575,0.0000006,0.0000002
27298,0.0002574,0.0000006,0.0000002
27299,0.0002574,0.0000006,0.0000002
27300,0.0002573,0.0000006,0.0000002
27301,0.0002573,0.0000006,0.0000002
27302,0.0002572,0.0000006,0.0000002
27303,0.0002572,0.0000006,0.0000002
27304,0.0002571,0.0000006,0.0000002
27305,0.0002571,0.0000006,0.0000002
27306,0.0002571,0.0000006,0.0000002
27307,0.0002570,0.0000006,0.0000002
27308,0.0002570,0.0000006,0.0000002
27309,0.0002569,0.0000006,0.0000002
27310,0.0002569,0.0000006,0.0000002
27311,0.0002568,0.0000006,0.0000002
27312,0.0002568,0.0000006,0.0000002
27313,0.0002568,0.0000006,0.0000002
27314,0.0002567,0.0000006,0.0000002
27315,0.0002567,0.0000006,0.0000002
27316,0.0002566,0.0000006,0.0000002
27317,0.0002566,0.0000006,0.0000002
27318,0.0002565,0.0000006,0.0000002
27319,0.0002565,0.0000006,0.0000002
27320,0.0002564,0.0000006,0.0000002
27321,0.0002564,0.0000006,0.0000002
27322,0.0002564,0.0000006,0.0000002
27323,0.0002563,0.0000006,0.0000002
27324,0.0002563,0.0000006,0.0000002
27325,0.0002562,0.0000006,0.0000002
27326,0.0002562,0.0000006,0.0000002
27327,0.0002561,0.0000006,0.0000002
27328,0.0002561,0.0000006,0.0000002
27329,0.0002561,0.0000006,0.0000002
27330,0.0002560,0.0000006,0.0000002
27331,0.0002560,0.0000006,0.0000002
27332,0.0002559,0.0000006,0.0000002
27333,0.0002559,0.0000006,0.0000002
27334,0.0002558,0.0000006,0.0000002
27335,0.0002558,0.0000006,0.0000002
27336,0.0002557,0.0000006,0.0000002
27337,0.0002557,0.0000006,0.0000002
27338,0.0002557,0.0000006,0.0000002
27339,0.0002556,0.0000006,0.0000002
27340,0.0002556,0.0000006,0.0000002
27341,0.0002555,0.0000006,0.0000002
27342,0.0002555,0.0000006,0.0000002
27343,0.0002554,0.0000006,0.0000002
27344,0.0002554,0.0000006,0.0000002
27345,0.0002554,0.0000006,0.0000002
27346,0.0002553,0.0000006,0.0000002
27347,0.0002553,0.0000006,0.0000002
27348,0.0002552,0.0000006,0.0000002
27349,0.0002552,0.0000006,0.0000002
27350,0.0002551,0.0000006,0.0000002
27351,0.0002551,0.0000006,0.0000002
27352,0.0002551,0.0000006,0.0000002
27353,0.0002550,0.0000006,0.0000002
27354,0.0002550,0.0000006,0.0000002
27355,0.0002549,0.0000006,0.0000002
27356,0.0002549,0.0000006,0.0000002
27357,0.0002548,0.0000006,0.0000002
27358,0.0002548,0.0000006,0.0000002
27359,0.0002547,0.0000006,0.0000002
27360,0.0002547,0.0000006,0.0000002
27361,0.0002547,0.0000006,0.0000002
27362,0.0002546,0.0000006,0.0000002
27363,0.0002546,0.0000006,0.0000002
27364,0.0002545,0.0000006,0.0000002
27365,0.0002545,0.0000006,0.0000002
27366,0.0002544,0.0000006,0.0000002
27367,0.0002544,0.0000006,0.0000002
27368,0.0002544,0.0000006,0.0000002
27369,0.0002543,0.0000006,0.0000002
27370,0.0002543,0.0000006,0.0000002
27371,0.0002542,0.0000006,0.0000002
27372,0.0002542,0.0000006,0.0000002
27373,0.0002541,0.0000006,0.0000002
27374,0.0002541,0.0000006,0.0000002
27375,0.0002541,0.0000006,0.0000002
27376,0.0002540,0.0000006,0.0000002
27377,0.0002540,0.0000006,0.0000002
27378,0.0002539,0.0000006,0.0000002
27379,0.0002539,0.0000006,0.0000002
27380,0.0002538,0.0000006,0.0000002
27381,0.0002538,0.0000006,0.0000002
27382,0.0002538,0.0000006,0.0000002
27383,0.0002537,0.0000006,0.0000002
27384,0.0002537,0.0000006,0.0000002
27385,0.0002536,0.0000006,0.0000002
27386,0.0002536,0.0000006,0.0000002
27387,0.0002535,0.0000006,0.0000002
27388,0.0002535,0.0000006,0.0000002
27389,0.0002534,0.0000006,0.0000002
27390,0.0002534,0.0000006,0.0000002
27391,0.0002534,0.0000006,0.0000002
27392,0.0002533,0.0000006,0.0000002
27393,0.0002533,0.0000006,0.0000002
27394,0.0002532,0.0000006,0.0000002
27395,0.0002532,0.0000006,0.0000002
27396,0.0002531,0.0000006,0.0000002
27397,0.0002531,0.0000006,0.0000002
27398,0.0002531,0.0000006,0.0000002
27399,0.0002530,0.0000006,0.0000002
27400,0.0002530,0.0000006,0.0000002
27401,0.0002529,0.0000006,0.0000002
27402,0.0002529,0.0000006,0.0000002
27403,0.0002528,0.0000006,0.0000002
27404,0.0002528,0.0000006,0.0000002
27405,0.0002528,0.0000006,0.0000002
27406,0.0002527,0.0000006,0.0000002
27407,0.0002527,0.0000006,0.0000002
27408,0.0002526,0.0000006,0.0000002
27409,0.0002526,0.0000006,0.0000002
27410,0.0002525,0.0000006,0.0000002
27411,0.0002525,0.0000006,0.0000002
27412,0.0002525,0.0000006,0.0000002
27413,0.0002524,0.0000006,0.0000002
27414,0.0002524,0.0000006,0.0000002
27415,0.0002523,0.0000006,0.0000002
27416,0.0002523,0.0000006,0.0000002
27417,0.0002522,0.0000006,0.0000002
27418,0.0002522,0.0000006,0.0000002
27419,0.0002522,0.0000006,0.0000002
27420,0.0002521,0.0000006,0.0000002
27421,0.0002521,0.0000006,0.0000002
27422,0.0002520,0.0000006,0.0000002
27423,0.0002520,0.0000006,0.0000002
27424,0.0002519,0.0000006,0.0000002
27425,0.0002519,0.0000006,0.0000002
27426,0.0002519,0.0000006,0.0000002
27427,0.0002518,0.0000006,0.0000002
27428,0.0002518,0.0000006,0.0000002
27429,0.0002517,0.0000006,0.0000002
27430,0.0002517,0.0000006,0.0000002
27431,0.0002516,0.0000006,0.0000002
27432,0.0002516,0.0000006,0.0000002
27433,0.0002516,0.0000006,0.0000002
27434,0.0002515,0.0000006,0.0000002
27435,0.0002515,0.0000006,0.0000002
27436,0.0002514,0.0000006,0.0000002
27437,0.0002514,0.0000006,0.0000002
27438,0.0002513,0.0000006,0.0000002
27439,0.0002513,0.0000006,0.0000002
27440,0.0002513,0.0000006,0.0000002
27441,0.0002512,0.0000006,0.0000002
27442,0.0002512,0.0000006,0.0000002
27443,0.0002511,0.0000006,0.0000002
27444,0.0002511,0.0000006,0.0000002
27445,0.0002510,0.0000006,0.0000002
27446,0.0002510,0.0000006,0.0000002
27447,0.0002510,0.0000006,0.0000002
27448,0.0002509,0.0000006,0.0000002
27449,0.0002509,0.0000006,0.0000002
27450,0.0002508,0.0000006,0.0000002
27451,0.0002508,0.0000006,0.0000002
27452,0.0002507,0.0000006,0.0000002
27453,0.0002507,0.0000006,0.0000002
27454,0.0002507,0.0000006,0.0000002
27455,0.0002506,0.0000006,0.0000002
27456,0.0002506,0.0000006,0.0000002
27457,0.0002505,0.0000006,0.0000002
27458,0.0002505,0.0000006,0.0000002
27459,0.0002504,0.0000006,0.0000002
27460,0.0002504,0.0000006,0.0000002
27461,0.0002504,0.0000006,0.0000002
27462,0.0002503,0.0000006,0.0000002
27463,0.0002503,0.0000006,0.0000002
27464,0.0002502,0.0000006,0.0000002
27465,0.0002502,0.0000006,0.0000002
27466,0.0002501,0.0000006,0.0000002
27467,0.0002501,0.0000006,0.0000002
27468,0.0002501,0.0000006,0.0000002
27469,0.0002500,0.0000006,0.0000002
27470,0.0002500,0.0000006,0.0000002
27471,0.0002499,0.0000006,0.0000002
27472,0.0002499,0.0000006,0.0000002
27473,0.0002499,0.0000006,0.0000002
27474,0.0002498,0.0000006,0.0000002
27475,0.0002498,0.0000006,0.0000002
27476,0.0002497,0.0000006,0.0000002
27477,0.0002497,0.0000005,0.0000002
27478,0.0002496,0.0000005,0.0000002
27479,0.0002496,0.0000005,0.0000002
27480,0.0002496,0.0000005,0.0000002
27481,0.0002495,0.0000005,0.0000002
27482,0.0002495,0.0000005,0.0000002
27483,0.0002494,0.0000005,0.0000002
27484,0.0002494,0.0000005,0.0000002
27485,0.0002493,0.0000005,0.0000002
27486,0.0002493,0.0000005,0.0000002
27487,0.0002493,0.0000005,0.0000002
27488,0.0002492,0.0000005,0.0000002
27489,0.0002492,0.0000005,0.0000002
27490,0.0002491,0.0000005,0.0000002
27491,0.0002491,0.0000005,0.0000002
27492,0.0002490,0.0000005,0.0000002
27493,0.0002490,0.0000005,0.0000002
27494,0.0002490,0.0000005,0.0000002
27495,0.0002489,0.0000005,0.0000002
27496,0.0002489,0.0000005,0.0000002
27497,0.0002488,0.0000005,0.0000002
27498,0.0002488,0.0000005,0.0000002
27499,0.0002487,0.0000005,0.0000002
27500,0.0002487,0.0000005,0.0000002
27501,0.0002487,0.0000005,0.0000002
27502,0.0002486,0.0000005,0.0000002
27503,0.0002486,0.0000005,0.0000002
27504,0.0002485,0.0000005,0.0000002
27505,0.0002485,0.0000005,0.0000002
27506,0.0002485,0.0000005,0.0000002
27507,0.0002484,0.0000005,0.0000002
27508,0.0002484,0.0000005,0.0000002
27509,0.0002483,0.0000005,0.0000002
27510,0.0002483,0.0000005,0.0000002
27511,0.0002482,0.0000005,0.0000002
27512,0.0002482,0.0000005,0.0000002
27513,0.0002482,0.0000005,0.0000002
27514,0.0002481,0.0000005,0.0000002
27515,0.0002481,0.0000005,0.0000002
27516,0.0002480,0.0000005,0.0000002
27517,0.0002480,0.0000005,0.0000002
27518,0.0002479,0.0000005,0.0000002
27519,0.0002479,0.0000005,0.0000002
27520,0.0002479,0.0000005,0.0000002
27521,0.0002478,0.0000005,0.0000002
27522,0.0002478,0.0000005,0.0000002
27523,0.0002477,0.0000005,0.0000002
27524,0.0002477,0.0000005,0.0000002
27525,0.0002476,0.0000005,0.0000002
27526,0.0002476,0.0000005,0.0000002
27527,0.0002476,0.0000005,0.0000002
27528,0.0002475,0.0000005,0.0000002
27529,0.0002475,0.0000005,0.0000002
27530,0.0002474,0.0000005,0.0000002
27531,0.0002474,0.0000005,0.0000002
27532,0.0002474,0.0000005,0.0000002
27533,0.0002473,0.0000005,0.0000002
27534,0.0002473,0.0000005,0.0000002
27535,0.0002472,0.0000005,0.0000002
27536,0.0002472,0.0000005,0.0000002
27537,0.0002471,0.0000005,0.0000002
27538,0.0002471,0.0000005,0.0000002
27539,0.0002471,0.0000005,0.0000002
27540,0.0002470,0.0000005,0.0000002
27541,0.0002470,0.0000005,0.0000002
27542,0.0002469,0.0000005,0.0000002
27543,0.0002469,0.0000005,0.0000002
27544,0.0002469,0.0000005,0.0000002
27545,0.0002468,0.0000005,0.0000002
27546,0.0002468,0.0000005,0.0000002
27547,0.0002467,0.0000005,0.0000002
27548,0.0002467,0.0000005,0.0000002
27549,0.0002466,0.0000005,0.0000002
27550,0.0002466,0.0000005,0.0000002
27551,0.0002466,0.0000005,0.0000002
27552,0.0002465,0.0000005,0.0000002
27553,0.0002465,0.0000005,0.0000002
27554,0.0002464,0.0000005,0.0000002
27555,0.0002464,0.0000005,0.0000002
27556,0.0002463,0.0000005,0.0000002
27557,0.0002463,0.0000005,0.0000002
27558,0.0002463,0.0000005,0.0000002
27559,0.0002462,0.0000005,0.0000002
27560,0.0002462,0.0000005,0.0000002
27561,0.0002461,0.0000005,0.0000002
27562,0.0002461,0.0000005,0.0000002
27563,0.0002461,0.0000005,0.0000002
27564,0.0002460,0.0000005,0.0000002
27565,0.0002460,0.0000005,0.0000002
27566,0.0002459,0.0000005,0.0000002
27567,0.0002459,0.0000005,0.0000002
27568,0.0002458,0.0000005,0.0000002
27569,0.0002458,0.0000005,0.0000002
27570,0.0002458,0.0000005,0.0000002
27571,0.0002457,0.0000005,0.0000002
27572,0.0002457,0.0000005,0.0000002
27573,0.0002456,0.0000005,0.0000002
27574,0.0002456,0.0000005,0.0000002
27575,0.0002456,0.0000005,0.0000002
27576,0.0002455,0.0000005,0.0000002
27577,0.0002455,0.0000005,0.0000002
27578,0.0002454,0.0000005,0.0000002
27579,0.0002454,0.0000005,0.0000002
27580,0.0002453,0.0000005,0.0000002
27581,0.0002453,0.0000005,0.0000002
27582,0.0002453,0.0000005,0.0000002
27583,0.0002452,0.0000005,0.0000002
27584,0.0002452,0.0000005,0.0000002
27585,0.0002451,0.0000005,0.0000002
27586,0.0002451,0.0000005,0.0000002
27587,0.0002451,0.0000005,0.0000002
27588,0.0002450,0.0000005,0.0000002
27589,0.0002450,0.0000005,0.0000002
27590,0.0002449,0.0000005,0.0000002
27591,0.0002449,0.0000005,0.0000002
27592,0.0002448,0.0000005,0.0000002
27593,0.0002448,0.0000005,0.0000002
27594,0.0002448,0.0000005,0.0000002
27595,0.0002447,0.0000005,0.0000002
27596,0.0002447,0.0000005,0.0000002
27597,0.0002446,0.0000005,0.0000002
27598,0.0002446,0.0000005,0.0000002
27599,0.0002446,0.0000005,0.0000002
27600,0.0002445,0.0000005,0.0000002
27601,0.0002445,0.0000005,0.0000002
27602,0.0002444,0.0000005,0.0000002
27603,0.0002444,0.0000005,0.0000002
27604,0.0002443,0.0000005,0.0000002
27605,0.0002443,0.0000005,0.0000002
27606,0.0002443,0.0000005,0.0000002
27607,0.0002442,0.0000005,0.0000002
27608,0.0002442,0.0000005,0.0000002
27609,0.0002441,0.0000005,0.0000002
27610,0.0002441,0.0000005,0.0000002
27611,0.0002441,0.0000005,0.0000002
27612,0.0002440,0.0000005,0.0000002
27613,0.0002440,0.0000005,0.0000002
27614,0.0002439,0.0000005,0.0000002
27615,0.0002439,0.0000005,0.0000002
27616,0.0002438,0.0000005,0.0000002
27617,0.0002438,0.0000005,0.0000002
27618,0.0002438,0.0000005,0.0000002
27619,0.0002437,0.0000005,0.0000002
27620,0.0002437,0.0000005,0.0000002
27621,0.0002436,0.0000005,0.0000002
27622,0.0002436,0.0000005,0.0000002
27623,0.0002436,0.0000005,0.0000002
27624,0.0002435,0.0000005,0.0000002
27625,0.0002435,0.0000005,0.0000002
27626,0.0002434,0.0000005,0.0000002
27627,0.0002434,0.0000005,0.0000002
27628,0.0002434,0.0000005,0.0000002
27629,0.0002433,0.0000005,0.0000002
27630,0.0002433,0.0000005,0.0000002
27631,0.0002432,0.0000005,0.0000002
27632,0.0002432,0.0000005,0.0000002
27633,0.0002431,0.0000005,0.0000002
27634,0.0002431,0.0000005,0.0000002
27635,0.0002431,0.0000005,0.0000002
27636,0.0002430,0.0000005,0.0000002
27637,0.0002430,0.0000005,0.0000002
27638,0.0002429,0.0000005,0.0000002
27639,0.0002429,0.0000005,0.0000002
27640,0.0002429,0.0000005,0.0000002
27641,0.0002428,0.0000005,0.0000002
27642,0.0002428,0.0000005,0.0000002
27643,0.0002427,0.0000005,0.0000002
27644,0.0002427,0.0000005,0.0000002
27645,0.0002426,0.0000005,0.0000002
27646,0.0002426,0.0000005,0.0000002
27647,0.0002426,0.0000005,0.0000002
27648,0.0002425,0.0000005,0.0000002
27649,0.0002425,0.0000005,0.0000002
27650,0.0002424,0.0000005,0.0000002
27651,0.0002424,0.0000005,0.0000002
27652,0.0002424,0.0000005,0.0000002
27653,0.0002423,0.0000005,0.0000002
27654,0.0002423,0.0000005,0.0000002
27655,0.0002422,0.0000005,0.0000002
27656,0.0002422,0.0000005,0.0000002
27657,0.0002422,0.0000005,0.0000002
27658,0.0002421,0.0000005,0.0000002
27659,0.0002421,0.0000005,0.0000002
27660,0.0002420,0.0000005,0.0000002
27661,0.0002420,0.0000005,0.0000002
27662,0.0002419,0.0000005,0.0000002
27663,0.0002419,0.0000005,0.0000002
27664,0.0002419,0.0000005,0.0000002
27665,0.0002418,0.0000005,0.0000002
27666,0.0002418,0.0000005,0.0000002
27667,0.0002417,0.0000005,0.0000002
27668,0.0002417,0.0000005,0.0000002
27669,0.0002417,0.0000005,0.0000002
27670,0.0002416,0.0000005,0.0000002
27671,0.0002416,0.0000005,0.0000002
27672,0.0002415,0.0000005,0.0000002
27673,0.0002415,0.0000005,0.0000002
27674,0.0002415,0.0000005,0.0000002
27675,0.0002414,0.0000005,0.0000002
27676,0.0002414,0.0000005,0.0000002
27677,0.0002413,0.0000005,0.0000002
27678,0.0002413,0.0000005,0.0000002
27679,0.0002413,0.0000005,0.0000002
27680,0.0002412,0.0000005,0.0000002
27681,0.0002412,0.0000005,0.0000002
27682,0.0002411,0.0000005,0.0000002
27683,0.0002411,0.0000005,0.0000002
27684,0.0002410,0.0000005,0.0000002
27685,0.0002410,0.0000005,0.0000002
27686,0.0002410,0.0000005,0.0000002
27687,0.0002409,0.0000005,0.0000002
27688,0.0002409,0.0000005,0.0000002
27689,0.0002408,0.0000005,0.0000002
27690,0.0002408,0.0000005,0.0000002
27691,0.0002408,0.0000005,0.0000002
27692,0.0002407,0.0000005,0.0000002
27693,0.0002407,0.0000005,0.0000002
27694,0.0002406,0.0000005,0.0000002
27695,0.0002406,0.0000005,0.0000002
27696,0.0002406,0.0000005,0.0000002
27697,0.0002405,0.0000005,0.0000002
27698,0.0002405,0.0000005,0.0000002
27699,0.0002404,0.0000005,0.0000002
27700,0.0002404,0.0000005,0.0000002
27701,0.0002404,0.0000005,0.0000002
27702,0.0002403,0.0000005,0.0000002
27703,0.0002403,0.0000005,0.0000002
27704,0.0002402,0.0000005,0.0000002
27705,0.0002402,0.0000005,0.0000002
27706,0.0002401,0.0000005,0.0000002
27707,0.0002401,0.0000005,0.0000002
27708,0.0002401,0.0000005,0.0000002
27709,0.0002400,0.0000005,0.0000002
27710,0.0002400,0.0000005,0.0000002
27711,0.0002399,0.0000005,0.0000002
27712,0.0002399,0.0000005,0.0000002
27713,0.0002399,0.0000005,0.0000002
27714,0.0002398,0.0000005,0.0000002
27715,0.0002398,0.0000005,0.0000002
27716,0.0002397,0.0000005,0.0000002
27717,0.0002397,0.0000005,0.0000002
27718,0.0002397,0.0000005,0.0000002
27719,0.0002396,0.0000005,0.0000002
27720,0.0002396,0.0000005,0.0000002
27721,0.0002395,0.0000005,0.0000002
27722,0.0002395,0.0000005,0.0000002
27723,0.0002395,0.0000005,0.0000002
27724,0.0002394,0.0000005,0.0000002
27725,0.0002394,0.0000005,0.0000002
27726,0.0002393,0.0000005,0.0000002
27727,0.0002393,0.0000005,0.0000002
27728,0.0002393,0.0000005,0.0000002
27729,0.0002392,0.0000005,0.0000002
27730,0.0002392,0.0000005,0.0000002
27731,0.0002391,0.0000005,0.0000002
27732,0.0002391,0.0000005,0.0000002
27733,0.0002390,0.0000005,0.0000002
27734,0.0002390,0.0000005,0.0000002
27735,0.0002390,0.0000005,0.0000002
27736,0.0002389,0.0000005,0.0000002
27737,0.0002389,0.0000005,0.0000002
27738,0.0002388,0.0000005,0.0000002
27739,0.0002388,0.0000005,0.0000002
27740,0.0002388,0.0000005,0.0000002
27741,0.0002387,0.0000005,0.0000002
27742,0.0002387,0.0000005,0.0000002
27743,0.0002386,0.0000005,0.0000002
27744,0.0002386,0.0000005,0.0000002
27745,0.0002386,0.0000005,0.0000002
27746,0.0002385,0.0000005,0.0000002
27747,0.0002385,0.0000005,0.0000002
27748,0.0002384,0.0000005,0.0000002
27749,0.0002384,0.0000005,0.0000002
27750,0.0002384,0.0000005,0.0000002
27751,0.0002383,0.0000005,0.0000002
27752,0.0002383,0.0000005,0.0000002
27753,0.0002382,0.0000005,0.0000002
27754,0.0002382,0.0000005,0.0000002
27755,0.0002382,0.0000005,0.0000002
27756,0.0002381,0.0000005,0.0000002
27757,0.0002381,0.0000005,0.0000002
27758,0.0002380,0.0000005,0.0000002
27759,0.0002380,0.0000005,0.0000002
27760,0.0002380,0.0000005,0.0000002
27761,0.0002379,0.0000005,0.0000002
27762,0.0002379,0.0000005,0.0000002
27763,0.0002378,0.0000005,0.0000002
27764,0.0002378,0.0000005,0.0000002
27765,0.0002378,0.0000005,0.0000002
27766,0.0002377,0.0000005,0.0000002
27767,0.0002377,0.0000005,0.0000002
27768,0.0002376,0.0000005,0.0000002
27769,0.0002376,0.0000005,0.0000002
27770,0.0002376,0.0000005,0.0000002
27771,0.0002375,0.0000005,0.0000002
27772,0.0002375,0.0000005,0.0000002
27773,0.0002374,0.0000005,0.0000002
27774,0.0002374,0.0000005,0.0000002
27775,0.0002373,0.0000005,0.0000002
27776,0.0002373,0.0000005,0.0000002
27777,0.0002373,0.0000005,0.0000002
27778,0.0002372,0.0000005,0.0000002
27779,0.0002372,0.0000005,0.0000002
27780,0.0002371,0.0000005,0.0000002
27781,0.0002371,0.0000005,0.0000002
27782,0.0002371,0.0000005,0.0000002
27783,0.0002370,0.0000005,0.0000002
27784,0.0002370,0.0000005,0.0000002
27785,0.0002369,0.0000005,0.0000002
27786,0.0002369,0.0000005,0.0000002
27787,0.0002369,0.0000005,0.0000002
27788,0.0002368,0.0000005,0.0000002
27789,0.0002368,0.0000005,0.0000002
27790,0.0002367,0.0000005,0.0000002
27791,0.0002367,0.0000005,0.0000002
27792,0.0002367,0.0000005,0.0000002
27793,0.0002366,0.0000005,0.0000002
27794,0.0002366,0.0000005,0.0000002
27795,0.0002365,0.0000005,0.0000002
27796,0.0002365,0.0000005,0.0000002
27797,0.0002365,0.0000005,0.0000002
27798,0.0002364,0.0000005,0.0000002
27799,0.0002364,0.0000005,0.0000002
27800,0.0002363,0.0000005,0.0000002
27801,0.0002363,0.0000005,0.0000002
27802,0.0002363,0.0000005,0.0000002
27803,0.0002362,0.0000005,0.0000002
27804,0.0002362,0.0000005,0.0000002
27805,0.0002361,0.0000005,0.0000002
27806,0.0002361,0.0000005,0.0000002
27807,0.0002361,0.0000005,0.0000002
27808,0.0002360,0.0000005,0.0000002
27809,0.0002360,0.0000005,0.0000002
27810,0.0002359,0.0000005,0.0000002
27811,0.0002359,0.0000005,0.0000002
27812,0.0002359,0.0000005,0.0000002
27813,0.0002358,0.0000005,0.0000002
27814,0.0002358,0.0000005,0.0000002
27815,0.0002357,0.0000005,0.0000002
27816,0.0002357,0.0000005,0.0000002
27817,0.0002357,0.0000005,0.0000002
27818,0.0002356,0.0000005,0.0000002
27819,0.0002356,0.0000005,0.0000002
27820,0.0002355,0.0000005,0.0000002
27821,0.0002355,0.0000005,0.0000002
27822,0.0002355,0.0000005,0.0000002
27823,0.0002354,0.0000005,0.0000002
27824,0.0002354,0.0000005,0.0000002
27825,0.0002353,0.0000005,0.0000002
27826,0.0002353,0.0000005,0.0000002
27827,0.0002353,0.0000005,0.0000002
27828,0.0002352,0.0000005,0.0000002
27829,0.0002352,0.0000005,0.0000002
27830,0.0002351,0.0000005,0.0000002
27831,0.0002351,0.0000005,0.0000002
27832,0.0002351,0.0000005,0.0000002
27833,0.0002350,0.0000005,0.0000002
27834,0.0002350,0.0000005,0.0000002
27835,0.0002349,0.0000005,0.0000002
27836,0.0002349,0.0000005,0.0000002
27837,0.0002349,0.0000005,0.0000002
27838,0.0002348,0.0000005,0.0000002
27839,0.0002348,0.0000005,0.0000002
27840,0.0002347,0.0000005,0.0000002
27841,0.0002347,0.0000005,0.0000002
27842,0.0002347,0.0000005,0.0000002
27843,0.0002346,0.0000005,0.0000002
27844,0.0002346,0.0000005,0.0000002
27845,0.0002345,0.0000005,0.0000002
27846,0.0002345,0.0000005,0.0000002
27847,0.0002345,0.0000005,0.0000002
27848,0.0002344,0.0000005,0.0000002
27849,0.0002344,0.0000005,0.0000002
27850,0.0002343,0.0000005,0.0000002
27851,0.0002343,0.0000005,0.0000002
27852,0.0002343,0.0000005,0.0000002
27853,0.0002342,0.0000005,0.0000002
27854,0.0002342,0.0000005,0.0000002
27855,0.0002341,0.0000005,0.0000002
27856,0.0002341,0.0000005,0.0000002
27857,0.0002341,0.0000005,0.0000002
27858,0.0002340,0.0000005,0.0000002
27859,0.0002340,0.0000005,0.0000002
27860,0.0002340,0.0000005,0.0000002
27861,0.0002339,0.0000005,0.0000002
27862,0.0002339,0.0000005,0.0000002
27863,0.0002338,0.0000005,0.0000002
27864,0.0002338,0.0000005,0.0000002
27865,0.0002338,0.0000005,0.0000002
27866,0.0002337,0.0000005,0.0000002
27867,0.0002337,0.0000005,0.0000002
27868,0.0002336,0.0000005,0.0000002
27869,0.0002336,0.0000005,0.0000002
27870,0.0002336,0.0000005,0.0000002
27871,0.0002335,0.0000005,0.0000002
27872,0.0002335,0.0000005,0.0000002
27873,0.0002334,0.0000005,0.0000002
27874,0.0002334,0.0000005,0.0000002
27875,0.0002334,0.0000005,0.0000002
27876,0.0002333,0.0000005,0.0000002
27877,0.0002333,0.0000005,0.0000002
27878,0.0002332,0.0000005,0.0000002
27879,0.0002332,0.0000005,0.0000002
27880,0.0002332,0.0000005,0.0000002
27881,0.0002331,0.0000005,0.0000002
27882,0.0002331,0.0000005,0.0000002
27883,0.0002330,0.0000005,0.0000002
27884,0.0002330,0.0000005,0.0000002
27885,0.0002330,0.0000005,0.0000002
27886,0.0002329,0.0000005,0.0000002
27887,0.0002329,0.0000005,0.0000002
27888,0.0002328,0.0000005,0.0000002
27889,0.0002328,0.0000005,0.0000002
27890,0.0002328,0.0000005,0.0000002
27891,0.0002327,0.0000005,0.0000002
27892,0.0002327,0.0000005,0.0000002
27893,0.0002326,0.0000005,0.0000002
27894,0.0002326,0.0000005,0.0000002
27895,0.0002326,0.0000005,0.0000002
27896,0.0002325,0.0000005,0.0000002
27897,0.0002325,0.0000005,0.0000002
27898,0.0002324,0.0000005,0.0000002
27899,0.0002324,0.0000005,0.0000002
27900,0.0002324,0.0000005,0.0000002
27901,0.0002323,0.0000005,0.0000002
27902,0.0002323,0.0000005,0.0000002
27903,0.0002323,0.0000005,0.0000002
27904,0.0002322,0.0000005,0.0000002
27905,0.0002322,0.0000005,0.0000002
27906,0.0002321,0.0000005,0.0000002
27907,0.0002321,0.0000005,0.0000002
27908,0.0002321,0.0000005,0.0000002
27909,0.0002320,0.0000005,0.0000002
27910,0.0002320,0.0000005,0.0000002
27911,0.0002319,0.0000005,0.0000002
27912,0.0002319,0.0000005,0.0000002
27913,0.0002319,0.0000005,0.0000002
27914,0.0002318,0.0000005,0.0000002
27915,0.0002318,0.0000005,0.0000002
27916,0.0002317,0.0000005,0.0000002
27917,0.0002317,0.0000005,0.0000002
27918,0.0002317,0.0000005,0.0000002
27919,0.0002316,0.0000005,0.0000002
27920,0.0002316,0.0000005,0.0000002
27921,0.0002315,0.0000005,0.0000002
27922,0.0002315,0.0000005,0.0000002
27923,0.0002315,0.0000005,0.0000002
27924,0.0002314,0.0000005,0.0000002
27925,0.0002314,0.0000005,0.0000002
27926,0.0002313,0.0000005,0.0000002
27927,0.0002313,0.0000005,0.0000002
27928,0.0002313,0.0000005,0.0000002
27929,0.0002312,0.0000005,0.0000002
27930,0.0002312,0.0000005,0.0000002
27931,0.0002312,0.0000005,0.0000002
27932,0.0002311,0.0000005,0.0000002
27933,0.0002311,0.0000005,0.0000002
27934,0.0002310,0.0000005,0.0000002
27935,0.0002310,0.0000005,0.0000002
27936,0.0002310,0.0000005,0.0000002
27937,0.0002309,0.0000005,0.0000002
27938,0.0002309,0.0000005,0.0000002
27939,0.0002308,0.0000005,0.0000002
27940,0.0002308,0.0000005,0.0000002
27941,0.0002308,0.0000005,0.0000002
27942,0.0002307,0.0000005,0.0000002
27943,0.0002307,0.0000005,0.0000002
27944,0.0002306,0.0000005,0.0000002
27945,0.0002306,0.0000005,0.0000002
27946,0.0002306,0.0000005,0.0000002
27947,0.0002305,0.0000005,0.0000002
27948,0.0002305,0.0000005,0.0000002
27949,0.0002304,0.0000005,0.0000002
27950,0.0002304,0.0000005,0.0000002
27951,0.0002304,0.0000005,0.0000002
27952,0.0002303,0.0000005,0.0000002
27953,0.0002303,0.0000005,0.0000002
27954,0.0002303,0.0000005,0.0000002
27955,0.0002302,0.0000005,0.0000002
27956,0.0002302,0.0000005,0.0000002
27957,0.0002301,0.0000005,0.0000002
27958,0.0002301,0.0000005,0.0000002
27959,0.0002301,0.0000005,0.0000002
27960,0.0002300,0.0000005,0.0000002
27961,0.0002300,0.0000005,0.0000002
27962,0.0002299,0.0000005,0.0000002
27963,0.0002299,0.0000005,0.0000002
27964,0.0002299,0.0000005,0.0000002
27965,0.0002298,0.0000005,0.0000002
27966,0.0002298,0.0000005,0.0000002
27967,0.0002297,0.0000005,0.0000002
27968,0.0002297,0.0000005,0.0000002
27969,0.0002297,0.0000005,0.0000002
27970,0.0002296,0.0000005,0.0000002
27971,0.0002296,0.0000005,0.0000002
27972,0.0002295,0.0000005,0.0000002
27973,0.0002295,0.0000005,0.0000002
27974,0.0002295,0.0000005,0.0000002
27975,0.0002294,0.0000005,0.0000002
27976,0.0002294,0.0000005,0.0000002
27977,0.0002294,0.0000005,0.0000002
27978,0.0002293,0.0000005,0.0000002
27979,0.0002293,0.0000005,0.0000002
27980,0.0002292,0.0000005,0.0000002
27981,0.0002292,0.0000005,0.0000002
27982,0.0002292,0.0000005,0.0000002
27983,0.0002291,0.0000005,0.0000002
27984,0.0002291,0.0000005,0.0000002
27985,0.0002290,0.0000005,0.0000002
27986,0.0002290,0.0000005,0.0000002
27987,0.0002290,0.0000005,0.0000002
27988,0.0002289,0.0000005,0.0000002
27989,0.0002289,0.0000005,0.0000002
27990,0.0002288,0.0000005,0.0000002
27991,0.0002288,0.0000005,0.0000002
27992,0.0002288,0.0000005,0.0000002
27993,0.0002287,0.0000005,0.0000002
27994,0.0002287,0.0000005,0.0000002
27995,0.0002287,0.0000005,0.0000002
27996,0.0002286,0.0000005,0.0000002
27997,0.0002286,0.0000005,0.0000002
27998,0.0002285,0.0000005,0.0000002
27999,0.0002285,0.0000005,0.0000002
28000,0.0002285,0.0000005,0.0000002
28001,0.0002284,0.0000005,0.0000002
28002,0.0002284,0.0000005,0.0000002
28003,0.0002283,0.0000005,0.0000002
28004,0.0002283,0.0000005,0.0000002
28005,0.0002283,0.0000005,0.0000002
28006,0.0002282,0.0000005,0.0000002
28007,0.0002282,0.0000005,0.0000002
28008,0.0002282,0.0000005,0.0000002
28009,0.0002281,0.0000005,0.0000002
28010,0.0002281,0.0000005,0.0000002
28011,0.0002280,0.0000005,0.0000002
28012,0.0002280,0.0000005,0.0000002
28013,0.0002280,0.0000005,0.0000002
28014,0.0002279,0.0000005,0.0000002
28015,0.0002279,0.0000005,0.0000002
28016,0.0002278,0.0000005,0.0000002
28017,0.0002278,0.0000005,0.0000002
28018,0.0002278,0.0000005,0.0000002
28019,0.0002277,0.0000005,0.0000002
28020,0.0002277,0.0000005,0.0000002
28021,0.0002277,0.0000005,0.0000002
28022,0.0002276,0.0000005,0.0000002
28023,0.0002276,0.0000005,0.0000002
28024,0.0002275,0.0000005,0.0000002
28025,0.0002275,0.0000005,0.0000002
28026,0.0002275,0.0000005,0.0000002
28027,0.0002274,0.0000005,0.0000002
28028,0.0002274,0.0000005,0.0000002
28029,0.0002273,0.0000005,0.0000002
28030,0.0002273,0.0000005,0.0000002
28031,0.0002273,0.0000005,0.0000002
28032,0.0002272,0.0000005,0.0000002
28033,0.0002272,0.0000005,0.0000002
28034,0.0002271,0.0000005,0.0000002
28035,0.0002271,0.0000005,0.0000002
28036,0.0002271,0.0000005,0.0000002
28037,0.0002270,0.0000005,0.0000002
28038,0.0002270,0.0000005,0.0000002
28039,0.0002270,0.0000005,0.0000002
28040,0.0002269,0.0000005,0.0000002
28041,0.0002269,0.0000005,0.0000002
28042,0.0002268,0.0000005,0.0000002
28043,0.0002268,0.0000005,0.0000002
28044,0.0002268,0.0000005,0.0000002
28045,0.0002267,0.0000005,0.0000002
28046,0.0002267,0.0000005,0.0000002
28047,0.0002266,0.0000005,0.0000002
28048,0.0002266,0.0000005,0.0000002
28049,0.0002266,0.0000005,0.0000002
28050,0.0002265,0.0000005,0.0000002
28051,0.0002265,0.0000005,0.0000002
28052,0.0002265,0.0000005,0.0000002
28053,0.0002264,0.0000005,0.0000002
28054,0.0002264,0.0000005,0.0000002
28055,0.0002263,0.0000005,0.0000002
28056,0.0002263,0.0000005,0.0000002
28057,0.0002263,0.0000005,0.0000002
28058,0.0002262,0.0000005,0.0000002
28059,0.0002262,0.0000005,0.0000002
28060,0.0002262,0.0000005,0.0000002
28061,0.0002261,0.0000005,0.0000002
28062,0.0002261,0.0000005,0.0000002
28063,0.0002260,0.0000005,0.0000002
28064,0.0002260,0.0000005,0.0000002
28065,0.0002260,0.0000005,0.0000002
28066,0.0002259,0.0000005,0.0000002
28067,0.0002259,0.0000005,0.0000002
28068,0.0002258,0.0000005,0.0000002
28069,0.0002258,0.0000005,0.0000002
28070,0.0002258,0.0000005,0.0000002
28071,0.0002257,0.0000005,0.0000002
28072,0.0002257,0.0000005,0.0000002
28073,0.0002257,0.0000005,0.0000002
28074,0.0002256,0.0000005,0.0000002
28075,0.0002256,0.0000005,0.0000002
28076,0.0002255,0.0000005,0.0000002
28077,0.0002255,0.0000005,0.0000002
28078,0.0002255,0.0000005,0.0000002
28079,0.0002254,0.0000005,0.0000002
28080,0.0002254,0.0000005,0.0000002
28081,0.0002253,0.0000005,0.0000002
28082,0.0002253,0.0000005,0.0000002
28083,0.0002253,0.0000005,0.0000002
28084,0.0002252,0.0000005,0.0000002
28085,0.0002252,0.0000005,0.0000002
28086,0.0002252,0.0000005,0.0000002
28087,0.0002251,0.0000005,0.0000002
28088,0.0002251,0.0000005,0.0000002
28089,0.0002250,0.0000005,0.0000002
28090,0.0002250,0.0000005,0.0000002
28091,0.0002250,0.0000005,0.0000002
28092,0.0002249,0.0000005,0.0000002
28093,0.0002249,0.0000005,0.0000002
28094,0.0002249,0.0000005,0.0000002
28095,0.0002248,0.0000005,0.0000002
28096,0.0002248,0.0000005,0.0000002
28097,0.0002247,0.0000005,0.0000002
28098,0.0002247,0.0000005,0.0000002
28099,0.0002247,0.0000005,0.0000002
28100,0.0002246,0.0000005,0.0000002
28101,0.0002246,0.0000005,0.0000002
28102,0.0002245,0.0000005,0.0000002
28103,0.0002245,0.0000005,0.0000002
28104,0.0002245,0.0000005,0.0000002
28105,0.0002244,0.0000005,0.0000002
28106,0.0002244,0.0000005,0.0000002
28107,0.0002244,0.0000005,0.0000002
28108,0.0002243,0.0000005,0.0000002
28109,0.0002243,0.0000005,0.0000002
28110,0.0002242,0.0000005,0.0000002
28111,0.0002242,0.0000005,0.0000002
28112,0.0002242,0.0000005,0.0000002
28113,0.0002241,0.0000005,0.0000002
28114,0.0002241,0.0000005,0.0000002
28115,0.0002241,0.0000005,0.0000002
28116,0.0002240,0.0000005,0.0000002
28117,0.0002240,0.0000005,0.0000002
28118,0.0002239,0.0000005,0.0000002
28119,0.0002239,0.0000005,0.0000002
28120,0.0002239,0.0000005,0.0000002
28121,0.0002238,0.0000005,0.0000002
28122,0.0002238,0.0000005,0.0000002
28123,0.0002238,0.0000005,0.0000002
28124,0.0002237,0.0000005,0.0000002
28125,0.0002237,0.0000005,0.0000002
28126,0.0002236,0.0000005,0.0000002
28127,0.0002236,0.0000005,0.0000002
28128,0.0002236,0.0000005,0.0000002
28129,0.0002235,0.0000005,0.0000002
28130,0.0002235,0.0000005,0.0000002
28131,0.0002234,0.0000005,0.0000002
28132,0.0002234,0.0000005,0.0000002
28133,0.0002234,0.0000005,0.0000002
28134,0.0002233,0.0000005,0.0000002
28135,0.0002233,0.0000005,0.0000002
28136,0.0002233,0.0000005,0.0000002
28137,0.0002232,0.0000005,0.0000002
28138,0.0002232,0.0000005,0.0000002
28139,0.0002231,0.0000005,0.0000002
28140,0.0002231,0.0000005,0.0000002
28141,0.0002231,0.0000005,0.0000002
28142,0.0002230,0.0000005,0.0000002
28143,0.0002230,0.0000005,0.0000002
28144,0.0002230,0.0000005,0.0000002
28145,0.0002229,0.0000005,0.0000002
28146,0.0002229,0.0000005,0.0000002
28147,0.0002228,0.0000005,0.0000002
28148,0.0002228,0.0000005,0.0000002
28149,0.0002228,0.0000005,0.0000002
28150,0.0002227,0.0000005,0.0000002
28151,0.0002227,0.0000005,0.0000002
28152,0.0002227,0.0000005,0.0000002
28153,0.0002226,0.0000005,0.0000002
28154,0.0002226,0.0000005,0.0000002
28155,0.0002225,0.0000005,0.0000002
28156,0.0002225,0.0000005,0.0000002
28157,0.0002225,0.0000005,0.0000002
28158,0.0002224,0.0000005,0.0000002
28159,0.0002224,0.0000005,0.0000002
28160,0.0002224,0.0000005,0.0000002
28161,0.0002223,0.0000005,0.0000002
28162,0.0002223,0.0000005,0.0000002
28163,0.0002222,0.0000005,0.0000002
28164,0.0002222,0.0000005,0.0000002
28165,0.0002222,0.0000005,0.0000002
28166,0.0002221,0.0000005,0.0000002
28167,0.0002221,0.0000005,0.0000002
28168,0.0002221,0.0000005,0.0000002
28169,0.0002220,0.0000005,0.0000002
28170,0.0002220,0.0000005,0.0000002
28171,0.0002219,0.0000005,0.0000002
28172,0.0002219,0.0000005,0.0000002
28173,0.0002219,0.0000005,0.0000002
28174,0.0002218,0.0000005,0.0000002
28175,0.0002218,0.0000005,0.0000002
28176,0.0002218,0.0000005,0.0000002
28177,0.0002217,0.0000005,0.0000002
28178,0.0002217,0.0000005,0.0000002
28179,0.0002216,0.0000005,0.0000002
28180,0.0002216,0.0000005,0.0000002
28181,0.0002216,0.0000005,0.0000002
28182,0.0002215,0.0000005,0.0000002
28183,0.0002215,0.0000005,0.0000002
28184,0.0002215,0.0000005,0.0000002
28185,0.0002214,0.0000005,0.0000002
28186,0.0002214,0.0000005,0.0000002
28187,0.0002213,0.0000005,0.0000002
28188,0.0002213,0.0000005,0.0000002
28189,0.0002213,0.0000005,0.0000002
28190,0.0002212,0.0000005,0.0000002
28191,0.0002212,0.0000005,0.0000002
28192,0.0002212,0.0000005,0.0000002
28193,0.0002211,0.0000005,0.0000002
28194,0.0002211,0.0000005,0.0000002
28195,0.0002210,0.0000005,0.0000002
28196,0.0002210,0.0000005,0.0000002
28197,0.0002210,0.0000005,0.0000002
28198,0.0002209,0.0000005,0.0000002
28199,0.0002209,0.0000005,0.0000002
28200,0.0002209,0.0000005,0.0000002
28201,0.0002208,0.0000005,0.0000002
28202,0.0002208,0.0000005,0.0000002
28203,0.0002207,0.0000005,0.0000002
28204,0.0002207,0.0000005,0.0000002
28205,0.0002207,0.0000005,0.0000002
28206,0.0002206,0.0000005,0.0000002
28207,0.0002206,0.0000005,0.0000002
28208,0.0002206,0.0000005,0.0000002
28209,0.0002205,0.0000005,0.0000002
28210,0.0002205,0.0000005,0.0000002
28211,0.0002204,0.0000005,0.0000002
28212,0.0002204,0.0000005,0.0000002
28213,0.0002204,0.0000005,0.0000002
28214,0.0002203,0.0000005,0.0000002
28215,0.0002203,0.0000005,0.0000002
28216,0.0002203,0.0000005,0.0000002
28217,0.0002202,0.0000005,0.0000002
28218,0.0002202,0.0000005,0.0000002
28219,0.0002201,0.0000005,0.0000002
28220,0.0002201,0.0000005,0.0000002
28221,0.0002201,0.0000005,0.0000002
28222,0.0002200,0.0000005,0.0000002
28223,0.0002200,0.0000005,0.0000002
28224,0.0002200,0.0000005,0.0000002
28225,0.0002199,0.0000005,0.0000002
28226,0.0002199,0.0000005,0.0000002
28227,0.0002198,0.0000005,0.0000002
28228,0.0002198,0.0000005,0.0000002
28229,0.0002198,0.0000005,0.0000002
28230,0.0002197,0.0000005,0.0000002
28231,0.0002197,0.0000005,0.0000002
28232,0.0002197,0.0000005,0.0000002
28233,0.0002196,0.0000005,0.0000002
28234,0.0002196,0.0000005,0.0000002
28235,0.0002195,0.0000005,0.0000002
28236,0.0002195,0.0000005,0.0000002
28237,0.0002195,0.0000005,0.0000002
28238,0.0002194,0.0000005,0.0000002
28239,0.0002194,0.0000005,0.0000002
28240,0.0002194,0.0000005,0.0000002
28241,0.0002193,0.0000005,0.0000002
28242,0.0002193,0.0000005,0.0000002
28243,0.0002193,0.0000005,0.0000002
28244,0.0002192,0.0000005,0.0000002
28245,0.0002192,0.0000005,0.0000002
28246,0.0002191,0.0000005,0.0000002
28247,0.0002191,0.0000005,0.0000002
28248,0.0002191,0.0000005,0.0000002
28249,0.0002190,0.0000005,0.0000002
28250,0.0002190,0.0000005,0.0000002
28251,0.0002190,0.0000005,0.0000002
28252,0.0002189,0.0000005,0.0000002
28253,0.0002189,0.0000005,0.0000002
28254,0.0002188,0.0000005,0.0000002
28255,0.0002188,0.0000005,0.0000002
28256,0.0002188,0.0000005,0.0000002
28257,0.0002187,0.0000005,0.0000002
28258,0.0002187,0.0000005,0.0000002
28259,0.0002187,0.0000005,0.0000002
28260,0.0002186,0.0000005,0.0000002
28261,0.0002186,0.0000005,0.0000002
28262,0.0002185,0.0000005,0.0000002
28263,0.0002185,0.0000005,0.0000002
28264,0.0002185,0.0000005,0.0000002
28265,0.0002184,0.0000005,0.0000002
28266,0.0002184,0.0000005,0.0000002
28267,0.0002184,0.0000005,0.0000002
28268,0.0002183,0.0000005,0.0000002
28269,0.0002183,0.0000005,0.0000002
28270,0.0002183,0.0000005,0.0000002
28271,0.0002182,0.0000005,0.0000002
28272,0.0002182,0.0000005,0.0000002
28273,0.0002181,0.0000005,0.0000002
28274,0.0002181,0.0000005,0.0000002
28275,0.0002181,0.0000005,0.0000002
28276,0.0002180,0.0000005,0.0000002
28277,0.0002180,0.0000005,0.0000002
28278,0.0002180,0.0000005,0.0000002
28279,0.0002179,0.0000005,0.0000002
28280,0.0002179,0.0000005,0.0000002
28281,0.0002178,0.0000005,0.0000002
28282,0.0002178,0.0000005,0.0000002
28283,0.0002178,0.0000005,0.0000002
28284,0.0002177,0.0000005,0.0000002
28285,0.0002177,0.0000005,0.0000002
28286,0.0002177,0.0000005,0.0000002
28287,0.0002176,0.0000005,0.0000002
28288,0.0002176,0.0000005,0.0000002
28289,0.0002176,0.0000005,0.0000002
28290,0.0002175,0.0000005,0.0000002
28291,0.0002175,0.0000005,0.0000002
28292,0.0002174,0.0000005,0.0000002
28293,0.0002174,0.0000005,0.0000002
28294,0.0002174,0.0000005,0.0000002
28295,0.0002173,0.0000005,0.0000002
28296,0.0002173,0.0000005,0.0000002
28297,0.0002173,0.0000005,0.0000002
28298,0.0002172,0.0000005,0.0000002
28299,0.0002172,0.0000005,0.0000002
28300,0.0002171,0.0000005,0.0000002
28301,0.0002171,0.0000005,0.0000002
28302,0.0002171,0.0000005,0.0000002
28303,0.0002170,0.0000005,0.0000002
28304,0.0002170,0.0000005,0.0000002
28305,0.0002170,0.0000005,0.0000002
28306,0.0002169,0.0000005,0.0000002
28307,0.0002169,0.0000005,0.0000002
28308,0.0002169,0.0000005,0.0000002
28309,0.0002168,0.0000005,0.0000002
28310,0.0002168,0.0000005,0.0000002
28311,0.0002167,0.0000005,0.0000002
28312,0.0002167,0.0000005,0.0000002
28313,0.0002167,0.0000005,0.0000002
28314,0.0002166,0.0000005,0.0000002
28315,0.0002166,0.0000005,0.0000002
28316,0.0002166,0.0000005,0.0000002
28317,0.0002165,0.0000005,0.0000002
28318,0.0002165,0.0000005,0.0000002
28319,0.0002165,0.0000005,0.0000002
28320,0.0002164,0.0000005,0.0000002
28321,0.0002164,0.0000005,0.0000002
28322,0.0002163,0.0000005,0.0000002
28323,0.0002163,0.0000005,0.0000002
28324,0.0002163,0.0000005,0.0000002
28325,0.0002162,0.0000005,0.0000002
28326,0.0002162,0.0000005,0.0000002
28327,0.0002162,0.0000005,0.0000002
28328,0.0002161,0.0000005,0.0000002
28329,0.0002161,0.0000005,0.0000002
28330,0.0002160,0.0000005,0.0000002
28331,0.0002160,0.0000005,0.0000002
28332,0.0002160,0.0000005,0.0000002
28333,0.0002159,0.0000005,0.0000002
28334,0.0002159,0.0000005,0.0000002
28335,0.0002159,0.0000005,0.0000002
28336,0.0002158,0.0000005,0.0000002
28337,0.0002158,0.0000005,0.0000002
28338,0.0002158,0.0000005,0.0000002
28339,0.0002157,0.0000005,0.0000002
28340,0.0002157,0.0000005,0.0000002
28341,0.0002156,0.0000005,0.0000002
28342,0.0002156,0.0000005,0.0000002
28343,0.0002156,0.0000005,0.0000002
28344,0.0002155,0.0000005,0.0000002
28345,0.0002155,0.0000005,0.0000002
28346,0.0002155,0.0000005,0.0000002
28347,0.0002154,0.0000005,0.0000002
28348,0.0002154,0.0000005,0.0000002
28349,0.0002154,0.0000005,0.0000002
28350,0.0002153,0.0000005,0.0000002
28351,0.0002153,0.0000005,0.0000002
28352,0.0002152,0.0000005,0.0000002
28353,0.0002152,0.0000005,0.0000002
28354,0.0002152,0.0000005,0.0000002
28355,0.0002151,0.0000005,0.0000002
28356,0.0002151,0.0000005,0.0000002
28357,0.0002151,0.0000005,0.0000002
28358,0.0002150,0.0000005,0.0000002
28359,0.0002150,0.0000005,0.0000002
28360,0.0002150,0.0000005,0.0000002
28361,0.0002149,0.0000005,0.0000002
28362,0.0002149,0.0000005,0.0000002
28363,0.0002148,0.0000005,0.0000002
28364,0.0002148,0.0000005,0.0000002
28365,0.0002148,0.0000005,0.0000002
28366,0.0002147,0.0000005,0.0000002
28367,0.0002147,0.0000005,0.0000002
28368,0.0002147,0.0000005,0.0000002
28369,0.0002146,0.0000005,0.0000002
28370,0.0002146,0.0000005,0.0000002
28371,0.0002146,0.0000005,0.0000002
28372,0.0002145,0.0000005,0.0000002
28373,0.0002145,0.0000005,0.0000002
28374,0.0002144,0.0000005,0.0000002
28375,0.0002144,0.0000005,0.0000002
28376,0.0002144,0.0000005,0.0000002
28377,0.0002143,0.0000005,0.0000002
28378,0.0002143,0.0000005,0.0000002
28379,0.0002143,0.0000005,0.0000002
28380,0.0002142,0.0000005,0.0000002
28381,0.0002142,0.0000005,0.0000002
28382,0.0002142,0.0000005,0.0000002
28383,0.0002141,0.0000005,0.0000002
28384,0.0002141,0.0000005,0.0000002
28385,0.0002141,0.0000005,0.0000002
28386,0.0002140,0.0000005,0.0000002
28387,0.0002140,0.0000005,0.0000002
28388,0.0002139,0.0000005,0.0000002
28389,0.0002139,0.0000005,0.0000002
28390,0.0002139,0.0000005,0.0000002
28391,0.0002138,0.0000005,0.0000002
28392,0.0002138,0.0000005,0.0000002
28393,0.0002138,0.0000005,0.0000002
28394,0.0002137,0.0000005,0.0000002
28395,0.0002137,0.0000005,0.0000002
28396,0.0002137,0.0000005,0.0000002
28397,0.0002136,0.0000005,0.0000002
28398,0.0002136,0.0000005,0.0000002
28399,0.0002135,0.0000005,0.0000002
28400,0.0002135,0.0000005,0.0000002
28401,0.0002135,0.0000005,0.0000002
28402,0.0002134,0.0000005,0.0000002
28403,0.0002134,0.0000005,0.0000002
28404,0.0002134,0.0000005,0.0000002
28405,0.0002133,0.0000005,0.0000002
28406,0.0002133,0.0000005,0.0000002
28407,0.0002133,0.0000005,0.0000002
28408,0.0002132,0.0000005,0.0000002
28409,0.0002132,0.0000005,0.0000002
28410,0.0002131,0.0000005,0.0000002
28411,0.0002131,0.0000005,0.0000002
28412,0.0002131,0.0000005,0.0000002
28413,0.0002130,0.0000005,0.0000002
28414,0.0002130,0.0000005,0.0000002
28415,0.0002130,0.0000005,0.0000002
28416,0.0002129,0.0000005,0.0000002
28417,0.0002129,0.0000005,0.0000002
28418,0.0002129,0.0000005,0.0000002
28419,0.0002128,0.0000005,0.0000002
28420,0.0002128,0.0000005,0.0000002
28421,0.0002128,0.0000005,0.0000002
28422,0.0002127,0.0000005,0.0000002
28423,0.0002127,0.0000005,0.0000002
28424,0.0002126,0.0000005,0.0000002
28425,0.0002126,0.0000005,0.0000002
28426,0.0002126,0.0000005,0.0000002
28427,0.0002125,0.0000005,0.0000002
28428,0.0002125,0.0000005,0.0000002
28429,0.0002125,0.0000005,0.0000002
28430,0.0002124,0.0000005,0.0000002
28431,0.0002124,0.0000005,0.0000002
28432,0.0002124,0.0000005,0.0000002
28433,0.0002123,0.0000005,0.0000002
28434,0.0002123,0.0000005,0.0000002
28435,0.0002122,0.0000005,0.0000002
28436,0.0002122,0.0000005,0.0000002
28437,0.0002122,0.0000005,0.0000002
28438,0.0002121,0.0000005,0.0000002
28439,0.0002121,0.0000005,0.0000002
28440,0.0002121,0.0000005,0.0000002
28441,0.0002120,0.0000005,0.0000002
28442,0.0002120,0.0000005,0.0000002
28443,0.0002120,0.0000005,0.0000002
28444,0.0002119,0.0000005,0.0000002
28445,0.0002119,0.0000005,0.0000002
28446,0.0002119,0.0000005,0.0000002
28447,0.0002118,0.0000005,0.0000002
28448,0.0002118,0.0000005,0.0000002
28449,0.0002117,0.0000005,0.0000002
28450,0.0002117,0.0000005,0.0000002
28451,0.0002117,0.0000005,0.0000002
28452,0.0002116,0.0000005,0.0000002
28453,0.0002116,0.0000005,0.0000002
28454,0.0002116,0.0000005,0.0000002
28455,0.0002115,0.0000005,0.0000002
28456,0.0002115,0.0000005,0.0000002
28457,0.0002115,0.0000005,0.0000002
28458,0.0002114,0.0000005,0.0000002
28459,0.0002114,0.0000005,0.0000002
28460,0.0002114,0.0000005,0.0000002
28461,0.0002113,0.0000005,0.0000002
28462,0.0002113,0.0000005,0.0000002
28463,0.0002112,0.0000005,0.0000002
28464,0.0002112,0.0000005,0.0000002
28465,0.0002112,0.0000005,0.0000002
28466,0.0002111,0.0000005,0.0000002
28467,0.0002111,0.0000005,0.0000002
28468,0.0002111,0.0000005,0.0000002
28469,0.0002110,0.0000005,0.0000002
28470,0.0002110,0.0000005,0.0000002
28471,0.0002110,0.0000005,0.0000002
28472,0.0002109,0.0000005,0.0000002
28473,0.0002109,0.0000005,0.0000002
28474,0.0002109,0.0000005,0.0000002
28475,0.0002108,0.0000005,0.0000002
28476,0.0002108,0.0000005,0.0000002
28477,0.0002107,0.0000005,0.0000002
28478,0.0002107,0.0000005,0.0000002
28479,0.0002107,0.0000005,0.0000002
28480,0.0002106,0.0000005,0.0000002
28481,0.0002106,0.0000005,0.0000002
28482,0.0002106,0.0000005,0.0000002
28483,0.0002105,0.0000005,0.0000002
28484,0.0002105,0.0000005,0.0000002
28485,0.0002105,0.0000005,0.0000002
28486,0.0002104,0.0000005,0.0000002
28487,0.0002104,0.0000005,0.0000002
28488,0.0002104,0.0000005,0.0000002
28489,0.0002103,0.0000005,0.0000002
28490,0.0002103,0.0000005,0.0000002
28491,0.0002103,0.0000005,0.0000002
28492,0.0002102,0.0000005,0.0000002
28493,0.0002102,0.0000005,0.0000002
28494,0.0002101,0.0000005,0.0000002
28495,0.0002101,0.0000005,0.0000002
28496,0.0002101,0.0000005,0.0000002
28497,0.0002100,0.0000005,0.0000002
28498,0.0002100,0.0000005,0.0000002
28499,0.0002100,0.0000005,0.0000002
28500,0.0002099,0.0000005,0.0000002
28501,0.0002099,0.0000005,0.0000002
28502,0.0002099,0.0000005,0.0000002
28503,0.0002098,0.0000005,0.0000002
28504,0.0002098,0.0000005,0.0000002
28505,0.0002098,0.0000005,0.0000002
28506,0.0002097,0.0000005,0.0000002
28507,0.0002097,0.0000005,0.0000002
28508,0.0002096,0.0000005,0.0000002
28509,0.0002096,0.0000005,0.0000002
28510,0.0002096,0.0000005,0.0000002
28511,0.0002095,0.0000005,0.0000002
28512,0.0002095,0.0000005,0.0000002
28513,0.0002095,0.0000005,0.0000002
28514,0.0002094,0.0000005,0.0000002
28515,0.0002094,0.0000005,0.0000002
28516,0.0002094,0.0000005,0.0000002
28517,0.0002093,0.0000005,0.0000002
28518,0.0002093,0.0000005,0.0000002
28519,0.0002093,0.0000005,0.0000002
28520,0.0002092,0.0000005,0.0000002
28521,0.0002092,0.0000005,0.0000002
28522,0.0002092,0.0000005,0.0000002
28523,0.0002091,0.0000005,0.0000002
28524,0.0002091,0.0000005,0.0000002
28525,0.0002090,0.0000005,0.0000002
28526,0.0002090,0.0000005,0.0000002
28527,0.0002090,0.0000005,0.0000002
28528,0.0002089,0.0000005,0.0000002
28529,0.0002089,0.0000005,0.0000002
28530,0.0002089,0.0000005,0.0000002
28531,0.0002088,0.0000005,0.0000002
28532,0.0002088,0.0000005,0.0000002
28533,0.0002088,0.0000005,0.0000002
28534,0.0002087,0.0000005,0.0000002
28535,0.0002087,0.0000005,0.0000002
28536,0.0002087,0.0000005,0.0000002
28537,0.0002086,0.0000005,0.0000002
28538,0.0002086,0.0000005,0.0000002
28539,0.0002086,0.0000005,0.0000002
28540,0.0002085,0.0000005,0.0000002
28541,0.0002085,0.0000005,0.0000002
28542,0.0002084,0.0000005,0.0000002
28543,0.0002084,0.0000005,0.0000002
28544,0.0002084,0.0000005,0.0000002
28545,0.0002083,0.0000005,0.0000002
28546,0.0002083,0.0000005,0.0000002
28547,0.0002083,0.0000005,0.0000002
28548,0.0002082,0.0000005,0.0000002
28549,0.0002082,0.0000005,0.0000002
28550,0.0002082,0.0000005,0.0000002
28551,0.0002081,0.0000005,0.0000002
28552,0.0002081,0.0000005,0.0000002
28553,0.0002081,0.0000005,0.0000002
28554,0.0002080,0.0000005,0.0000002
28555,0.0002080,0.0000005,0.0000002
28556,0.0002080,0.0000005,0.0000002
28557,0.0002079,0.0000005,0.0000002
28558,0.0002079,0.0000005,0.0000002
28559,0.0002079,0.0000005,0.0000002
28560,0.0002078,0.0000005,0.0000002
28561,0.0002078,0.0000005,0.0000002
28562,0.0002077,0.0000005,0.0000002
28563,0.0002077,0.0000005,0.0000002
28564,0.0002077,0.0000005,0.0000002
28565,0.0002076,0.0000005,0.0000002
28566,0.0002076,0.0000005,0.0000002
28567,0.0002076,0.0000005,0.0000002
28568,0.0002075,0.0000005,0.0000002
28569,0.0002075,0.0000005,0.0000002
28570,0.0002075,0.0000005,0.0000002
28571,0.0002074,0.0000005,0.0000002
28572,0.0002074,0.0000005,0.0000002
28573,0.0002074,0.0000005,0.0000002
28574,0.0002073,0.0000005,0.0000002
28575,0.0002073,0.0000005,0.0000002
28576,0.0002073,0.0000005,0.0000002
28577,0.0002072,0.0000005,0.0000002
28578,0.0002072,0.0000005,0.0000002
28579,0.0002072,0.0000005,0.0000002
28580,0.0002071,0.0000005,0.0000002
28581,0.0002071,0.0000005,0.0000002
28582,0.0002070,0.0000005,0.0000002
28583,0.0002070,0.0000005,0.0000002
28584,0.0002070,0.0000005,0.0000002
28585,0.0002069,0.0000005,0.0000002
28586,0.0002069,0.0000005,0.0000002
28587,0.0002069,0.0000005,0.0000002
28588,0.0002068,0.0000005,0.0000002
28589,0.0002068,0.0000005,0.0000002
28590,0.0002068,0.0000005,0.0000002
28591,0.0002067,0.0000005,0.0000002
28592,0.0002067,0.0000005,0.0000002
28593,0.0002067,0.0000005,0.0000002
28594,0.0002066,0.0000005,0.0000002
28595,0.0002066,0.0000005,0.0000002
28596,0.0002066,0.0000005,0.0000002
28597,0.0002065,0.0000005,0.0000002
28598,0.0002065,0.0000005,0.0000002
28599,0.0002065,0.0000005,0.0000002
28600,0.0002064,0.0000005,0.0000002
28601,0.0002064,0.0000005,0.0000002
28602,0.0002063,0.0000005,0.0000002
28603,0.0002063,0.0000005,0.0000002
28604,0.0002063,0.0000005,0.0000002
28605,0.0002062,0.0000005,0.0000002
28606,0.0002062,0.0000005,0.0000002
28607,0.0002062,0.0000005,0.0000002
28608,0.0002061,0.0000005,0.0000002
28609,0.0002061,0.0000005,0.0000002
28610,0.0002061,0.0000005,0.0000002
28611,0.0002060,0.0000005,0.0000002
28612,0.0002060,0.0000005,0.0000002
28613,0.0002060,0.0000005,0.0000002
28614,0.0002059,0.0000005,0.0000002
28615,0.0002059,0.0000005,0.0000002
28616,0.0002059,0.0000005,0.0000002
28617,0.0002058,0.0000005,0.0000002
28618,0.0002058,0.0000004,0.0000002
28619,0.0002058,0.0000004,0.0000002
28620,0.0002057,0.0000004,0.0000002
28621,0.0002057,0.0000004,0.0000002
28622,0.0002057,0.0000004,0.0000002
28623,0.0002056,0.0000004,0.0000002
28624,0.0002056,0.0000004,0.0000002
28625,0.0002055,0.0000004,0.0000002
28626,0.0002055,0.0000004,0.0000002
28627,0.0002055,0.0000004,0.0000002
28628,0.0002054,0.0000004,0.0000002
28629,0.0002054,0.0000004,0.0000002
28630,0.0002054,0.0000004,0.0000002
28631,0.0002053,0.0000004,0.0000002
28632,0.0002053,0.0000004,0.0000002
28633,0.0002053,0.0000004,0.0000002
28634,0.0002052,0.0000004,0.0000002
28635,0.0002052,0.0000004,0.0000002
28636,0.0002052,0.0000004,0.0000002
28637,0.0002051,0.0000004,0.0000002
28638,0.0002051,0.0000004,0.0000002
28639,0.0002051,0.0000004,0.0000002
28640,0.0002050,0.0000004,0.0000002
28641,0.0002050,0.0000004,0.0000002
28642,0.0002050,0.0000004,0.0000002
28643,0.0002049,0.0000004,0.0000002
28644,0.0002049,0.0000004,0.0000002
28645,0.0002049,0.0000004,0.0000002
28646,0.0002048,0.0000004,0.0000002
28647,0.0002048,0.0000004,0.0000002
28648,0.0002048,0.0000004,0.0000002
28649,0.0002047,0.0000004,0.0000002
28650,0.0002047,0.0000004,0.0000002
28651,0.0002046,0.0000004,0.0000002
28652,0.0002046,0.0000004,0.0000002
28653,0.0002046,0.0000004,0.0000002
28654,0.0002045,0.0000004,0.0000002
28655,0.0002045,0.0000004,0.0000002
28656,0.0002045,0.0000004,0.0000002
28657,0.0002044,0.0000004,0.0000002
28658,0.0002044,0.0000004,0.0000002
28659,0.0002044,0.0000004,0.0000002
28660,0.0002043,0.0000004,0.0000002
28661,0.0002043,0.0000004,0.0000002
28662,0.0002043,0.0000004,0.0000002
28663,0.0002042,0.0000004,0.0000002
28664,0.0002042,0.0000004,0.0000002
28665,0.0002042,0.0000004,0.0000002
28666,0.0002041,0.0000004,0.0000002
28667,0.0002041,0.0000004,0.0000002
28668,0.0002041,0.0000004,0.0000002
28669,0.0002040,0.0000004,0.0000002
28670,0.0002040,0.0000004,0.0000002
28671,0.0002040,0.0000004,0.0000002
28672,0.0002039,0.0000004,0.0000002
28673,0.0002039,0.0000004,0.0000002
28674,0.0002039,0.0000004,0.0000002
28675,0.0002038,0.0000004,0.0000002
28676,0.0002038,0.0000004,0.0000002
28677,0.0002038,0.0000004,0.0000002
28678,0.0002037,0.0000004,0.0000002
28679,0.0002037,0.0000004,0.0000002
28680,0.0002037,0.0000004,0.0000002
28681,0.0002036,0.0000004,0.0000002
28682,0.0002036,0.0000004,0.0000002
28683,0.0002035,0.0000004,0.0000002
28684,0.0002035,0.0000004,0.0000002
28685,0.0002035,0.0000004,0.0000002
28686,0.0002034,0.0000004,0.0000002
28687,0.0002034,0.0000004,0.0000002
28688,0.0002034,0.0000004,0.0000002
28689,0.0002033,0.0000004,0.0000002
28690,0.0002033,0.0000004,0.0000002
28691,0.0002033,0.0000004,0.0000002
28692,0.0002032,0.0000004,0.0000002
28693,0.0002032,0.0000004,0.0000002
28694,0.0002032,0.0000004,0.0000002
28695,0.0002031,0.0000004,0.0000002
28696,0.0002031,0.0000004,0.0000002
28697,0.0002031,0.0000004,0.0000002
28698,0.0002030,0.0000004,0.0000002
28699,0.0002030,0.0000004,0.0000002
28700,0.0002030,0.0000004,0.0000002
28701,0.0002029,0.0000004,0.0000002
28702,0.0002029,0.0000004,0.0000002
28703,0.0002029,0.0000004,0.0000002
28704,0.0002028,0.0000004,0.0000002
28705,0.0002028,0.0000004,0.0000002
28706,0.0002028,0.0000004,0.0000002
28707,0.0002027,0.0000004,0.0000002
28708,0.0002027,0.0000004,0.0000002
28709,0.0002027,0.0000004,0.0000002
28710,0.0002026,0.0000004,0.0000002
28711,0.0002026,0.0000004,0.0000002
28712,0.0002026,0.0000004,0.0000002
28713,0.0002025,0.0000004,0.0000002
28714,0.0002025,0.0000004,0.0000002
28715,0.0002025,0.0000004,0.0000002
28716,0.0002024,0.0000004,0.0000002
28717,0.0002024,0.0000004,0.0000002
28718,0.0002024,0.0000004,0.0000002
28719,0.0002023,0.0000004,0.0000002
28720,0.0002023,0.0000004,0.0000002
28721,0.0002022,0.0000004,0.0000002
28722,0.0002022,0.0000004,0.0000002
28723,0.0002022,0.0000004,0.0000002
28724,0.0002021,0.0000004,0.0000002
28725,0.0002021,0.0000004,0.0000002
28726,0.0002021,0.0000004,0.0000002
28727,0.0002020,0.0000004,0.0000002
28728,0.0002020,0.0000004,0.0000002
28729,0.0002020,0.0000004,0.0000002
28730,0.0002019,0.0000004,0.0000002
28731,0.0002019,0.0000004,0.0000002
28732,0.0002019,0.0000004,0.0000002
28733,0.0002018,0.0000004,0.0000002
28734,0.0002018,0.0000004,0.0000002
28735,0.0002018,0.0000004,0.0000002
28736,0.0002017,0.0000004,0.0000002
28737,0.0002017,0.0000004,0.0000002
28738,0.0002017,0.0000004,0.0000002
28739,0.0002016,0.0000004,0.0000002
28740,0.0002016,0.0000004,0.0000002
28741,0.0002016,0.0000004,0.0000002
28742,0.0002015,0.0000004,0.0000002
28743,0.0002015,0.0000004,0.0000002
28744,0.0002015,0.0000004,0.0000002
28745,0.0002014,0.0000004,0.0000002
28746,0.0002014,0.0000004,0.0000002
28747,0.0002014,0.0000004,0.0000002
28748,0.0002013,0.0000004,0.0000002
28749,0.0002013,0.0000004,0.0000002
28750,0.0002013,0.0000004,0.0000002
28751,0.0002012,0.0000004,0.0000002
28752,0.0002012,0.0000004,0.0000002
28753,0.0002012,0.0000004,0.0000002
28754,0.0002011,0.0000004,0.0000002
28755,0.0002011,0.0000004,0.0000002
28756,0.0002011,0.0000004,0.0000002
28757,0.0002010,0.0000004,0.0000002
28758,0.0002010,0.0000004,0.0000002
28759,0.0002010,0.0000004,0.0000002
28760,0.0002009,0.0000004,0.0000002
28761,0.0002009,0.0000004,0.0000002
28762,0.0002009,0.0000004,0.0000002
28763,0.0002008,0.0000004,0.0000002
28764,0.0002008,0.0000004,0.0000002
28765,0.0002008,0.0000004,0.0000002
28766,0.0002007,0.0000004,0.0000002
28767,0.0002007,0.0000004,0.0000002
28768,0.0002007,0.0000004,0.0000002
28769,0.0002006,0.0000004,0.0000002
28770,0.0002006,0.0000004,0.0000002
28771,0.0002006,0.0000004,0.0000002
28772,0.0002005,0.0000004,0.0000002
28773,0.0002005,0.0000004,0.0000002
28774,0.0002004,0.0000004,0.0000002
28775,0.0002004,0.0000004,0.0000002
28776,0.0002004,0.0000004,0.0000002
28777,0.0002003,0.0000004,0.0000002
28778,0.0002003,0.0000004,0.0000002
28779,0.0002003,0.0000004,0.0000002
28780,0.0002002,0.0000004,0.0000002
28781,0.0002002,0.0000004,0.0000002
28782,0.0002002,0.0000004,0.0000002
28783,0.0002001,0.0000004,0.0000002
28784,0.0002001,0.0000004,0.0000002
28785,0.0002001,0.0000004,0.0000002
28786,0.0002000,0.0000004,0.0000002
28787,0.0002000,0.0000004,0.0000002
28788,0.0002000,0.0000004,0.0000002
28789,0.0001999,0.0000004,0.0000002
28790,0.0001999,0.0000004,0.0000002
28791,0.0001999,0.0000004,0.0000002
28792,0.0001998,0.0000004,0.0000002
28793,0.0001998,0.0000004,0.0000002
28794,0.0001998,0.0000004,0.0000002
28795,0.0001997,0.0000004,0.0000002
28796,0.0001997,0.0000004,0.0000002
28797,0.0001997,0.0000004,0.0000002
28798,0.0001996,0.0000004,0.0000002
28799,0.0001996,0.0000004,0.0000002
28800,0.0001996,0.0000004,0.0000002
28801,0.0001995,0.0000004,0.0000002
28802,0.0001995,0.0000004,0.0000002
28803,0.0001995,0.0000004,0.0000002
28804,0.0001994,0.0000004,0.0000002
28805,0.0001994,0.0000004,0.0000002
28806,0.0001994,0.0000004,0.0000002
28807,0.0001993,0.0000004,0.0000002
28808,0.0001993,0.0000004,0.0000002
28809,0.0001993,0.0000004,0.0000002
28810,0.0001992,0.0000004,0.0000002
28811,0.0001992,0.0000004,0.0000002
28812,0.0001992,0.0000004,0.0000002
28813,0.0001991,0.0000004,0.0000002
28814,0.0001991,0.0000004,0.0000002
28815,0.0001991,0.0000004,0.0000002
28816,0.0001990,0.0000004,0.0000002
28817,0.0001990,0.0000004,0.0000002
28818,0.0001990,0.0000004,0.0000002
28819,0.0001989,0.0000004,0.0000002
28820,0.0001989,0.0000004,0.0000002
28821,0.0001989,0.0000004,0.0000002
28822,0.0001988,0.0000004,0.0000002
28823,0.0001988,0.0000004,0.0000002
28824,0.0001988,0.0000004,0.0000002
28825,0.0001987,0.0000004,0.0000002
28826,0.0001987,0.0000004,0.0000002
28827,0.0001987,0.0000004,0.0000002
28828,0.0001986,0.0000004,0.0000002
28829,0.0001986,0.0000004,0.0000002
28830,0.0001986,0.0000004,0.0000002
28831,0.0001985,0.0000004,0.0000002
28832,0.0001985,0.0000004,0.0000002
28833,0.0001985,0.0000004,0.0000002
28834,0.0001984,0.0000004,0.0000002
28835,0.0001984,0.0000004,0.0000002
28836,0.0001984,0.0000004,0.0000002
28837,0.0001983,0.0000004,0.0000002
28838,0.0001983,0.0000004,0.0000002
28839,0.0001983,0.0000004,0.0000002
28840,0.0001982,0.0000004,0.0000002
28841,0.0001982,0.0000004,0.0000002
28842,0.0001982,0.0000004,0.0000002
28843,0.0001981,0.0000004,0.0000002
28844,0.0001981,0.0000004,0.0000002
28845,0.0001981,0.0000004,0.0000002
28846,0.0001980,0.0000004,0.0000002
28847,0.0001980,0.0000004,0.0000002
28848,0.0001980,0.0000004,0.0000002
28849,0.0001979,0.0000004,0.0000002
28850,0.0001979,0.0000004,0.0000002
28851,0.0001979,0.0000004,0.0000002
28852,0.0001978,0.0000004,0.0000002
28853,0.0001978,0.0000004,0.0000002
28854,0.0001978,0.0000004,0.0000002
28855,0.0001977,0.0000004,0.0000002
28856,0.0001977,0.0000004,0.0000002
28857,0.0001977,0.0000004,0.0000002
28858,0.0001976,0.0000004,0.0000002
28859,0.0001976,0.0000004,0.0000002
28860,0.0001976,0.0000004,0.0000002
28861,0.0001975,0.0000004,0.0000002
28862,0.0001975,0.0000004,0.0000002
28863,0.0001975,0.0000004,0.0000002
28864,0.0001974,0.0000004,0.0000002
28865,0.0001974,0.0000004,0.0000002
28866,0.0001974,0.0000004,0.0000002
28867,0.0001973,0.0000004,0.0000002
28868,0.0001973,0.0000004,0.0000002
28869,0.0001973,0.0000004,0.0000002
28870,0.0001972,0.0000004,0.0000002
28871,0.0001972,0.0000004,0.0000002
28872,0.0001972,0.0000004,0.0000002
28873,0.0001971,0.0000004,0.0000002
28874,0.0001971,0.0000004,0.0000002
28875,0.0001971,0.0000004,0.0000002
28876,0.0001970,0.0000004,0.0000002
28877,0.0001970,0.0000004,0.0000002
28878,0.0001970,0.0000004,0.0000002
28879,0.0001969,0.0000004,0.0000002
28880,0.0001969,0.0000004,0.0000002
28881,0.0001969,0.0000004,0.0000002
28882,0.0001968,0.0000004,0.0000002
28883,0.0001968,0.0000004,0.0000002
28884,0.0001968,0.0000004,0.0000002
28885,0.0001967,0.0000004,0.0000002
28886,0.0001967,0.0000004,0.0000002
28887,0.0001967,0.0000004,0.0000002
28888,0.0001966,0.0000004,0.0000002
28889,0.0001966,0.0000004,0.0000002
28890,0.0001966,0.0000004,0.0000002
28891,0.0001965,0.0000004,0.0000002
28892,0.0001965,0.0000004,0.0000002
28893,0.0001965,0.0000004,0.0000002
28894,0.0001964,0.0000004,0.0000002
28895,0.0001964,0.0000004,0.0000002
28896,0.0001964,0.0000004,0.0000002
28897,0.0001963,0.0000004,0.0000002
28898,0.0001963,0.0000004,0.0000002
28899,0.0001963,0.0000004,0.0000002
28900,0.0001962,0.0000004,0.0000002
28901,0.0001962,0.0000004,0.0000002
28902,0.0001962,0.0000004,0.0000002
28903,0.0001961,0.0000004,0.0000002
28904,0.0001961,0.0000004,0.0000002
28905,0.0001961,0.0000004,0.0000002
28906,0.0001960,0.0000004,0.0000002
28907,0.0001960,0.0000004,0.0000002
28908,0.0001960,0.0000004,0.0000002
28909,0.0001959,0.0000004,0.0000002
28910,0.0001959,0.0000004,0.0000002
28911,0.0001959,0.0000004,0.0000002
28912,0.0001958,0.0000004,0.0000002
28913,0.0001958,0.0000004,0.0000002
28914,0.0001958,0.0000004,0.0000002
28915,0.0001957,0.0000004,0.0000002
28916,0.0001957,0.0000004,0.0000002
28917,0.0001957,0.0000004,0.0000002
28918,0.0001956,0.0000004,0.0000002
28919,0.0001956,0.0000004,0.0000002
28920,0.0001956,0.0000004,0.0000002
28921,0.0001955,0.0000004,0.0000002
28922,0.0001955,0.0000004,0.0000002
28923,0.0001955,0.0000004,0.0000002
28924,0.0001954,0.0000004,0.0000002
28925,0.0001954,0.0000004,0.0000002
28926,0.0001954,0.0000004,0.0000002
28927,0.0001953,0.0000004,0.0000002
28928,0.0001953,0.0000004,0.0000002
28929,0.0001953,0.0000004,0.0000002
28930,0.0001953,0.0000004,0.0000002
28931,0.0001952,0.0000004,0.0000002
28932,0.0001952,0.0000004,0.0000002
28933,0.0001952,0.0000004,0.0000002
28934,0.0001951,0.0000004,0.0000002
28935,0.0001951,0.0000004,0.0000002
28936,0.0001951,0.0000004,0.0000002
28937,0.0001950,0.0000004,0.0000002
28938,0.0001950,0.0000004,0.0000002
28939,0.0001950,0.0000004,0.0000002
28940,0.0001949,0.0000004,0.0000002
28941,0.0001949,0.0000004,0.0000002
28942,0.0001949,0.0000004,0.0000002
28943,0.0001948,0.0000004,0.0000002
28944,0.0001948,0.0000004,0.0000002
28945,0.0001948,0.0000004,0.0000002
28946,0.0001947,0.0000004,0.0000002
28947,0.0001947,0.0000004,0.0000002
28948,0.0001947,0.0000004,0.0000002
28949,0.0001946,0.0000004,0.0000002
28950,0.0001946,0.0000004,0.0000002
28951,0.0001946,0.0000004,0.0000002
28952,0.0001945,0.0000004,0.0000002
28953,0.0001945,0.0000004,0.0000002
28954,0.0001945,0.0000004,0.0000002
28955,0.0001944,0.0000004,0.0000002
28956,0.0001944,0.0000004,0.0000002
28957,0.0001944,0.0000004,0.0000002
28958,0.0001943,0.0000004,0.0000002
28959,0.0001943,0.0000004,0.0000002
28960,0.0001943,0.0000004,0.0000002
28961,0.0001942,0.0000004,0.0000002
28962,0.0001942,0.0000004,0.0000002
28963,0.0001942,0.0000004,0.0000002
28964,0.0001941,0.0000004,0.0000002
28965,0.0001941,0.0000004,0.0000002
28966,0.0001941,0.0000004,0.0000002
28967,0.0001940,0.0000004,0.0000002
28968,0.0001940,0.0000004,0.0000002
28969,0.0001940,0.0000004,0.0000002
28970,0.0001939,0.0000004,0.0000002
28971,0.0001939,0.0000004,0.0000002
28972,0.0001939,0.0000004,0.0000002
28973,0.0001938,0.0000004,0.0000002
28974,0.0001938,0.0000004,0.0000002
28975,0.0001938,0.0000004,0.0000002
28976,0.0001937,0.0000004,0.0000002
28977,0.0001937,0.0000004,0.0000002
28978,0.0001937,0.0000004,0.0000002
28979,0.0001936,0.0000004,0.0000002
28980,0.0001936,0.0000004,0.0000002
28981,0.0001936,0.0000004,0.0000002
28982,0.0001935,0.0000004,0.0000002
28983,0.0001935,0.0000004,0.0000002
28984,0.0001935,0.0000004,0.0000002
28985,0.0001935,0.0000004,0.0000002
28986,0.0001934,0.0000004,0.0000002
28987,0.0001934,0.0000004,0.0000002
28988,0.0001934,0.0000004,0.0000002
28989,0.0001933,0.0000004,0.0000002
28990,0.0001933,0.0000004,0.0000002
28991,0.0001933,0.0000004,0.0000002
28992,0.0001932,0.0000004,0.0000002
28993,0.0001932,0.0000004,0.0000002
28994,0.0001932,0.0000004,0.0000002
28995,0.0001931,0.0000004,0.0000002
28996,0.0001931,0.0000004,0.0000002
28997,0.0001931,0.0000004,0.0000002
28998,0.0001930,0.0000004,0.0000002
28999,0.0001930,0.0000004,0.0000002
29000,0.0001930,0.0000004,0.0000002
29001,0.0001929,0.0000004,0.0000002
29002,0.0001929,0.0000004,0.0000002
29003,0.0001929,0.0000004,0.0000002
29004,0.0001928,0.0000004,0.0000002
29005,0.0001928,0.0000004,0.0000002
29006,0.0001928,0.0000004,0.0000002
29007,0.0001927,0.0000004,0.0000002
29008,0.0001927,0.0000004,0.0000002
29009,0.0001927,0.0000004,0.0000002
29010,0.0001926,0.0000004,0.0000002
29011,0.0001926,0.0000004,0.0000002
29012,0.0001926,0.0000004,0.0000002
29013,0.0001925,0.0000004,0.0000002
29014,0.0001925,0.0000004,0.0000002
29015,0.0001925,0.0000004,0.0000002
29016,0.0001924,0.0000004,0.0000002
29017,0.0001924,0.0000004,0.0000002
29018,0.0001924,0.0000004,0.0000002
29019,0.0001923,0.0000004,0.0000002
29020,0.0001923,0.0000004,0.0000002
29021,0.0001923,0.0000004,0.0000002
29022,0.0001923,0.0000004,0.0000002
29023,0.0001922,0.0000004,0.0000002
29024,0.0001922,0.0000004,0.0000002
29025,0.0001922,0.0000004,0.0000002
29026,0.0001921,0.0000004,0.0000002
29027,0.0001921,0.0000004,0.0000002
29028,0.0001921,0.0000004,0.0000002
29029,0.0001920,0.0000004,0.0000002
29030,0.0001920,0.0000004,0.0000002
29031,0.0001920,0.0000004,0.0000002
29032,0.0001919,0.0000004,0.0000002
29033,0.0001919,0.0000004,0.0000002
29034,0.0001919,0.0000004,0.0000002
29035,0.0001918,0.0000004,0.0000002
29036,0.0001918,0.0000004,0.0000002
29037,0.0001918,0.0000004,0.0000002
29038,0.0001917,0.0000004,0.0000002
29039,0.0001917,0.0000004,0.0000002
29040,0.0001917,0.0000004,0.0000002
29041,0.0001916,0.0000004,0.0000002
29042,0.0001916,0.0000004,0.0000002
29043,0.0001916,0.0000004,0.0000002
29044,0.0001915,0.0000004,0.0000002
29045,0.0001915,0.0000004,0.0000002
29046,0.0001915,0.0000004,0.0000002
29047,0.0001914,0.0000004,0.0000002
29048,0.0001914,0.0000004,0.0000002
29049,0.0001914,0.0000004,0.0000002
29050,0.0001913,0.0000004,0.0000002
29051,0.0001913,0.0000004,0.0000002
29052,0.0001913,0.0000004,0.0000002
29053,0.0001913,0.0000004,0.0000002
29054,0.0001912,0.0000004,0.0000002
29055,0.0001912,0.0000004,0.0000002
29056,0.0001912,0.0000004,0.0000002
29057,0.0001911,0.0000004,0.0000002
29058,0.0001911,0.0000004,0.0000002
29059,0.0001911,0.0000004,0.0000002
29060,0.0001910,0.0000004,0.0000002
29061,0.0001910,0.0000004,0.0000002
29062,0.0001910,0.0000004,0.0000002
29063,0.0001909,0.0000004,0.0000002
29064,0.0001909,0.0000004,0.0000002
29065,0.0001909,0.0000004,0.0000002
29066,0.0001908,0.0000004,0.0000002
29067,0.0001908,0.0000004,0.0000002
29068,0.0001908,0.0000004,0.0000002
29069,0.0001907,0.0000004,0.0000002
29070,0.0001907,0.0000004,0.0000002
29071,0.0001907,0.0000004,0.0000002
29072,0.0001906,0.0000004,0.0000002
29073,0.0001906,0.0000004,0.0000002
29074,0.0001906,0.0000004,0.0000002
29075,0.0001905,0.0000004,0.0000002
29076,0.0001905,0.0000004,0.0000002
29077,0.0001905,0.0000004,0.0000002
29078,0.0001904,0.0000004,0.0000002
29079,0.0001904,0.0000004,0.0000002
29080,0.0001904,0.0000004,0.0000002
29081,0.0001904,0.0000004,0.0000002
29082,0.0001903,0.0000004,0.0000002
29083,0.0001903,0.0000004,0.0000002
29084,0.0001903,0.0000004,0.0000002
29085,0.0001902,0.0000004,0.0000002
29086,0.0001902,0.0000004,0.0000002
29087,0.0001902,0.0000004,0.0000002
29088,0.0001901,0.0000004,0.0000002
29089,0.0001901,0.0000004,0.0000002
29090,0.0001901,0.0000004,0.0000002
29091,0.0001900,0.0000004,0.0000002
29092,0.0001900,0.0000004,0.0000002
29093,0.0001900,0.0000004,0.0000002
29094,0.0001899,0.0000004,0.0000001
29095,0.0001899,0.0000004,0.0000001
29096,0.0001899,0.0000004,0.0000001
29097,0.0001898,0.0000004,0.0000001
29098,0.0001898,0.0000004,0.0000001
29099,0.0001898,0.0000004,0.0000001
29100,0.0001897,0.0000004,0.0000001
29101,0.0001897,0.0000004,0.0000001
29102,0.0001897,0.0000004,0.0000001
29103,0.0001896,0.0000004,0.0000001
29104,0.0001896,0.0000004,0.0000001
29105,0.0001896,0.0000004,0.0000001
29106,0.0001896,0.0000004,0.0000001
29107,0.0001895,0.0000004,0.0000001
29108,0.0001895,0.0000004,0.0000001
29109,0.0001895,0.0000004,0.0000001
29110,0.0001894,0.0000004,0.0000001
29111,0.0001894,0.0000004,0.0000001
29112,0.0001894,0.0000004,0.0000001
29113,0.0001893,0.0000004,0.0000001
29114,0.0001893,0.0000004,0.0000001
29115,0.0001893,0.0000004,0.0000001
29116,0.0001892,0.0000004,0.0000001
29117,0.0001892,0.0000004,0.0000001
29118,0.0001892,0.0000004,0.0000001
29119,0.0001891,0.0000004,0.0000001
29120,0.0001891,0.0000004,0.0000001
29121,0.0001891,0.0000004,0.0000001
29122,0.0001890,0.0000004,0.0000001
29123,0.0001890,0.0000004,0.0000001
29124,0.0001890,0.0000004,0.0000001
29125,0.0001889,0.0000004,0.0000001
29126,0.0001889,0.0000004,0.0000001
29127,0.0001889,0.0000004,0.0000001
29128,0.0001889,0.0000004,0.0000001
29129,0.0001888,0.0000004,0.0000001
29130,0.0001888,0.0000004,0.0000001
29131,0.0001888,0.0000004,0.0000001
29132,0.0001887,0.0000004,0.0000001
29133,0.0001887,0.0000004,0.0000001
29134,0.0001887,0.0000004,0.0000001
29135,0.0001886,0.0000004,0.0000001
29136,0.0001886,0.0000004,0.0000001
29137,0.0001886,0.0000004,0.0000001
29138,0.0001885,0.0000004,0.0000001
29139,0.0001885,0.0000004,0.0000001
29140,0.0001885,0.0000004,0.0000001
29141,0.0001884,0.0000004,0.0000001
29142,0.0001884,0.0000004,0.0000001
29143,0.0001884,0.0000004,0.0000001
29144,0.0001883,0.0000004,0.0000001
29145,0.0001883,0.0000004,0.0000001
29146,0.0001883,0.0000004,0.0000001
29147,0.0001883,0.0000004,0.0000001
29148,0.0001882,0.0000004,0.0000001
29149,0.0001882,0.0000004,0.0000001
29150,0.0001882,0.0000004,0.0000001
29151,0.0001881,0.0000004,0.0000001
29152,0.0001881,0.0000004,0.0000001
29153,0.0001881,0.0000004,0.0000001
29154,0.0001880,0.0000004,0.0000001
29155,0.0001880,0.0000004,0.0000001
29156,0.0001880,0.0000004,0.0000001
29157,0.0001879,0.0000004,0.0000001
29158,0.0001879,0.0000004,0.0000001
29159,0.0001879,0.0000004,0.0000001
29160,0.0001878,0.0000004,0.0000001
29161,0.0001878,0.0000004,0.0000001
29162,0.0001878,0.0000004,0.0000001
29163,0.0001877,0.0000004,0.0000001
29164,0.0001877,0.0000004,0.0000001
29165,0.0001877,0.0000004,0.0000001
29166,0.0001877,0.0000004,0.0000001
29167,0.0001876,0.0000004,0.0000001
29168,0.0001876,0.0000004,0.0000001
29169,0.0001876,0.0000004,0.0000001
29170,0.0001875,0.0000004,0.0000001
29171,0.0001875,0.0000004,0.0000001
29172,0.0001875,0.0000004,0.0000001
29173,0.0001874,0.0000004,0.0000001
29174,0.0001874,0.0000004,0.0000001
29175,0.0001874,0.0000004,0.0000001
29176,0.0001873,0.0000004,0.0000001
29177,0.0001873,0.0000004,0.0000001
29178,0.0001873,0.0000004,0.0000001
29179,0.0001872,0.0000004,0.0000001
29180,0.0001872,0.0000004,0.0000001
29181,0.0001872,0.0000004,0.0000001
29182,0.0001871,0.0000004,0.0000001
29183,0.0001871,0.0000004,0.0000001
29184,0.0001871,0.0000004,0.0000001
29185,0.0001871,0.0000004,0.0000001
29186,0.0001870,0.0000004,0.0000001
29187,0.0001870,0.0000004,0.0000001
29188,0.0001870,0.0000004,0.0000001
29189,0.0001869,0.0000004,0.0000001
29190,0.0001869,0.0000004,0.0000001
29191,0.0001869,0.0000004,0.0000001
29192,0.0001868,0.0000004,0.0000001
29193,0.0001868,0.0000004,0.0000001
29194,0.0001868,0.0000004,0.0000001
29195,0.0001867,0.0000004,0.0000001
29196,0.0001867,0.0000004,0.0000001
29197,0.0001867,0.0000004,0.0000001
29198,0.0001866,0.0000004,0.0000001
29199,0.0001866,0.0000004,0.0000001
29200,0.0001866,0.0000004,0.0000001
29201,0.0001866,0.0000004,0.0000001
29202,0.0001865,0.0000004,0.0000001
29203,0.0001865,0.0000004,0.0000001
29204,0.0001865,0.0000004,0.0000001
29205,0.0001864,0.0000004,0.0000001
29206,0.0001864,0.0000004,0.0000001
29207,0.0001864,0.0000004,0.0000001
29208,0.0001863,0.0000004,0.0000001
29209,0.0001863,0.0000004,0.0000001
29210,0.0001863,0.0000004,0.0000001
29211,0.0001862,0.0000004,0.0000001
29212,0.0001862,0.0000004,0.0000001
29213,0.0001862,0.0000004,0.0000001
29214,0.0001861,0.0000004,0.0000001
29215,0.0001861,0.0000004,0.0000001
29216,0.0001861,0.0000004,0.0000001
29217,0.0001860,0.0000004,0.0000001
29218,0.0001860,0.0000004,0.0000001
29219,0.0001860,0.0000004,0.0000001
29220,0.0001860,0.0000004,0.0000001
29221,0.0001859,0.0000004,0.0000001
29222,0.0001859,0.0000004,0.0000001
29223,0.0001859,0.0000004,0.0000001
29224,0.0001858,0.0000004,0.0000001
29225,0.0001858,0.0000004,0.0000001
29226,0.0001858,0.0000004,0.0000001
29227,0.0001857,0.0000004,0.0000001
29228,0.0001857,0.0000004,0.0000001
29229,0.0001857,0.0000004,0.0000001
29230,0.0001856,0.0000004,0.0000001
29231,0.0001856,0.0000004,0.0000001
29232,0.0001856,0.0000004,0.0000001
29233,0.0001856,0.0000004,0.0000001
29234,0.0001855,0.0000004,0.0000001
29235,0.0001855,0.0000004,0.0000001
29236,0.0001855,0.0000004,0.0000001
29237,0.0001854,0.0000004,0.0000001
29238,0.0001854,0.0000004,0.0000001
29239,0.0001854,0.0000004,0.0000001
29240,0.0001853,0.0000004,0.0000001
29241,0.0001853,0.0000004,0.0000001
29242,0.0001853,0.0000004,0.0000001
29243,0.0001852,0.0000004,0.0000001
29244,0.0001852,0.0000004,0.0000001
29245,0.0001852,0.0000004,0.0000001
29246,0.0001851,0.0000004,0.0000001
29247,0.0001851,0.0000004,0.0000001
29248,0.0001851,0.0000004,0.0000001
29249,0.0001851,0.0000004,0.0000001
29250,0.0001850,0.0000004,0.0000001
29251,0.0001850,0.0000004,0.0000001
29252,0.0001850,0.0000004,0.0000001
29253,0.0001849,0.0000004,0.0000001
29254,0.0001849,0.0000004,0.0000001
29255,0.0001849,0.0000004,0.0000001
29256,0.0001848,0.0000004,0.0000001
29257,0.0001848,0.0000004,0.0000001
29258,0.0001848,0.0000004,0.0000001
29259,0.0001847,0.0000004,0.0000001
29260,0.0001847,0.0000004,0.0000001
29261,0.0001847,0.0000004,0.0000001
29262,0.0001846,0.0000004,0.0000001
29263,0.0001846,0.0000004,0.0000001
29264,0.0001846,0.0000004,0.0000001
29265,0.0001846,0.0000004,0.0000001
29266,0.0001845,0.0000004,0.0000001
29267,0.0001845,0.0000004,0.0000001
29268,0.0001845,0.0000004,0.0000001
29269,0.0001844,0.0000004,0.0000001
29270,0.0001844,0.0000004,0.0000001
29271,0.0001844,0.0000004,0.0000001
29272,0.0001843,0.0000004,0.0000001
29273,0.0001843,0.0000004,0.0000001
29274,0.0001843,0.0000004,0.0000001
29275,0.0001842,0.0000004,0.0000001
29276,0.0001842,0.0000004,0.0000001
29277,0.0001842,0.0000004,0.0000001
29278,0.0001842,0.0000004,0.0000001
29279,0.0001841,0.0000004,0.0000001
29280,0.0001841,0.0000004,0.0000001
29281,0.0001841,0.0000004,0.0000001
29282,0.0001840,0.0000004,0.0000001
29283,0.0001840,0.0000004,0.0000001
29284,0.0001840,0.0000004,0.0000001
29285,0.0001839,0.0000004,0.0000001
29286,0.0001839,0.0000004,0.0000001
29287,0.0001839,0.0000004,0.0000001
29288,0.0001838,0.0000004,0.0000001
29289,0.0001838,0.0000004,0.0000001
29290,0.0001838,0.0000004,0.0000001
29291,0.0001838,0.0000004,0.0000001
29292,0.0001837,0.0000004,0.0000001
29293,0.0001837,0.0000004,0.0000001
29294,0.0001837,0.0000004,0.0000001
29295,0.0001836,0.0000004,0.0000001
29296,0.0001836,0.0000004,0.0000001
29297,0.0001836,0.0000004,0.0000001
29298,0.0001835,0.0000004,0.0000001
29299,0.0001835,0.0000004,0.0000001
29300,0.0001835,0.0000004,0.0000001
29301,0.0001834,0.0000004,0.0000001
29302,0.0001834,0.0000004,0.0000001
29303,0.0001834,0.0000004,0.0000001
29304,0.0001834,0.0000004,0.0000001
29305,0.0001833,0.0000004,0.0000001
29306,0.0001833,0.0000004,0.0000001
29307,0.0001833,0.0000004,0.0000001
29308,0.0001832,0.0000004,0.0000001
29309,0.0001832,0.0000004,0.0000001
29310,0.0001832,0.0000004,0.0000001
29311,0.0001831,0.0000004,0.0000001
29312,0.0001831,0.0000004,0.0000001
29313,0.0001831,0.0000004,0.0000001
29314,0.0001830,0.0000004,0.0000001
29315,0.0001830,0.0000004,0.0000001
29316,0.0001830,0.0000004,0.0000001
29317,0.0001830,0.0000004,0.0000001
29318,0.0001829,0.0000004,0.0000001
29319,0.0001829,0.0000004,0.0000001
29320,0.0001829,0.0000004,0.0000001
29321,0.0001828,0.0000004,0.0000001
29322,0.0001828,0.0000004,0.0000001
29323,0.0001828,0.0000004,0.0000001
29324,0.0001827,0.0000004,0.0000001
29325,0.0001827,0.0000004,0.0000001
29326,0.0001827,0.0000004,0.0000001
29327,0.0001826,0.0000004,0.0000001
29328,0.0001826,0.0000004,0.0000001
29329,0.0001826,0.0000004,0.0000001
29330,0.0001826,0.0000004,0.0000001
29331,0.0001825,0.0000004,0.0000001
29332,0.0001825,0.0000004,0.0000001
29333,0.0001825,0.0000004,0.0000001
29334,0.0001824,0.0000004,0.0000001
29335,0.0001824,0.0000004,0.0000001
29336,0.0001824,0.0000004,0.0000001
29337,0.0001823,0.0000004,0.0000001
29338,0.0001823,0.0000004,0.0000001
29339,0.0001823,0.0000004,0.0000001
29340,0.0001822,0.0000004,0.0000001
29341,0.0001822,0.0000004,0.0000001
29342,0.0001822,0.0000004,0.0000001
29343,0.0001822,0.0000004,0.0000001
29344,0.0001821,0.0000004,0.0000001
29345,0.0001821,0.0000004,0.0000001
29346,0.0001821,0.0000004,0.0000001
29347,0.0001820,0.0000004,0.0000001
29348,0.0001820,0.0000004,0.0000001
29349,0.0001820,0.0000004,0.0000001
29350,0.0001819,0.0000004,0.0000001
29351,0.0001819,0.0000004,0.0000001
29352,0.0001819,0.0000004,0.0000001
29353,0.0001818,0.0000004,0.0000001
29354,0.0001818,0.0000004,0.0000001
29355,0.0001818,0.0000004,0.0000001
29356,0.0001818,0.0000004,0.0000001
29357,0.0001817,0.0000004,0.0000001
29358,0.0001817,0.0000004,0.0000001
29359,0.0001817,0.0000004,0.0000001
29360,0.0001816,0.0000004,0.0000001
29361,0.0001816,0.0000004,0.0000001
29362,0.0001816,0.0000004,0.0000001
29363,0.0001815,0.0000004,0.0000001
29364,0.0001815,0.0000004,0.0000001
29365,0.0001815,0.0000004,0.0000001
29366,0.0001815,0.0000004,0.0000001
29367,0.0001814,0.0000004,0.0000001
29368,0.0001814,0.0000004,0.0000001
29369,0.0001814,0.0000004,0.0000001
29370,0.0001813,0.0000004,0.0000001
29371,0.0001813,0.0000004,0.0000001
29372,0.0001813,0.0000004,0.0000001
29373,0.0001812,0.0000004,0.0000001
29374,0.0001812,0.0000004,0.0000001
29375,0.0001812,0.0000004,0.0000001
29376,0.0001811,0.0000004,0.0000001
29377,0.0001811,0.0000004,0.0000001
29378,0.0001811,0.0000004,0.0000001
29379,0.0001811,0.0000004,0.0000001
29380,0.0001810,0.0000004,0.0000001
29381,0.0001810,0.0000004,0.0000001
29382,0.0001810,0.0000004,0.0000001
29383,0.0001809,0.0000004,0.0000001
29384,0.0001809,0.0000004,0.0000001
29385,0.0001809,0.0000004,0.0000001
29386,0.0001808,0.0000004,0.0000001
29387,0.0001808,0.0000004,0.0000001
29388,0.0001808,0.0000004,0.0000001
29389,0.0001808,0.0000004,0.0000001
29390,0.0001807,0.0000004,0.0000001
29391,0.0001807,0.0000004,0.0000001
29392,0.0001807,0.0000004,0.0000001
29393,0.0001806,0.0000004,0.0000001
29394,0.0001806,0.0000004,0.0000001
29395,0.0001806,0.0000004,0.0000001
29396,0.0001805,0.0000004,0.0000001
29397,0.0001805,0.0000004,0.0000001
29398,0.0001805,0.0000004,0.0000001
29399,0.0001804,0.0000004,0.0000001
29400,0.0001804,0.0000004,0.0000001
29401,0.0001804,0.0000004,0.0000001
29402,0.0001804,0.0000004,0.0000001
29403,0.0001803,0.0000004,0.0000001
29404,0.0001803,0.0000004,0.0000001
29405,0.0001803,0.0000004,0.0000001
29406,0.0001802,0.0000004,0.0000001
29407,0.0001802,0.0000004,0.0000001
29408,0.0001802,0.0000004,0.0000001
29409,0.0001801,0.0000004,0.0000001
29410,0.0001801,0.0000004,0.0000001
29411,0.0001801,0.0000004,0.0000001
29412,0.0001801,0.0000004,0.0000001
29413,0.0001800,0.0000004,0.0000001
29414,0.0001800,0.0000004,0.0000001
29415,0.0001800,0.0000004,0.0000001
29416,0.0001799,0.0000004,0.0000001
29417,0.0001799,0.0000004,0.0000001
29418,0.0001799,0.0000004,0.0000001
29419,0.0001798,0.0000004,0.0000001
29420,0.0001798,0.0000004,0.0000001
29421,0.0001798,0.0000004,0.0000001
29422,0.0001798,0.0000004,0.0000001
29423,0.0001797,0.0000004,0.0000001
29424,0.0001797,0.0000004,0.0000001
29425,0.0001797,0.0000004,0.0000001
29426,0.0001796,0.0000004,0.0000001
29427,0.0001796,0.0000004,0.0000001
29428,0.0001796,0.0000004,0.0000001
29429,0.0001795,0.0000004,0.0000001
29430,0.0001795,0.0000004,0.0000001
29431,0.0001795,0.0000004,0.0000001
29432,0.0001795,0.0000004,0.0000001
29433,0.0001794,0.0000004,0.0000001
29434,0.0001794,0.0000004,0.0000001
29435,0.0001794,0.0000004,0.0000001
29436,0.0001793,0.0000004,0.0000001
29437,0.0001793,0.0000004,0.0000001
29438,0.0001793,0.0000004,0.0000001
29439,0.0001792,0.0000004,0.0000001
29440,0.0001792,0.0000004,0.0000001
29441,0.0001792,0.0000004,0.0000001
29442,0.0001792,0.0000004,0.0000001
29443,0.0001791,0.0000004,0.0000001
29444,0.0001791,0.0000004,0.0000001
29445,0.0001791,0.0000004,0.0000001
29446,0.0001790,0.0000004,0.0000001
29447,0.0001790,0.0000004,0.0000001
29448,0.0001790,0.0000004,0.0000001
29449,0.0001789,0.0000004,0.0000001
29450,0.0001789,0.0000004,0.0000001
29451,0.0001789,0.0000004,0.0000001
29452,0.0001789,0.0000004,0.0000001
29453,0.0001788,0.0000004,0.0000001
29454,0.0001788,0.0000004,0.0000001
29455,0.0001788,0.0000004,0.0000001
29456,0.0001787,0.0000004,0.0000001
29457,0.0001787,0.0000004,0.0000001
29458,0.0001787,0.0000004,0.0000001
29459,0.0001786,0.0000004,0.0000001
29460,0.0001786,0.0000004,0.0000001
29461,0.0001786,0.0000004,0.0000001
29462,0.0001786,0.0000004,0.0000001
29463,0.0001785,0.0000004,0.0000001
29464,0.0001785,0.0000004,0.0000001
29465,0.0001785,0.0000004,0.0000001
29466,0.0001784,0.0000004,0.0000001
29467,0.0001784,0.0000004,0.0000001
29468,0.0001784,0.0000004,0.0000001
29469,0.0001783,0.0000004,0.0000001
29470,0.0001783,0.0000004,0.0000001
29471,0.0001783,0.0000004,0.0000001
29472,0.0001783,0.0000004,0.0000001
29473,0.0001782,0.0000004,0.0000001
29474,0.0001782,0.0000004,0.0000001
29475,0.0001782,0.0000004,0.0000001
29476,0.0001781,0.0000004,0.0000001
29477,0.0001781,0.0000004,0.0000001
29478,0.0001781,0.0000004,0.0000001
29479,0.0001780,0.0000004,0.0000001
29480,0.0001780,0.0000004,0.0000001
29481,0.0001780,0.0000004,0.0000001
29482,0.0001780,0.0000004,0.0000001
29483,0.0001779,0.0000004,0.0000001
29484,0.0001779,0.0000004,0.0000001
29485,0.0001779,0.0000004,0.0000001
29486,0.0001778,0.0000004,0.0000001
29487,0.0001778,0.0000004,0.0000001
29488,0.0001778,0.0000004,0.0000001
29489,0.0001777,0.0000004,0.0000001
29490,0.0001777,0.0000004,0.0000001
29491,0.0001777,0.0000004,0.0000001
29492,0.0001777,0.0000004,0.0000001
29493,0.0001776,0.0000004,0.0000001
29494,0.0001776,0.0000004,0.0000001
29495,0.0001776,0.0000004,0.0000001
29496,0.0001775,0.0000004,0.0000001
29497,0.0001775,0.0000004,0.0000001
29498,0.0001775,0.0000004,0.0000001
29499,0.0001774,0.0000004,0.0000001
29500,0.0001774,0.0000004,0.0000001
29501,0.0001774,0.0000004,0.0000001
29502,0.0001774,0.0000004,0.0000001
29503,0.0001773,0.0000004,0.0000001
29504,0.0001773,0.0000004,0.0000001
29505,0.0001773,0.0000004,0.0000001
29506,0.0001772,0.0000004,0.0000001
29507,0.0001772,0.0000004,0.0000001
29508,0.0001772,0.0000004,0.0000001
29509,0.0001772,0.0000004,0.0000001
29510,0.0001771,0.0000004,0.0000001
29511,0.0001771,0.0000004,0.0000001
29512,0.0001771,0.0000004,0.0000001
29513,0.0001770,0.0000004,0.0000001
29514,0.0001770,0.0000004,0.0000001
29515,0.0001770,0.0000004,0.0000001
29516,0.0001769,0.0000004,0.0000001
29517,0.0001769,0.0000004,0.0000001
29518,0.0001769,0.0000004,0.0000001
29519,0.0001769,0.0000004,0.0000001
29520,0.0001768,0.0000004,0.0000001
29521,0.0001768,0.0000004,0.0000001
29522,0.0001768,0.0000004,0.0000001
29523,0.0001767,0.0000004,0.0000001
29524,0.0001767,0.0000004,0.0000001
29525,0.0001767,0.0000004,0.0000001
29526,0.0001766,0.0000004,0.0000001
29527,0.0001766,0.0000004,0.0000001
29528,0.0001766,0.0000004,0.0000001
29529,0.0001766,0.0000004,0.0000001
29530,0.0001765,0.0000004,0.0000001
29531,0.0001765,0.0000004,0.0000001
29532,0.0001765,0.0000004,0.0000001
29533,0.0001764,0.0000004,0.0000001
29534,0.0001764,0.0000004,0.0000001
29535,0.0001764,0.0000004,0.0000001
29536,0.0001764,0.0000004,0.0000001
29537,0.0001763,0.0000004,0.0000001
29538,0.0001763,0.0000004,0.0000001
29539,0.0001763,0.0000004,0.0000001
29540,0.0001762,0.0000004,0.0000001
29541,0.0001762,0.0000004,0.0000001
29542,0.0001762,0.0000004,0.0000001
29543,0.0001761,0.0000004,0.0000001
29544,0.0001761,0.0000004,0.0000001
29545,0.0001761,0.0000004,0.0000001
29546,0.0001761,0.0000004,0.0000001
29547,0.0001760,0.0000004,0.0000001
29548,0.0001760,0.0000004,0.0000001
29549,0.0001760,0.0000004,0.0000001
29550,0.0001759,0.0000004,0.0000001
29551,0.0001759,0.0000004,0.0000001
29552,0.0001759,0.0000004,0.0000001
29553,0.0001758,0.0000004,0.0000001
29554,0.0001758,0.0000004,0.0000001
29555,0.0001758,0.0000004,0.0000001
29556,0.0001758,0.0000004,0.0000001
29557,0.0001757,0.0000004,0.0000001
29558,0.0001757,0.0000004,0.0000001
29559,0.0001757,0.0000004,0.0000001
29560,0.0001756,0.0000004,0.0000001
29561,0.0001756,0.0000004,0.0000001
29562,0.0001756,0.0000004,0.0000001
29563,0.0001756,0.0000004,0.0000001
29564,0.0001755,0.0000004,0.0000001
29565,0.0001755,0.0000004,0.0000001
29566,0.0001755,0.0000004,0.0000001
29567,0.0001754,0.0000004,0.0000001
29568,0.0001754,0.0000004,0.0000001
29569,0.0001754,0.0000004,0.0000001
29570,0.0001753,0.0000004,0.0000001
29571,0.0001753,0.0000004,0.0000001
29572,0.0001753,0.0000004,0.0000001
29573,0.0001753,0.0000004,0.0000001
29574,0.0001752,0.0000004,0.0000001
29575,0.0001752,0.0000004,0.0000001
29576,0.0001752,0.0000004,0.0000001
29577,0.0001751,0.0000004,0.0000001
29578,0.0001751,0.0000004,0.0000001
29579,0.0001751,0.0000004,0.0000001
29580,0.0001751,0.0000004,0.0000001
29581,0.0001750,0.0000004,0.0000001
29582,0.0001750,0.0000004,0.0000001
29583,0.0001750,0.0000004,0.0000001
29584,0.0001749,0.0000004,0.0000001
29585,0.0001749,0.0000004,0.0000001
29586,0.0001749,0.0000004,0.0000001
29587,0.0001748,0.0000004,0.0000001
29588,0.0001748,0.0000004,0.0000001
29589,0.0001748,0.0000004,0.0000001
29590,0.0001748,0.0000004,0.0000001
29591,0.0001747,0.0000004,0.0000001
29592,0.0001747,0.0000004,0.0000001
29593,0.0001747,0.0000004,0.0000001
29594,0.0001746,0.0000004,0.0000001
29595,0.0001746,0.0000004,0.0000001
29596,0.0001746,0.0000004,0.0000001
29597,0.0001746,0.0000004,0.0000001
29598,0.0001745,0.0000004,0.0000001
29599,0.0001745,0.0000004,0.0000001
29600,0.0001745,0.0000004,0.0000001
29601,0.0001744,0.0000004,0.0000001
29602,0.0001744,0.0000004,0.0000001
29603,0.0001744,0.0000004,0.0000001
29604,0.0001744,0.0000004,0.0000001
29605,0.0001743,0.0000004,0.0000001
29606,0.0001743,0.0000004,0.0000001
29607,0.0001743,0.0000004,0.0000001
29608,0.0001742,0.0000004,0.0000001
29609,0.0001742,0.0000004,0.0000001
29610,0.0001742,0.0000004,0.0000001
29611,0.0001741,0.0000004,0.0000001
29612,0.0001741,0.0000004,0.0000001
29613,0.0001741,0.0000004,0.0000001
29614,0.0001741,0.0000004,0.0000001
29615,0.0001740,0.0000004,0.0000001
29616,0.0001740,0.0000004,0.0000001
29617,0.0001740,0.0000004,0.0000001
29618,0.0001739,0.0000004,0.0000001
29619,0.0001739,0.0000004,0.0000001
29620,0.0001739,0.0000004,0.0000001
29621,0.0001739,0.0000004,0.0000001
29622,0.0001738,0.0000004,0.0000001
29623,0.0001738,0.0000004,0.0000001
29624,0.0001738,0.0000004,0.0000001
29625,0.0001737,0.0000004,0.0000001
29626,0.0001737,0.0000004,0.0000001
29627,0.0001737,0.0000004,0.0000001
29628,0.0001737,0.0000004,0.0000001
29629,0.0001736,0.0000004,0.0000001
29630,0.0001736,0.0000004,0.0000001
29631,0.0001736,0.0000004,0.0000001
29632,0.0001735,0.0000004,0.0000001
29633,0.0001735,0.0000004,0.0000001
29634,0.0001735,0.0000004,0.0000001
29635,0.0001734,0.0000004,0.0000001
29636,0.0001734,0.0000004,0.0000001
29637,0.0001734,0.0000004,0.0000001
29638,0.0001734,0.0000004,0.0000001
29639,0.0001733,0.0000004,0.0000001
29640,0.0001733,0.0000004,0.0000001
29641,0.0001733,0.0000004,0.0000001
29642,0.0001732,0.0000004,0.0000001
29643,0.0001732,0.0000004,0.0000001
29644,0.0001732,0.0000004,0.0000001
29645,0.0001732,0.0000004,0.0000001
29646,0.0001731,0.0000004,0.0000001
29647,0.0001731,0.0000004,0.0000001
29648,0.0001731,0.0000004,0.0000001
29649,0.0001730,0.0000004,0.0000001
29650,0.0001730,0.0000004,0.0000001
29651,0.0001730,0.0000004,0.0000001
29652,0.0001730,0.0000004,0.0000001
29653,0.0001729,0.0000004,0.0000001
29654,0.0001729,0.0000004,0.0000001
29655,0.0001729,0.0000004,0.0000001
29656,0.0001728,0.0000004,0.0000001
29657,0.0001728,0.0000004,0.0000001
29658,0.0001728,0.0000004,0.0000001
29659,0.0001728,0.0000004,0.0000001
29660,0.0001727,0.0000004,0.0000001
29661,0.0001727,0.0000004,0.0000001
29662,0.0001727,0.0000004,0.0000001
29663,0.0001726,0.0000004,0.0000001
29664,0.0001726,0.0000004,0.0000001
29665,0.0001726,0.0000004,0.0000001
29666,0.0001725,0.0000004,0.0000001
29667,0.0001725,0.0000004,0.0000001
29668,0.0001725,0.0000004,0.0000001
29669,0.0001725,0.0000004,0.0000001
29670,0.0001724,0.0000004,0.0000001
29671,0.0001724,0.0000004,0.0000001
29672,0.0001724,0.0000004,0.0000001
29673,0.0001723,0.0000004,0.0000001
29674,0.0001723,0.0000004,0.0000001
29675,0.0001723,0.0000004,0.0000001
29676,0.0001723,0.0000004,0.0000001
29677,0.0001722,0.0000004,0.0000001
29678,0.0001722,0.0000004,0.0000001
29679,0.0001722,0.0000004,0.0000001
29680,0.0001721,0.0000004,0.0000001
29681,0.0001721,0.0000004,0.0000001
29682,0.0001721,0.0000004,0.0000001
29683,0.0001721,0.0000004,0.0000001
29684,0.0001720,0.0000004,0.0000001
29685,0.0001720,0.0000004,0.0000001
29686,0.0001720,0.0000004,0.0000001
29687,0.0001719,0.0000004,0.0000001
29688,0.0001719,0.0000004,0.0000001
29689,0.0001719,0.0000004,0.0000001
29690,0.0001719,0.0000004,0.0000001
29691,0.0001718,0.0000004,0.0000001
29692,0.0001718,0.0000004,0.0000001
29693,0.0001718,0.0000004,0.0000001
29694,0.0001717,0.0000004,0.0000001
29695,0.0001717,0.0000004,0.0000001
29696,0.0001717,0.0000004,0.0000001
29697,0.0001717,0.0000004,0.0000001
29698,0.0001716,0.0000004,0.0000001
29699,0.0001716,0.0000004,0.0000001
29700,0.0001716,0.0000004,0.0000001
29701,0.0001715,0.0000004,0.0000001
29702,0.0001715,0.0000004,0.0000001
29703,0.0001715,0.0000004,0.0000001
29704,0.0001715,0.0000004,0.0000001
29705,0.0001714,0.0000004,0.0000001
29706,0.0001714,0.0000004,0.0000001
29707,0.0001714,0.0000004,0.0000001
29708,0.0001713,0.0000004,0.0000001
29709,0.0001713,0.0000004,0.0000001
29710,0.0001713,0.0000004,0.0000001
29711,0.0001713,0.0000004,0.0000001
29712,0.0001712,0.0000004,0.0000001
29713,0.0001712,0.0000004,0.0000001
29714,0.0001712,0.0000004,0.0000001
29715,0.0001711,0.0000004,0.0000001
29716,0.0001711,0.0000004,0.0000001
29717,0.0001711,0.0000004,0.0000001
29718,0.0001711,0.0000004,0.0000001
29719,0.0001710,0.0000004,0.0000001
29720,0.0001710,0.0000004,0.0000001
29721,0.0001710,0.0000004,0.0000001
29722,0.0001709,0.0000004,0.0000001
29723,0.0001709,0.0000004,0.0000001
29724,0.0001709,0.0000004,0.0000001
29725,0.0001709,0.0000004,0.0000001
29726,0.0001708,0.0000004,0.0000001
29727,0.0001708,0.0000004,0.0000001
29728,0.0001708,0.0000004,0.0000001
29729,0.0001707,0.0000004,0.0000001
29730,0.0001707,0.0000004,0.0000001
29731,0.0001707,0.0000004,0.0000001
29732,0.0001707,0.0000004,0.0000001
29733,0.0001706,0.0000004,0.0000001
29734,0.0001706,0.0000004,0.0000001
29735,0.0001706,0.0000004,0.0000001
29736,0.0001705,0.0000004,0.0000001
29737,0.0001705,0.0000004,0.0000001
29738,0.0001705,0.0000004,0.0000001
29739,0.0001705,0.0000004,0.0000001
29740,0.0001704,0.0000004,0.0000001
29741,0.0001704,0.0000004,0.0000001
29742,0.0001704,0.0000004,0.0000001
29743,0.0001703,0.0000004,0.0000001
29744,0.0001703,0.0000004,0.0000001
29745,0.0001703,0.0000004,0.0000001
29746,0.0001703,0.0000004,0.0000001
29747,0.0001702,0.0000004,0.0000001
29748,0.0001702,0.0000004,0.0000001
29749,0.0001702,0.0000004,0.0000001
29750,0.0001701,0.0000004,0.0000001
29751,0.0001701,0.0000004,0.0000001
29752,0.0001701,0.0000004,0.0000001
29753,0.0001701,0.0000004,0.0000001
29754,0.0001700,0.0000004,0.0000001
29755,0.0001700,0.0000004,0.0000001
29756,0.0001700,0.0000004,0.0000001
29757,0.0001699,0.0000004,0.0000001
29758,0.0001699,0.0000004,0.0000001
29759,0.0001699,0.0000004,0.0000001
29760,0.0001699,0.0000004,0.0000001
29761,0.0001698,0.0000004,0.0000001
29762,0.0001698,0.0000004,0.0000001
29763,0.0001698,0.0000004,0.0000001
29764,0.0001697,0.0000004,0.0000001
29765,0.0001697,0.0000004,0.0000001
29766,0.0001697,0.0000004,0.0000001
29767,0.0001697,0.0000004,0.0000001
29768,0.0001696,0.0000004,0.0000001
29769,0.0001696,0.0000004,0.0000001
29770,0.0001696,0.0000004,0.0000001
29771,0.0001695,0.0000004,0.0000001
29772,0.0001695,0.0000004,0.0000001
29773,0.0001695,0.0000004,0.0000001
29774,0.0001695,0.0000004,0.0000001
29775,0.0001694,0.0000004,0.0000001
29776,0.0001694,0.0000004,0.0000001
29777,0.0001694,0.0000004,0.0000001
29778,0.0001693,0.0000004,0.0000001
29779,0.0001693,0.0000004,0.0000001
29780,0.0001693,0.0000004,0.0000001
29781,0.0001693,0.0000004,0.0000001
29782,0.0001692,0.0000004,0.0000001
29783,0.0001692,0.0000004,0.0000001
29784,0.0001692,0.0000004,0.0000001
29785,0.0001691,0.0000004,0.0000001
29786,0.0001691,0.0000004,0.0000001
29787,0.0001691,0.0000004,0.0000001
29788,0.0001691,0.0000004,0.0000001
29789,0.0001690,0.0000004,0.0000001
29790,0.0001690,0.0000004,0.0000001
29791,0.0001690,0.0000004,0.0000001
29792,0.0001689,0.0000004,0.0000001
29793,0.0001689,0.0000004,0.0000001
29794,0.0001689,0.0000004,0.0000001
29795,0.0001689,0.0000004,0.0000001
29796,0.0001688,0.0000004,0.0000001
29797,0.0001688,0.0000004,0.0000001
29798,0.0001688,0.0000004,0.0000001
29799,0.0001687,0.0000004,0.0000001
29800,0.0001687,0.0000004,0.0000001
29801,0.0001687,0.0000004,0.0000001
29802,0.0001687,0.0000004,0.0000001
29803,0.0001686,0.0000004,0.0000001
29804,0.0001686,0.0000004,0.0000001
29805,0.0001686,0.0000004,0.0000001
29806,0.0001686,0.0000004,0.0000001
29807,0.0001685,0.0000004,0.0000001
29808,0.0001685,0.0000004,0.0000001
29809,0.0001685,0.0000004,0.0000001
29810,0.0001684,0.0000004,0.0000001
29811,0.0001684,0.0000004,0.0000001
29812,0.0001684,0.0000004,0.0000001
29813,0.0001684,0.0000004,0.0000001
29814,0.0001683,0.0000004,0.0000001
29815,0.0001683,0.0000004,0.0000001
29816,0.0001683,0.0000004,0.0000001
29817,0.0001682,0.0000004,0.0000001
29818,0.0001682,0.0000004,0.0000001
29819,0.0001682,0.0000004,0.0000001
29820,0.0001682,0.0000004,0.0000001
29821,0.0001681,0.0000004,0.0000001
29822,0.0001681,0.0000004,0.0000001
29823,0.0001681,0.0000004,0.0000001
29824,0.0001680,0.0000004,0.0000001
29825,0.0001680,0.0000004,0.0000001
29826,0.0001680,0.0000004,0.0000001
29827,0.0001680,0.0000004,0.0000001
29828,0.0001679,0.0000004,0.0000001
29829,0.0001679,0.0000004,0.0000001
29830,0.0001679,0.0000004,0.0000001
29831,0.0001678,0.0000004,0.0000001
29832,0.0001678,0.0000004,0.0000001
29833,0.0001678,0.0000004,0.0000001
29834,0.0001678,0.0000004,0.0000001
29835,0.0001677,0.0000004,0.0000001
29836,0.0001677,0.0000004,0.0000001
29837,0.0001677,0.0000004,0.0000001
29838,0.0001677,0.0000004,0.0000001
29839,0.0001676,0.0000004,0.0000001
29840,0.0001676,0.0000004,0.0000001
29841,0.0001676,0.0000004,0.0000001
29842,0.0001675,0.0000004,0.0000001
29843,0.0001675,0.0000004,0.0000001
29844,0.0001675,0.0000004,0.0000001
29845,0.0001675,0.0000004,0.0000001
29846,0.0001674,0.0000004,0.0000001
29847,0.0001674,0.0000004,0.0000001
29848,0.0001674,0.0000004,0.0000001
29849,0.0001673,0.0000004,0.0000001
29850,0.0001673,0.0000004,0.0000001
29851,0.0001673,0.0000004,0.0000001
29852,0.0001673,0.0000004,0.0000001
29853,0.0001672,0.0000004,0.0000001
29854,0.0001672,0.0000004,0.0000001
29855,0.0001672,0.0000004,0.0000001
29856,0.0001671,0.0000004,0.0000001
29857,0.0001671,0.0000004,0.0000001
29858,0.0001671,0.0000004,0.0000001
29859,0.0001671,0.0000004,0.0000001
29860,0.0001670,0.0000004,0.0000001
29861,0.0001670,0.0000004,0.0000001
29862,0.0001670,0.0000004,0.0000001
29863,0.0001670,0.0000004,0.0000001
29864,0.0001669,0.0000004,0.0000001
29865,0.0001669,0.0000004,0.0000001
29866,0.0001669,0.0000004,0.0000001
29867,0.0001668,0.0000004,0.0000001
29868,0.0001668,0.0000004,0.0000001
29869,0.0001668,0.0000004,0.0000001
29870,0.0001668,0.0000004,0.0000001
29871,0.0001667,0.0000004,0.0000001
29872,0.0001667,0.0000004,0.0000001
29873,0.0001667,0.0000004,0.0000001
29874,0.0001666,0.0000004,0.0000001
29875,0.0001666,0.0000004,0.0000001
29876,0.0001666,0.0000004,0.0000001
29877,0.0001666,0.0000004,0.0000001
29878,0.0001665,0.0000004,0.0000001
29879,0.0001665,0.0000004,0.0000001
29880,0.0001665,0.0000004,0.0000001
29881,0.0001665,0.0000004,0.0000001
29882,0.0001664,0.0000004,0.0000001
29883,0.0001664,0.0000004,0.0000001
29884,0.0001664,0.0000004,0.0000001
29885,0.0001663,0.0000004,0.0000001
29886,0.0001663,0.0000004,0.0000001
29887,0.0001663,0.0000004,0.0000001
29888,0.0001663,0.0000004,0.0000001
29889,0.0001662,0.0000004,0.0000001
29890,0.0001662,0.0000004,0.0000001
29891,0.0001662,0.0000004,0.0000001
29892,0.0001661,0.0000004,0.0000001
29893,0.0001661,0.0000004,0.0000001
29894,0.0001661,0.0000004,0.0000001
29895,0.0001661,0.0000004,0.0000001
29896,0.0001660,0.0000004,0.0000001
29897,0.0001660,0.0000004,0.0000001
29898,0.0001660,0.0000004,0.0000001
29899,0.0001659,0.0000004,0.0000001
29900,0.0001659,0.0000004,0.0000001
29901,0.0001659,0.0000004,0.0000001
29902,0.0001659,0.0000004,0.0000001
29903,0.0001658,0.0000004,0.0000001
29904,0.0001658,0.0000004,0.0000001
29905,0.0001658,0.0000004,0.0000001
29906,0.0001658,0.0000004,0.0000001
29907,0.0001657,0.0000004,0.0000001
29908,0.0001657,0.0000004,0.0000001
29909,0.0001657,0.0000004,0.0000001
29910,0.0001656,0.0000004,0.0000001
29911,0.0001656,0.0000004,0.0000001
29912,0.0001656,0.0000004,0.0000001
29913,0.0001656,0.0000004,0.0000001
29914,0.0001655,0.0000004,0.0000001
29915,0.0001655,0.0000004,0.0000001
29916,0.0001655,0.0000004,0.0000001
29917,0.0001655,0.0000004,0.0000001
29918,0.0001654,0.0000004,0.0000001
29919,0.0001654,0.0000004,0.0000001
29920,0.0001654,0.0000004,0.0000001
29921,0.0001653,0.0000004,0.0000001
29922,0.0001653,0.0000004,0.0000001
29923,0.0001653,0.0000004,0.0000001
29924,0.0001653,0.0000004,0.0000001
29925,0.0001652,0.0000004,0.0000001
29926,0.0001652,0.0000004,0.0000001
29927,0.0001652,0.0000004,0.0000001
29928,0.0001651,0.0000004,0.0000001
29929,0.0001651,0.0000004,0.0000001
29930,0.0001651,0.0000004,0.0000001
29931,0.0001651,0.0000004,0.0000001
29932,0.0001650,0.0000004,0.0000001
29933,0.0001650,0.0000004,0.0000001
29934,0.0001650,0.0000004,0.0000001
29935,0.0001650,0.0000004,0.0000001
29936,0.0001649,0.0000004,0.0000001
29937,0.0001649,0.0000004,0.0000001
29938,0.0001649,0.0000004,0.0000001
29939,0.0001648,0.0000004,0.0000001
29940,0.0001648,0.0000004,0.0000001
29941,0.0001648,0.0000004,0.0000001
29942,0.0001648,0.0000004,0.0000001
29943,0.0001647,0.0000004,0.0000001
29944,0.0001647,0.0000004,0.0000001
29945,0.0001647,0.0000004,0.0000001
29946,0.0001647,0.0000004,0.0000001
29947,0.0001646,0.0000004,0.0000001
29948,0.0001646,0.0000004,0.0000001
29949,0.0001646,0.0000004,0.0000001
29950,0.0001645,0.0000004,0.0000001
29951,0.0001645,0.0000004,0.0000001
29952,0.0001645,0.0000004,0.0000001
29953,0.0001645,0.0000004,0.0000001
29954,0.0001644,0.0000004,0.0000001
29955,0.0001644,0.0000004,0.0000001
29956,0.0001644,0.0000004,0.0000001
29957,0.0001643,0.0000004,0.0000001
29958,0.0001643,0.0000004,0.0000001
29959,0.0001643,0.0000004,0.0000001
29960,0.0001643,0.0000004,0.0000001
29961,0.0001642,0.0000004,0.0000001
29962,0.0001642,0.0000004,0.0000001
29963,0.0001642,0.0000004,0.0000001
29964,0.0001642,0.0000004,0.0000001
29965,0.0001641,0.0000004,0.0000001
29966,0.0001641,0.0000004,0.0000001
29967,0.0001641,0.0000004,0.0000001
29968,0.0001640,0.0000004,0.0000001
29969,0.0001640,0.0000004,0.0000001
29970,0.0001640,0.0000004,0.0000001
29971,0.0001640,0.0000004,0.0000001
29972,0.0001639,0.0000004,0.0000001
29973,0.0001639,0.0000004,0.0000001
29974,0.0001639,0.0000004,0.0000001
29975,0.0001639,0.0000004,0.0000001
29976,0.0001638,0.0000004,0.0000001
29977,0.0001638,0.0000004,0.0000001
29978,0.0001638,0.0000004,0.0000001
29979,0.0001637,0.0000004,0.0000001
29980,0.0001637,0.0000004,0.0000001
29981,0.0001637,0.0000004,0.0000001
29982,0.0001637,0.0000004,0.0000001
29983,0.0001636,0.0000004,0.0000001
29984,0.0001636,0.0000004,0.0000001
29985,0.0001636,0.0000004,0.0000001
29986,0.0001636,0.0000004,0.0000001
29987,0.0001635,0.0000004,0.0000001
29988,0.0001635,0.0000004,0.0000001
29989,0.0001635,0.0000004,0.0000001
29990,0.0001634,0.0000004,0.0000001
29991,0.0001634,0.0000004,0.0000001
29992,0.0001634,0.0000004,0.0000001
29993,0.0001634,0.0000004,0.0000001
29994,0.0001633,0.0000004,0.0000001
29995,0.0001633,0.0000004,0.0000001
29996,0.0001633,0.0000004,0.0000001
29997,0.0001633,0.0000004,0.0000001
29998,0.0001632,0.0000004,0.0000001
29999,0.0001632,0.0000004,0.0000001
30000,0.0001632,0.0000004,0.0000001
30001,0.0001631,0.0000004,0.0000001
30002,0.0001631,0.0000004,0.0000001
30003,0.0001631,0.0000004,0.0000001
30004,0.0001631,0.0000004,0.0000001
30005,0.0001630,0.0000004,0.0000001
30006,0.0001630,0.0000004,0.0000001
30007,0.0001630,0.0000004,0.0000001
30008,0.0001630,0.0000004,0.0000001
30009,0.0001629,0.0000004,0.0000001
30010,0.0001629,0.0000004,0.0000001
30011,0.0001629,0.0000004,0.0000001
30012,0.0001628,0.0000004,0.0000001
30013,0.0001628,0.0000004,0.0000001
30014,0.0001628,0.0000004,0.0000001
30015,0.0001628,0.0000004,0.0000001
30016,0.0001627,0.0000004,0.0000001
30017,0.0001627,0.0000004,0.0000001
30018,0.0001627,0.0000004,0.0000001
30019,0.0001627,0.0000004,0.0000001
30020,0.0001626,0.0000004,0.0000001
30021,0.0001626,0.0000004,0.0000001
30022,0.0001626,0.0000004,0.0000001
30023,0.0001625,0.0000004,0.0000001
30024,0.0001625,0.0000004,0.0000001
30025,0.0001625,0.0000004,0.0000001
30026,0.0001625,0.0000004,0.0000001
30027,0.0001624,0.0000004,0.0000001
30028,0.0001624,0.0000004,0.0000001
30029,0.0001624,0.0000004,0.0000001
30030,0.0001624,0.0000004,0.0000001
30031,0.0001623,0.0000004,0.0000001
30032,0.0001623,0.0000004,0.0000001
30033,0.0001623,0.0000004,0.0000001
30034,0.0001622,0.0000004,0.0000001
30035,0.0001622,0.0000004,0.0000001
30036,0.0001622,0.0000004,0.0000001
30037,0.0001622,0.0000004,0.0000001
30038,0.0001621,0.0000004,0.0000001
30039,0.0001621,0.0000004,0.0000001
30040,0.0001621,0.0000004,0.0000001
30041,0.0001621,0.0000004,0.0000001
30042,0.0001620,0.0000004,0.0000001
30043,0.0001620,0.0000004,0.0000001
30044,0.0001620,0.0000004,0.0000001
30045,0.0001619,0.0000004,0.0000001
30046,0.0001619,0.0000004,0.0000001
30047,0.0001619,0.0000004,0.0000001
30048,0.0001619,0.0000004,0.0000001
30049,0.0001618,0.0000004,0.0000001
30050,0.0001618,0.0000004,0.0000001
30051,0.0001618,0.0000004,0.0000001
30052,0.0001618,0.0000004,0.0000001
30053,0.0001617,0.0000004,0.0000001
30054,0.0001617,0.0000004,0.0000001
30055,0.0001617,0.0000004,0.0000001
30056,0.0001617,0.0000004,0.0000001
30057,0.0001616,0.0000004,0.0000001
30058,0.0001616,0.0000004,0.0000001
30059,0.0001616,0.0000004,0.0000001
30060,0.0001615,0.0000004,0.0000001
30061,0.0001615,0.0000004,0.0000001
30062,0.0001615,0.0000004,0.0000001
30063,0.0001615,0.0000004,0.0000001
30064,0.0001614,0.0000004,0.0000001
30065,0.0001614,0.0000004,0.0000001
30066,0.0001614,0.0000004,0.0000001
30067,0.0001614,0.0000004,0.0000001
30068,0.0001613,0.0000004,0.0000001
30069,0.0001613,0.0000004,0.0000001
30070,0.0001613,0.0000004,0.0000001
30071,0.0001612,0.0000004,0.0000001
30072,0.0001612,0.0000004,0.0000001
30073,0.0001612,0.0000004,0.0000001
30074,0.0001612,0.0000004,0.0000001
30075,0.0001611,0.0000003,0.0000001
30076,0.0001611,0.0000003,0.0000001
30077,0.0001611,0.0000003,0.0000001
30078,0.0001611,0.0000003,0.0000001
30079,0.0001610,0.0000003,0.0000001
30080,0.0001610,0.0000003,0.0000001
30081,0.0001610,0.0000003,0.0000001
30082,0.0001610,0.0000003,0.0000001
30083,0.0001609,0.0000003,0.0000001
30084,0.0001609,0.0000003,0.0000001
30085,0.0001609,0.0000003,0.0000001
30086,0.0001608,0.0000003,0.0000001
30087,0.0001608,0.0000003,0.0000001
30088,0.0001608,0.0000003,0.0000001
30089,0.0001608,0.0000003,0.0000001
30090,0.0001607,0.0000003,0.0000001
30091,0.0001607,0.0000003,0.0000001
30092,0.0001607,0.0000003,0.0000001
30093,0.0001607,0.0000003,0.0000001
30094,0.0001606,0.0000003,0.0000001
30095,0.0001606,0.0000003,0.0000001
30096,0.0001606,0.0000003,0.0000001
30097,0.0001605,0.0000003,0.0000001
30098,0.0001605,0.0000003,0.0000001
30099,0.0001605,0.0000003,0.0000001
30100,0.0001605,0.0000003,0.0000001
30101,0.0001604,0.0000003,0.0000001
30102,0.0001604,0.0000003,0.0000001
30103,0.0001604,0.0000003,0.0000001
30104,0.0001604,0.0000003,0.0000001
30105,0.0001603,0.0000003,0.0000001
30106,0.0001603,0.0000003,0.0000001
30107,0.0001603,0.0000003,0.0000001
30108,0.0001603,0.0000003,0.0000001
30109,0.0001602,0.0000003,0.0000001
30110,0.0001602,0.0000003,0.0000001
30111,0.0001602,0.0000003,0.0000001
30112,0.0001601,0.0000003,0.0000001
30113,0.0001601,0.0000003,0.0000001
30114,0.0001601,0.0000003,0.0000001
30115,0.0001601,0.0000003,0.0000001
30116,0.0001600,0.0000003,0.0000001
30117,0.0001600,0.0000003,0.0000001
30118,0.0001600,0.0000003,0.0000001
30119,0.0001600,0.0000003,0.0000001
30120,0.0001599,0.0000003,0.0000001
30121,0.0001599,0.0000003,0.0000001
30122,0.0001599,0.0000003,0.0000001
30123,0.0001599,0.0000003,0.0000001
30124,0.0001598,0.0000003,0.0000001
30125,0.0001598,0.0000003,0.0000001
30126,0.0001598,0.0000003,0.0000001
30127,0.0001597,0.0000003,0.0000001
30128,0.0001597,0.0000003,0.0000001
30129,0.0001597,0.0000003,0.0000001
30130,0.0001597,0.0000003,0.0000001
30131,0.0001596,0.0000003,0.0000001
30132,0.0001596,0.0000003,0.0000001
30133,0.0001596,0.0000003,0.0000001
30134,0.0001596,0.0000003,0.0000001
30135,0.0001595,0.0000003,0.0000001
30136,0.0001595,0.0000003,0.0000001
30137,0.0001595,0.0000003,0.0000001
30138,0.0001595,0.0000003,0.0000001
30139,0.0001594,0.0000003,0.0000001
30140,0.0001594,0.0000003,0.0000001
30141,0.0001594,0.0000003,0.0000001
30142,0.0001593,0.0000003,0.0000001
30143,0.0001593,0.0000003,0.0000001
30144,0.0001593,0.0000003,0.0000001
30145,0.0001593,0.0000003,0.0000001
30146,0.0001592,0.0000003,0.0000001
30147,0.0001592,0.0000003,0.0000001
30148,0.0001592,0.0000003,0.0000001
30149,0.0001592,0.0000003,0.0000001
30150,0.0001591,0.0000003,0.0000001
30151,0.0001591,0.0000003,0.0000001
30152,0.0001591,0.0000003,0.0000001
30153,0.0001591,0.0000003,0.0000001
30154,0.0001590,0.0000003,0.0000001
30155,0.0001590,0.0000003,0.0000001
30156,0.0001590,0.0000003,0.0000001
30157,0.0001589,0.0000003,0.0000001
30158,0.0001589,0.0000003,0.0000001
30159,0.0001589,0.0000003,0.0000001
30160,0.0001589,0.0000003,0.0000001
30161,0.0001588,0.0000003,0.0000001
30162,0.0001588,0.0000003,0.0000001
30163,0.0001588,0.0000003,0.0000001
30164,0.0001588,0.0000003,0.0000001
30165,0.0001587,0.0000003,0.0000001
30166,0.0001587,0.0000003,0.0000001
30167,0.0001587,0.0000003,0.0000001
30168,0.0001587,0.0000003,0.0000001
30169,0.0001586,0.0000003,0.0000001
30170,0.0001586,0.0000003,0.0000001
30171,0.0001586,0.0000003,0.0000001
30172,0.0001585,0.0000003,0.0000001
30173,0.0001585,0.0000003,0.0000001
30174,0.0001585,0.0000003,0.0000001
30175,0.0001585,0.0000003,0.0000001
30176,0.0001584,0.0000003,0.0000001
30177,0.0001584,0.0000003,0.0000001
30178,0.0001584,0.0000003,0.0000001
30179,0.0001584,0.0000003,0.0000001
30180,0.0001583,0.0000003,0.0000001
30181,0.0001583,0.0000003,0.0000001
30182,0.0001583,0.0000003,0.0000001
30183,0.0001583,0.0000003,0.0000001
30184,0.0001582,0.0000003,0.0000001
30185,0.0001582,0.0000003,0.0000001
30186,0.0001582,0.0000003,0.0000001
30187,0.0001582,0.0000003,0.0000001
30188,0.0001581,0.0000003,0.0000001
30189,0.0001581,0.0000003,0.0000001
30190,0.0001581,0.0000003,0.0000001
30191,0.0001580,0.0000003,0.0000001
30192,0.0001580,0.0000003,0.0000001
30193,0.0001580,0.0000003,0.0000001
30194,0.0001580,0.0000003,0.0000001
30195,0.0001579,0.0000003,0.0000001
30196,0.0001579,0.0000003,0.0000001
30197,0.0001579,0.0000003,0.0000001
30198,0.0001579,0.0000003,0.0000001
30199,0.0001578,0.0000003,0.0000001
30200,0.0001578,0.0000003,0.0000001
30201,0.0001578,0.0000003,0.0000001
30202,0.0001578,0.0000003,0.0000001
30203,0.0001577,0.0000003,0.0000001
30204,0.0001577,0.0000003,0.0000001
30205,0.0001577,0.0000003,0.0000001
30206,0.0001577,0.0000003,0.0000001
30207,0.0001576,0.0000003,0.0000001
30208,0.0001576,0.0000003,0.0000001
30209,0.0001576,0.0000003,0.0000001
30210,0.0001575,0.0000003,0.0000001
30211,0.0001575,0.0000003,0.0000001
30212,0.0001575,0.0000003,0.0000001
30213,0.0001575,0.0000003,0.0000001
30214,0.0001574,0.0000003,0.0000001
30215,0.0001574,0.0000003,0.0000001
30216,0.0001574,0.0000003,0.0000001
30217,0.0001574,0.0000003,0.0000001
30218,0.0001573,0.0000003,0.0000001
30219,0.0001573,0.0000003,0.0000001
30220,0.0001573,0.0000003,0.0000001
30221,0.0001573,0.0000003,0.0000001
30222,0.0001572,0.0000003,0.0000001
30223,0.0001572,0.0000003,0.0000001
30224,0.0001572,0.0000003,0.0000001
30225,0.0001572,0.0000003,0.0000001
30226,0.0001571,0.0000003,0.0000001
30227,0.0001571,0.0000003,0.0000001
30228,0.0001571,0.0000003,0.0000001
30229,0.0001570,0.0000003,0.0000001
30230,0.0001570,0.0000003,0.0000001
30231,0.0001570,0.0000003,0.0000001
30232,0.0001570,0.0000003,0.0000001
30233,0.0001569,0.0000003,0.0000001
30234,0.0001569,0.0000003,0.0000001
30235,0.0001569,0.0000003,0.0000001
30236,0.0001569,0.0000003,0.0000001
30237,0.0001568,0.0000003,0.0000001
30238,0.0001568,0.0000003,0.0000001
30239,0.0001568,0.0000003,0.0000001
30240,0.0001568,0.0000003,0.0000001
30241,0.0001567,0.0000003,0.0000001
30242,0.0001567,0.0000003,0.0000001
30243,0.0001567,0.0000003,0.0000001
30244,0.0001567,0.0000003,0.0000001
30245,0.0001566,0.0000003,0.0000001
30246,0.0001566,0.0000003,0.0000001
30247,0.0001566,0.0000003,0.0000001
30248,0.0001566,0.0000003,0.0000001
30249,0.0001565,0.0000003,0.0000001
30250,0.0001565,0.0000003,0.0000001
30251,0.0001565,0.0000003,0.0000001
30252,0.0001564,0.0000003,0.0000001
30253,0.0001564,0.0000003,0.0000001
30254,0.0001564,0.0000003,0.0000001
30255,0.0001564,0.0000003,0.0000001
30256,0.0001563,0.0000003,0.0000001
30257,0.0001563,0.0000003,0.0000001
30258,0.0001563,0.0000003,0.0000001
30259,0.0001563,0.0000003,0.0000001
30260,0.0001562,0.0000003,0.0000001
30261,0.0001562,0.0000003,0.0000001
30262,0.0001562,0.0000003,0.0000001
30263,0.0001562,0.0000003,0.0000001
30264,0.0001561,0.0000003,0.0000001
30265,0.0001561,0.0000003,0.0000001
30266,0.0001561,0.0000003,0.0000001
30267,0.0001561,0.0000003,0.0000001
30268,0.0001560,0.0000003,0.0000001
30269,0.0001560,0.0000003,0.0000001
30270,0.0001560,0.0000003,0.0000001
30271,0.0001560,0.0000003,0.0000001
30272,0.0001559,0.0000003,0.0000001
30273,0.0001559,0.0000003,0.0000001
30274,0.0001559,0.0000003,0.0000001
30275,0.0001558,0.0000003,0.0000001
30276,0.0001558,0.0000003,0.0000001
30277,0.0001558,0.0000003,0.0000001
30278,0.0001558,0.0000003,0.0000001
30279,0.0001557,0.0000003,0.0000001
30280,0.0001557,0.0000003,0.0000001
30281,0.0001557,0.0000003,0.0000001
30282,0.0001557,0.0000003,0.0000001
30283,0.0001556,0.0000003,0.0000001
30284,0.0001556,0.0000003,0.0000001
30285,0.0001556,0.0000003,0.0000001
30286,0.0001556,0.0000003,0.0000001
30287,0.0001555,0.0000003,0.0000001
30288,0.0001555,0.0000003,0.0000001
30289,0.0001555,0.0000003,0.0000001
30290,0.0001555,0.0000003,0.0000001
30291,0.0001554,0.0000003,0.0000001
30292,0.0001554,0.0000003,0.0000001
30293,0.0001554,0.0000003,0.0000001
30294,0.0001554,0.0000003,0.0000001
30295,0.0001553,0.0000003,0.0000001
30296,0.0001553,0.0000003,0.0000001
30297,0.0001553,0.0000003,0.0000001
30298,0.0001553,0.0000003,0.0000001
30299,0.0001552,0.0000003,0.0000001
30300,0.0001552,0.0000003,0.0000001
30301,0.0001552,0.0000003,0.0000001
30302,0.0001551,0.0000003,0.0000001
30303,0.0001551,0.0000003,0.0000001
30304,0.0001551,0.0000003,0.0000001
30305,0.0001551,0.0000003,0.0000001
30306,0.0001550,0.0000003,0.0000001
30307,0.0001550,0.0000003,0.0000001
30308,0.0001550,0.0000003,0.0000001
30309,0.0001550,0.0000003,0.0000001
30310,0.0001549,0.0000003,0.0000001
30311,0.0001549,0.0000003,0.0000001
30312,0.0001549,0.0000003,0.0000001
30313,0.0001549,0.0000003,0.0000001
30314,0.0001548,0.0000003,0.0000001
30315,0.0001548,0.0000003,0.0000001
30316,0.0001548,0.0000003,0.0000001
30317,0.0001548,0.0000003,0.0000001
30318,0.0001547,0.0000003,0.0000001
30319,0.0001547,0.0000003,0.0000001
30320,0.0001547,0.0000003,0.0000001
30321,0.0001547,0.0000003,0.0000001
30322,0.0001546,0.0000003,0.0000001
30323,0.0001546,0.0000003,0.0000001
30324,0.0001546,0.0000003,0.0000001
30325,0.0001546,0.0000003,0.0000001
30326,0.0001545,0.0000003,0.0000001
30327,0.0001545,0.0000003,0.0000001
30328,0.0001545,0.0000003,0.0000001
30329,0.0001544,0.0000003,0.0000001
30330,0.0001544,0.0000003,0.0000001
30331,0.0001544,0.0000003,0.0000001
30332,0.0001544,0.0000003,0.0000001
30333,0.0001543,0.0000003,0.0000001
30334,0.0001543,0.0000003,0.0000001
30335,0.0001543,0.0000003,0.0000001
30336,0.0001543,0.0000003,0.0000001
30337,0.0001542,0.0000003,0.0000001
30338,0.0001542,0.0000003,0.0000001
30339,0.0001542,0.0000003,0.0000001
30340,0.0001542,0.0000003,0.0000001
30341,0.0001541,0.0000003,0.0000001
30342,0.0001541,0.0000003,0.0000001
30343,0.0001541,0.0000003,0.0000001
30344,0.0001541,0.0000003,0.0000001
30345,0.0001540,0.0000003,0.0000001
30346,0.0001540,0.0000003,0.0000001
30347,0.0001540,0.0000003,0.0000001
30348,0.0001540,0.0000003,0.0000001
30349,0.0001539,0.0000003,0.0000001
30350,0.0001539,0.0000003,0.0000001
30351,0.0001539,0.0000003,0.0000001
30352,0.0001539,0.0000003,0.0000001
30353,0.0001538,0.0000003,0.0000001
30354,0.0001538,0.0000003,0.0000001
30355,0.0001538,0.0000003,0.0000001
30356,0.0001538,0.0000003,0.0000001
30357,0.0001537,0.0000003,0.0000001
30358,0.0001537,0.0000003,0.0000001
30359,0.0001537,0.0000003,0.0000001
30360,0.0001537,0.0000003,0.0000001
30361,0.0001536,0.0000003,0.0000001
30362,0.0001536,0.0000003,0.0000001
30363,0.0001536,0.0000003,0.0000001
30364,0.0001536,0.0000003,0.0000001
30365,0.0001535,0.0000003,0.0000001
30366,0.0001535,0.0000003,0.0000001
30367,0.0001535,0.0000003,0.0000001
30368,0.0001534,0.0000003,0.0000001
30369,0.0001534,0.0000003,0.0000001
30370,0.0001534,0.0000003,0.0000001
30371,0.0001534,0.0000003,0.0000001
30372,0.0001533,0.0000003,0.0000001
30373,0.0001533,0.0000003,0.0000001
30374,0.0001533,0.0000003,0.0000001
30375,0.0001533,0.0000003,0.0000001
30376,0.0001532,0.0000003,0.0000001
30377,0.0001532,0.0000003,0.0000001
30378,0.0001532,0.0000003,0.0000001
30379,0.0001532,0.0000003,0.0000001
30380,0.0001531,0.0000003,0.0000001
30381,0.0001531,0.0000003,0.0000001
30382,0.0001531,0.0000003,0.0000001
30383,0.0001531,0.0000003,0.0000001
30384,0.0001530,0.0000003,0.0000001
30385,0.0001530,0.0000003,0.0000001
30386,0.0001530,0.0000003,0.0000001
30387,0.0001530,0.0000003,0.0000001
30388,0.0001529,0.0000003,0.0000001
30389,0.0001529,0.0000003,0.0000001
30390,0.0001529,0.0000003,0.0000001
30391,0.0001529,0.0000003,0.0000001
30392,0.0001528,0.0000003,0.0000001
30393,0.0001528,0.0000003,0.0000001
30394,0.0001528,0.0000003,0.0000001
30395,0.0001528,0.0000003,0.0000001
30396,0.0001527,0.0000003,0.0000001
30397,0.0001527,0.0000003,0.0000001
30398,0.0001527,0.0000003,0.0000001
30399,0.0001527,0.0000003,0.0000001
30400,0.0001526,0.0000003,0.0000001
30401,0.0001526,0.0000003,0.0000001
30402,0.0001526,0.0000003,0.0000001
30403,0.0001526,0.0000003,0.0000001
30404,0.0001525,0.0000003,0.0000001
30405,0.0001525,0.0000003,0.0000001
30406,0.0001525,0.0000003,0.0000001
30407,0.0001525,0.0000003,0.0000001
30408,0.0001524,0.0000003,0.0000001
30409,0.0001524,0.0000003,0.0000001
30410,0.0001524,0.0000003,0.0000001
30411,0.0001524,0.0000003,0.0000001
30412,0.0001523,0.0000003,0.0000001
30413,0.0001523,0.0000003,0.0000001
30414,0.0001523,0.0000003,0.0000001
30415,0.0001523,0.0000003,0.0000001
30416,0.0001522,0.0000003,0.0000001
30417,0.0001522,0.0000003,0.0000001
30418,0.0001522,0.0000003,0.0000001
30419,0.0001521,0.0000003,0.0000001
30420,0.0001521,0.0000003,0.0000001
30421,0.0001521,0.0000003,0.0000001
30422,0.0001521,0.0000003,0.0000001
30423,0.0001520,0.0000003,0.0000001
30424,0.0001520,0.0000003,0.0000001
30425,0.0001520,0.0000003,0.0000001
30426,0.0001520,0.0000003,0.0000001
30427,0.0001519,0.0000003,0.0000001
30428,0.0001519,0.0000003,0.0000001
30429,0.0001519,0.0000003,0.0000001
30430,0.0001519,0.0000003,0.0000001
30431,0.0001518,0.0000003,0.0000001
30432,0.0001518,0.0000003,0.0000001
30433,0.0001518,0.0000003,0.0000001
30434,0.0001518,0.0000003,0.0000001
30435,0.0001517,0.0000003,0.0000001
30436,0.0001517,0.0000003,0.0000001
30437,0.0001517,0.0000003,0.0000001
30438,0.0001517,0.0000003,0.0000001
30439,0.0001516,0.0000003,0.0000001
30440,0.0001516,0.0000003,0.0000001
30441,0.0001516,0.0000003,0.0000001
30442,0.0001516,0.0000003,0.0000001
30443,0.0001515,0.0000003,0.0000001
30444,0.0001515,0.0000003,0.0000001
30445,0.0001515,0.0000003,0.0000001
30446,0.0001515,0.0000003,0.0000001
30447,0.0001514,0.0000003,0.0000001
30448,0.0001514,0.0000003,0.0000001
30449,0.0001514,0.0000003,0.0000001
30450,0.0001514,0.0000003,0.0000001
30451,0.0001513,0.0000003,0.0000001
30452,0.0001513,0.0000003,0.0000001
30453,0.0001513,0.0000003,0.0000001
30454,0.0001513,0.0000003,0.0000001
30455,0.0001512,0.0000003,0.0000001
30456,0.0001512,0.0000003,0.0000001
30457,0.0001512,0.0000003,0.0000001
30458,0.0001512,0.0000003,0.0000001
30459,0.0001511,0.0000003,0.0000001
30460,0.0001511,0.0000003,0.0000001
30461,0.0001511,0.0000003,0.0000001
30462,0.0001511,0.0000003,0.0000001
30463,0.0001510,0.0000003,0.0000001
30464,0.0001510,0.0000003,0.0000001
30465,0.0001510,0.0000003,0.0000001
30466,0.0001510,0.0000003,0.0000001
30467,0.0001509,0.0000003,0.0000001
30468,0.0001509,0.0000003,0.0000001
30469,0.0001509,0.0000003,0.0000001
30470,0.0001509,0.0000003,0.0000001
30471,0.0001508,0.0000003,0.0000001
30472,0.0001508,0.0000003,0.0000001
30473,0.0001508,0.0000003,0.0000001
30474,0.0001508,0.0000003,0.0000001
30475,0.0001507,0.0000003,0.0000001
30476,0.0001507,0.0000003,0.0000001
30477,0.0001507,0.0000003,0.0000001
30478,0.0001507,0.0000003,0.0000001
30479,0.0001506,0.0000003,0.0000001
30480,0.0001506,0.0000003,0.0000001
30481,0.0001506,0.0000003,0.0000001
30482,0.0001506,0.0000003,0.0000001
30483,0.0001505,0.0000003,0.0000001
30484,0.0001505,0.0000003,0.0000001
30485,0.0001505,0.0000003,0.0000001
30486,0.0001505,0.0000003,0.0000001
30487,0.0001504,0.0000003,0.0000001
30488,0.0001504,0.0000003,0.0000001
30489,0.0001504,0.0000003,0.0000001
30490,0.0001504,0.0000003,0.0000001
30491,0.0001503,0.0000003,0.0000001
30492,0.0001503,0.0000003,0.0000001
30493,0.0001503,0.0000003,0.0000001
30494,0.0001503,0.0000003,0.0000001
30495,0.0001502,0.0000003,0.0000001
30496,0.0001502,0.0000003,0.0000001
30497,0.0001502,0.0000003,0.0000001
30498,0.0001502,0.0000003,0.0000001
30499,0.0001501,0.0000003,0.0000001
30500,0.0001501,0.0000003,0.0000001
30501,0.0001501,0.0000003,0.0000001
30502,0.0001501,0.0000003,0.0000001
30503,0.0001500,0.0000003,0.0000001
30504,0.0001500,0.0000003,0.0000001
30505,0.0001500,0.0000003,0.0000001
30506,0.0001500,0.0000003,0.0000001
30507,0.0001499,0.0000003,0.0000001
30508,0.0001499,0.0000003,0.0000001
30509,0.0001499,0.0000003,0.0000001
30510,0.0001499,0.0000003,0.0000001
30511,0.0001498,0.0000003,0.0000001
30512,0.0001498,0.0000003,0.0000001
30513,0.0001498,0.0000003,0.0000001
30514,0.0001498,0.0000003,0.0000001
30515,0.0001497,0.0000003,0.0000001
30516,0.0001497,0.0000003,0.0000001
30517,0.0001497,0.0000003,0.0000001
30518,0.0001497,0.0000003,0.0000001
30519,0.0001496,0.0000003,0.0000001
30520,0.0001496,0.0000003,0.0000001
30521,0.0001496,0.0000003,0.0000001
30522,0.0001496,0.0000003,0.0000001
30523,0.0001495,0.0000003,0.0000001
30524,0.0001495,0.0000003,0.0000001
30525,0.0001495,0.0000003,0.0000001
30526,0.0001495,0.0000003,0.0000001
30527,0.0001494,0.0000003,0.0000001
30528,0.0001494,0.0000003,0.0000001
30529,0.0001494,0.0000003,0.0000001
30530,0.0001494,0.0000003,0.0000001
30531,0.0001493,0.0000003,0.0000001
30532,0.0001493,0.0000003,0.0000001
30533,0.0001493,0.0000003,0.0000001
30534,0.0001493,0.0000003,0.0000001
30535,0.0001492,0.0000003,0.0000001
30536,0.0001492,0.0000003,0.0000001
30537,0.0001492,0.0000003,0.0000001
30538,0.0001492,0.0000003,0.0000001
30539,0.0001491,0.0000003,0.0000001
30540,0.0001491,0.0000003,0.0000001
30541,0.0001491,0.0000003,0.0000001
30542,0.0001491,0.0000003,0.0000001
30543,0.0001490,0.0000003,0.0000001
30544,0.0001490,0.0000003,0.0000001
30545,0.0001490,0.0000003,0.0000001
30546,0.0001490,0.0000003,0.0000001
30547,0.0001489,0.0000003,0.0000001
30548,0.0001489,0.0000003,0.0000001
30549,0.0001489,0.0000003,0.0000001
30550,0.0001489,0.0000003,0.0000001
30551,0.0001488,0.0000003,0.0000001
30552,0.0001488,0.0000003,0.0000001
30553,0.0001488,0.0000003,0.0000001
30554,0.0001488,0.0000003,0.0000001
30555,0.0001487,0.0000003,0.0000001
30556,0.0001487,0.0000003,0.0000001
30557,0.0001487,0.0000003,0.0000001
30558,0.0001487,0.0000003,0.0000001
30559,0.0001486,0.0000003,0.0000001
30560,0.0001486,0.0000003,0.0000001
30561,0.0001486,0.0000003,0.0000001
30562,0.0001486,0.0000003,0.0000001
30563,0.0001485,0.0000003,0.0000001
30564,0.0001485,0.0000003,0.0000001
30565,0.0001485,0.0000003,0.0000001
30566,0.0001485,0.0000003,0.0000001
30567,0.0001484,0.0000003,0.0000001
30568,0.0001484,0.0000003,0.0000001
30569,0.0001484,0.0000003,0.0000001
30570,0.0001484,0.0000003,0.0000001
30571,0.0001483,0.0000003,0.0000001
30572,0.0001483,0.0000003,0.0000001
30573,0.0001483,0.0000003,0.0000001
30574,0.0001483,0.0000003,0.0000001
30575,0.0001482,0.0000003,0.0000001
30576,0.0001482,0.0000003,0.0000001
30577,0.0001482,0.0000003,0.0000001
30578,0.0001482,0.0000003,0.0000001
30579,0.0001481,0.0000003,0.0000001
30580,0.0001481,0.0000003,0.0000001
30581,0.0001481,0.0000003,0.0000001
30582,0.0001481,0.0000003,0.0000001
30583,0.0001480,0.0000003,0.0000001
30584,0.0001480,0.0000003,0.0000001
30585,0.0001480,0.0000003,0.0000001
30586,0.0001480,0.0000003,0.0000001
30587,0.0001479,0.0000003,0.0000001
30588,0.0001479,0.0000003,0.0000001
30589,0.0001479,0.0000003,0.0000001
30590,0.0001479,0.0000003,0.0000001
30591,0.0001479,0.0000003,0.0000001
30592,0.0001478,0.0000003,0.0000001
30593,0.0001478,0.0000003,0.0000001
30594,0.0001478,0.0000003,0.0000001
30595,0.0001478,0.0000003,0.0000001
30596,0.0001477,0.0000003,0.0000001
30597,0.0001477,0.0000003,0.0000001
30598,0.0001477,0.0000003,0.0000001
30599,0.0001477,0.0000003,0.0000001
30600,0.0001476,0.0000003,0.0000001
30601,0.0001476,0.0000003,0.0000001
30602,0.0001476,0.0000003,0.0000001
30603,0.0001476,0.0000003,0.0000001
30604,0.0001475,0.0000003,0.0000001
30605,0.0001475,0.0000003,0.0000001
30606,0.0001475,0.0000003,0.0000001
30607,0.0001475,0.0000003,0.0000001
30608,0.0001474,0.0000003,0.0000001
30609,0.0001474,0.0000003,0.0000001
30610,0.0001474,0.0000003,0.0000001
30611,0.0001474,0.0000003,0.0000001
30612,0.0001473,0.0000003,0.0000001
30613,0.0001473,0.0000003,0.0000001
30614,0.0001473,0.0000003,0.0000001
30615,0.0001473,0.0000003,0.0000001
30616,0.0001472,0.0000003,0.0000001
30617,0.0001472,0.0000003,0.0000001
30618,0.0001472,0.0000003,0.0000001
30619,0.0001472,0.0000003,0.0000001
30620,0.0001471,0.0000003,0.0000001
30621,0.0001471,0.0000003,0.0000001
30622,0.0001471,0.0000003,0.0000001
30623,0.0001471,0.0000003,0.0000001
30624,0.0001470,0.0000003,0.0000001
30625,0.0001470,0.0000003,0.0000001
30626,0.0001470,0.0000003,0.0000001
30627,0.0001470,0.0000003,0.0000001
30628,0.0001469,0.0000003,0.0000001
30629,0.0001469,0.0000003,0.0000001
30630,0.0001469,0.0000003,0.0000001
30631,0.0001469,0.0000003,0.0000001
30632,0.0001468,0.0000003,0.0000001
30633,0.0001468,0.0000003,0.0000001
30634,0.0001468,0.0000003,0.0000001
30635,0.0001468,0.0000003,0.0000001
30636,0.0001467,0.0000003,0.0000001
30637,0.0001467,0.0000003,0.0000001
30638,0.0001467,0.0000003,0.0000001
30639,0.0001467,0.0000003,0.0000001
30640,0.0001466,0.0000003,0.0000001
30641,0.0001466,0.0000003,0.0000001
30642,0.0001466,0.0000003,0.0000001
30643,0.0001466,0.0000003,0.0000001
30644,0.0001466,0.0000003,0.0000001
30645,0.0001465,0.0000003,0.0000001
30646,0.0001465,0.0000003,0.0000001
30647,0.0001465,0.0000003,0.0000001
30648,0.0001465,0.0000003,0.0000001
30649,0.0001464,0.0000003,0.0000001
30650,0.0001464,0.0000003,0.0000001
30651,0.0001464,0.0000003,0.0000001
30652,0.0001464,0.0000003,0.0000001
30653,0.0001463,0.0000003,0.0000001
30654,0.0001463,0.0000003,0.0000001
30655,0.0001463,0.0000003,0.0000001
30656,0.0001463,0.0000003,0.0000001
30657,0.0001462,0.0000003,0.0000001
30658,0.0001462,0.0000003,0.0000001
30659,0.0001462,0.0000003,0.0000001
30660,0.0001462,0.0000003,0.0000001
30661,0.0001461,0.0000003,0.0000001
30662,0.0001461,0.0000003,0.0000001
30663,0.0001461,0.0000003,0.0000001
30664,0.0001461,0.0000003,0.0000001
30665,0.0001460,0.0000003,0.0000001
30666,0.0001460,0.0000003,0.0000001
30667,0.0001460,0.0000003,0.0000001
30668,0.0001460,0.0000003,0.0000001
30669,0.0001459,0.0000003,0.0000001
30670,0.0001459,0.0000003,0.0000001
30671,0.0001459,0.0000003,0.0000001
30672,0.0001459,0.0000003,0.0000001
30673,0.0001458,0.0000003,0.0000001
30674,0.0001458,0.0000003,0.0000001
30675,0.0001458,0.0000003,0.0000001
30676,0.0001458,0.0000003,0.0000001
30677,0.0001457,0.0000003,0.0000001
30678,0.0001457,0.0000003,0.0000001
30679,0.0001457,0.0000003,0.0000001
30680,0.0001457,0.0000003,0.0000001
30681,0.0001457,0.0000003,0.0000001
30682,0.0001456,0.0000003,0.0000001
30683,0.0001456,0.0000003,0.0000001
30684,0.0001456,0.0000003,0.0000001
30685,0.0001456,0.0000003,0.0000001
30686,0.0001455,0.0000003,0.0000001
30687,0.0001455,0.0000003,0.0000001
30688,0.0001455,0.0000003,0.0000001
30689,0.0001455,0.0000003,0.0000001
30690,0.0001454,0.0000003,0.0000001
30691,0.0001454,0.0000003,0.0000001
30692,0.0001454,0.0000003,0.0000001
30693,0.0001454,0.0000003,0.0000001
30694,0.0001453,0.0000003,0.0000001
30695,0.0001453,0.0000003,0.0000001
30696,0.0001453,0.0000003,0.0000001
30697,0.0001453,0.0000003,0.0000001
30698,0.0001452,0.0000003,0.0000001
30699,0.0001452,0.0000003,0.0000001
30700,0.0001452,0.0000003,0.0000001
30701,0.0001452,0.0000003,0.0000001
30702,0.0001451,0.0000003,0.0000001
30703,0.0001451,0.0000003,0.0000001
30704,0.0001451,0.0000003,0.0000001
30705,0.0001451,0.0000003,0.0000001
30706,0.0001450,0.0000003,0.0000001
30707,0.0001450,0.0000003,0.0000001
30708,0.0001450,0.0000003,0.0000001
30709,0.0001450,0.0000003,0.0000001
30710,0.0001450,0.0000003,0.0000001
30711,0.0001449,0.0000003,0.0000001
30712,0.0001449,0.0000003,0.0000001
30713,0.0001449,0.0000003,0.0000001
30714,0.0001449,0.0000003,0.0000001
30715,0.0001448,0.0000003,0.0000001
30716,0.0001448,0.0000003,0.0000001
30717,0.0001448,0.0000003,0.0000001
30718,0.0001448,0.0000003,0.0000001
30719,0.0001447,0.0000003,0.0000001
30720,0.0001447,0.0000003,0.0000001
30721,0.0001447,0.0000003,0.0000001
30722,0.0001447,0.0000003,0.0000001
30723,0.0001446,0.0000003,0.0000001
30724,0.0001446,0.0000003,0.0000001
30725,0.0001446,0.0000003,0.0000001
30726,0.0001446,0.0000003,0.0000001
30727,0.0001445,0.0000003,0.0000001
30728,0.0001445,0.0000003,0.0000001
30729,0.0001445,0.0000003,0.0000001
30730,0.0001445,0.0000003,0.0000001
30731,0.0001444,0.0000003,0.0000001
30732,0.0001444,0.0000003,0.0000001
30733,0.0001444,0.0000003,0.0000001
30734,0.0001444,0.0000003,0.0000001
30735,0.0001443,0.0000003,0.0000001
30736,0.0001443,0.0000003,0.0000001
30737,0.0001443,0.0000003,0.0000001
30738,0.0001443,0.0000003,0.0000001
30739,0.0001443,0.0000003,0.0000001
30740,0.0001442,0.0000003,0.0000001
30741,0.0001442,0.0000003,0.0000001
30742,0.0001442,0.0000003,0.0000001
30743,0.0001442,0.0000003,0.0000001
30744,0.0001441,0.0000003,0.0000001
30745,0.0001441,0.0000003,0.0000001
30746,0.0001441,0.0000003,0.0000001
30747,0.0001441,0.0000003,0.0000001
30748,0.0001440,0.0000003,0.0000001
30749,0.0001440,0.0000003,0.0000001
30750,0.0001440,0.0000003,0.0000001
30751,0.0001440,0.0000003,0.0000001
30752,0.0001439,0.0000003,0.0000001
30753,0.0001439,0.0000003,0.0000001
30754,0.0001439,0.0000003,0.0000001
30755,0.0001439,0.0000003,0.0000001
30756,0.0001438,0.0000003,0.0000001
30757,0.0001438,0.0000003,0.0000001
30758,0.0001438,0.0000003,0.0000001
30759,0.0001438,0.0000003,0.0000001
30760,0.0001438,0.0000003,0.0000001
30761,0.0001437,0.0000003,0.0000001
30762,0.0001437,0.0000003,0.0000001
30763,0.0001437,0.0000003,0.0000001
30764,0.0001437,0.0000003,0.0000001
30765,0.0001436,0.0000003,0.0000001
30766,0.0001436,0.0000003,0.0000001
30767,0.0001436,0.0000003,0.0000001
30768,0.0001436,0.0000003,0.0000001
30769,0.0001435,0.0000003,0.0000001
30770,0.0001435,0.0000003,0.0000001
30771,0.0001435,0.0000003,0.0000001
30772,0.0001435,0.0000003,0.0000001
30773,0.0001434,0.0000003,0.0000001
30774,0.0001434,0.0000003,0.0000001
30775,0.0001434,0.0000003,0.0000001
30776,0.0001434,0.0000003,0.0000001
30777,0.0001433,0.0000003,0.0000001
30778,0.0001433,0.0000003,0.0000001
30779,0.0001433,0.0000003,0.0000001
30780,0.0001433,0.0000003,0.0000001
30781,0.0001432,0.0000003,0.0000001
30782,0.0001432,0.0000003,0.0000001
30783,0.0001432,0.0000003,0.0000001
30784,0.0001432,0.0000003,0.0000001
30785,0.0001432,0.0000003,0.0000001
30786,0.0001431,0.0000003,0.0000001
30787,0.0001431,0.0000003,0.0000001
30788,0.0001431,0.0000003,0.0000001
30789,0.0001431,0.0000003,0.0000001
30790,0.0001430,0.0000003,0.0000001
30791,0.0001430,0.0000003,0.0000001
30792,0.0001430,0.0000003,0.0000001
30793,0.0001430,0.0000003,0.0000001
30794,0.0001429,0.0000003,0.0000001
30795,0.0001429,0.0000003,0.0000001
30796,0.0001429,0.0000003,0.0000001
30797,0.0001429,0.0000003,0.0000001
30798,0.0001428,0.0000003,0.0000001
30799,0.0001428,0.0000003,0.0000001
30800,0.0001428,0.0000003,0.0000001
30801,0.0001428,0.0000003,0.0000001
30802,0.0001428,0.0000003,0.0000001
30803,0.0001427,0.0000003,0.0000001
30804,0.0001427,0.0000003,0.0000001
30805,0.0001427,0.0000003,0.0000001
30806,0.0001427,0.0000003,0.0000001
30807,0.0001426,0.0000003,0.0000001
30808,0.0001426,0.0000003,0.0000001
30809,0.0001426,0.0000003,0.0000001
30810,0.0001426,0.0000003,0.0000001
30811,0.0001425,0.0000003,0.0000001
30812,0.0001425,0.0000003,0.0000001
30813,0.0001425,0.0000003,0.0000001
30814,0.0001425,0.0000003,0.0000001
30815,0.0001424,0.0000003,0.0000001
30816,0.0001424,0.0000003,0.0000001
30817,0.0001424,0.0000003,0.0000001
30818,0.0001424,0.0000003,0.0000001
30819,0.0001423,0.0000003,0.0000001
30820,0.0001423,0.0000003,0.0000001
30821,0.0001423,0.0000003,0.0000001
30822,0.0001423,0.0000003,0.0000001
30823,0.0001423,0.0000003,0.0000001
30824,0.0001422,0.0000003,0.0000001
30825,0.0001422,0.0000003,0.0000001
30826,0.0001422,0.0000003,0.0000001
30827,0.0001422,0.0000003,0.0000001
30828,0.0001421,0.0000003,0.0000001
30829,0.0001421,0.0000003,0.0000001
30830,0.0001421,0.0000003,0.0000001
30831,0.0001421,0.0000003,0.0000001
30832,0.0001420,0.0000003,0.0000001
30833,0.0001420,0.0000003,0.0000001
30834,0.0001420,0.0000003,0.0000001
30835,0.0001420,0.0000003,0.0000001
30836,0.0001419,0.0000003,0.0000001
30837,0.0001419,0.0000003,0.0000001
30838,0.0001419,0.0000003,0.0000001
30839,0.0001419,0.0000003,0.0000001
30840,0.0001419,0.0000003,0.0000001
30841,0.0001418,0.0000003,0.0000001
30842,0.0001418,0.0000003,0.0000001
30843,0.0001418,0.0000003,0.0000001
30844,0.0001418,0.0000003,0.0000001
30845,0.0001417,0.0000003,0.0000001
30846,0.0001417,0.0000003,0.0000001
30847,0.0001417,0.0000003,0.0000001
30848,0.0001417,0.0000003,0.0000001
30849,0.0001416,0.0000003,0.0000001
30850,0.0001416,0.0000003,0.0000001
30851,0.0001416,0.0000003,0.0000001
30852,0.0001416,0.0000003,0.0000001
30853,0.0001415,0.0000003,0.0000001
30854,0.0001415,0.0000003,0.0000001
30855,0.0001415,0.0000003,0.0000001
30856,0.0001415,0.0000003,0.0000001
30857,0.0001415,0.0000003,0.0000001
30858,0.0001414,0.0000003,0.0000001
30859,0.0001414,0.0000003,0.0000001
30860,0.0001414,0.0000003,0.0000001
30861,0.0001414,0.0000003,0.0000001
30862,0.0001413,0.0000003,0.0000001
30863,0.0001413,0.0000003,0.0000001
30864,0.0001413,0.0000003,0.0000001
30865,0.0001413,0.0000003,0.0000001
30866,0.0001412,0.0000003,0.0000001
30867,0.0001412,0.0000003,0.0000001
30868,0.0001412,0.0000003,0.0000001
30869,0.0001412,0.0000003,0.0000001
30870,0.0001411,0.0000003,0.0000001
30871,0.0001411,0.0000003,0.0000001
30872,0.0001411,0.0000003,0.0000001
30873,0.0001411,0.0000003,0.0000001
30874,0.0001411,0.0000003,0.0000001
30875,0.0001410,0.0000003,0.0000001
30876,0.0001410,0.0000003,0.0000001
30877,0.0001410,0.0000003,0.0000001
30878,0.0001410,0.0000003,0.0000001
30879,0.0001409,0.0000003,0.0000001
30880,0.0001409,0.0000003,0.0000001
30881,0.0001409,0.0000003,0.0000001
30882,0.0001409,0.0000003,0.0000001
30883,0.0001408,0.0000003,0.0000001
30884,0.0001408,0.0000003,0.0000001
30885,0.0001408,0.0000003,0.0000001
30886,0.0001408,0.0000003,0.0000001
30887,0.0001407,0.0000003,0.0000001
30888,0.0001407,0.0000003,0.0000001
30889,0.0001407,0.0000003,0.0000001
30890,0.0001407,0.0000003,0.0000001
30891,0.0001407,0.0000003,0.0000001
30892,0.0001406,0.0000003,0.0000001
30893,0.0001406,0.0000003,0.0000001
30894,0.0001406,0.0000003,0.0000001
30895,0.0001406,0.0000003,0.0000001
30896,0.0001405,0.0000003,0.0000001
30897,0.0001405,0.0000003,0.0000001
30898,0.0001405,0.0000003,0.0000001
30899,0.0001405,0.0000003,0.0000001
30900,0.0001404,0.0000003,0.0000001
30901,0.0001404,0.0000003,0.0000001
30902,0.0001404,0.0000003,0.0000001
30903,0.0001404,0.0000003,0.0000001
30904,0.0001404,0.0000003,0.0000001
30905,0.0001403,0.0000003,0.0000001
30906,0.0001403,0.0000003,0.0000001
30907,0.0001403,0.0000003,0.0000001
30908,0.0001403,0.0000003,0.0000001
30909,0.0001402,0.0000003,0.0000001
30910,0.0001402,0.0000003,0.0000001
30911,0.0001402,0.0000003,0.0000001
30912,0.0001402,0.0000003,0.0000001
30913,0.0001401,0.0000003,0.0000001
30914,0.0001401,0.0000003,0.0000001
30915,0.0001401,0.0000003,0.0000001
30916,0.0001401,0.0000003,0.0000001
30917,0.0001400,0.0000003,0.0000001
30918,0.0001400,0.0000003,0.0000001
30919,0.0001400,0.0000003,0.0000001
30920,0.0001400,0.0000003,0.0000001
30921,0.0001400,0.0000003,0.0000001
30922,0.0001399,0.0000003,0.0000001
30923,0.0001399,0.0000003,0.0000001
30924,0.0001399,0.0000003,0.0000001
30925,0.0001399,0.0000003,0.0000001
30926,0.0001398,0.0000003,0.0000001
30927,0.0001398,0.0000003,0.0000001
30928,0.0001398,0.0000003,0.0000001
30929,0.0001398,0.0000003,0.0000001
30930,0.0001397,0.0000003,0.0000001
30931,0.0001397,0.0000003,0.0000001
30932,0.0001397,0.0000003,0.0000001
30933,0.0001397,0.0000003,0.0000001
30934,0.0001397,0.0000003,0.0000001
30935,0.0001396,0.0000003,0.0000001
30936,0.0001396,0.0000003,0.0000001
30937,0.0001396,0.0000003,0.0000001
30938,0.0001396,0.0000003,0.0000001
30939,0.0001395,0.0000003,0.0000001
30940,0.0001395,0.0000003,0.0000001
30941,0.0001395,0.0000003,0.0000001
30942,0.0001395,0.0000003,0.0000001
30943,0.0001394,0.0000003,0.0000001
30944,0.0001394,0.0000003,0.0000001
30945,0.0001394,0.0000003,0.0000001
30946,0.0001394,0.0000003,0.0000001
30947,0.0001394,0.0000003,0.0000001
30948,0.0001393,0.0000003,0.0000001
30949,0.0001393,0.0000003,0.0000001
30950,0.0001393,0.0000003,0.0000001
30951,0.0001393,0.0000003,0.0000001
30952,0.0001392,0.0000003,0.0000001
30953,0.0001392,0.0000003,0.0000001
30954,0.0001392,0.0000003,0.0000001
30955,0.0001392,0.0000003,0.0000001
30956,0.0001391,0.0000003,0.0000001
30957,0.0001391,0.0000003,0.0000001
30958,0.0001391,0.0000003,0.0000001
30959,0.0001391,0.0000003,0.0000001
30960,0.0001391,0.0000003,0.0000001
30961,0.0001390,0.0000003,0.0000001
30962,0.0001390,0.0000003,0.0000001
30963,0.0001390,0.0000003,0.0000001
30964,0.0001390,0.0000003,0.0000001
30965,0.0001389,0.0000003,0.0000001
30966,0.0001389,0.0000003,0.0000001
30967,0.0001389,0.0000003,0.0000001
30968,0.0001389,0.0000003,0.0000001
30969,0.0001388,0.0000003,0.0000001
30970,0.0001388,0.0000003,0.0000001
30971,0.0001388,0.0000003,0.0000001
30972,0.0001388,0.0000003,0.0000001
30973,0.0001388,0.0000003,0.0000001
30974,0.0001387,0.0000003,0.0000001
30975,0.0001387,0.0000003,0.0000001
30976,0.0001387,0.0000003,0.0000001
30977,0.0001387,0.0000003,0.0000001
30978,0.0001386,0.0000003,0.0000001
30979,0.0001386,0.0000003,0.0000001
30980,0.0001386,0.0000003,0.0000001
30981,0.0001386,0.0000003,0.0000001
30982,0.0001385,0.0000003,0.0000001
30983,0.0001385,0.0000003,0.0000001
30984,0.0001385,0.0000003,0.0000001
30985,0.0001385,0.0000003,0.0000001
30986,0.0001385,0.0000003,0.0000001
30987,0.0001384,0.0000003,0.0000001
30988,0.0001384,0.0000003,0.0000001
30989,0.0001384,0.0000003,0.0000001
30990,0.0001384,0.0000003,0.0000001
30991,0.0001383,0.0000003,0.0000001
30992,0.0001383,0.0000003,0.0000001
30993,0.0001383,0.0000003,0.0000001
30994,0.0001383,0.0000003,0.0000001
30995,0.0001382,0.0000003,0.0000001
30996,0.0001382,0.0000003,0.0000001
30997,0.0001382,0.0000003,0.0000001
30998,0.0001382,0.0000003,0.0000001
30999,0.0001382,0.0000003,0.0000001
31000,0.0001381,0.0000003,0.0000001
31001,0.0001381,0.0000003,0.0000001
31002,0.0001381,0.0000003,0.0000001
31003,0.0001381,0.0000003,0.0000001
31004,0.0001380,0.0000003,0.0000001
31005,0.0001380,0.0000003,0.0000001
31006,0.0001380,0.0000003,0.0000001
31007,0.0001380,0.0000003,0.0000001
31008,0.0001379,0.0000003,0.0000001
31009,0.0001379,0.0000003,0.0000001
31010,0.0001379,0.0000003,0.0000001
31011,0.0001379,0.0000003,0.0000001
31012,0.0001379,0.0000003,0.0000001
31013,0.0001378,0.0000003,0.0000001
31014,0.0001378,0.0000003,0.0000001
31015,0.0001378,0.0000003,0.0000001
31016,0.0001378,0.0000003,0.0000001
31017,0.0001377,0.0000003,0.0000001
31018,0.0001377,0.0000003,0.0000001
31019,0.0001377,0.0000003,0.0000001
31020,0.0001377,0.0000003,0.0000001
31021,0.0001376,0.0000003,0.0000001
31022,0.0001376,0.0000003,0.0000001
31023,0.0001376,0.0000003,0.0000001
31024,0.0001376,0.0000003,0.0000001
31025,0.0001376,0.0000003,0.0000001
31026,0.0001375,0.0000003,0.0000001
31027,0.0001375,0.0000003,0.0000001
31028,0.0001375,0.0000003,0.0000001
31029,0.0001375,0.0000003,0.0000001
31030,0.0001374,0.0000003,0.0000001
31031,0.0001374,0.0000003,0.0000001
31032,0.0001374,0.0000003,0.0000001
31033,0.0001374,0.0000003,0.0000001
31034,0.0001374,0.0000003,0.0000001
31035,0.0001373,0.0000003,0.0000001
31036,0.0001373,0.0000003,0.0000001
31037,0.0001373,0.0000003,0.0000001
31038,0.0001373,0.0000003,0.0000001
31039,0.0001372,0.0000003,0.0000001
31040,0.0001372,0.0000003,0.0000001
31041,0.0001372,0.0000003,0.0000001
31042,0.0001372,0.0000003,0.0000001
31043,0.0001371,0.0000003,0.0000001
31044,0.0001371,0.0000003,0.0000001
31045,0.0001371,0.0000003,0.0000001
31046,0.0001371,0.0000003,0.0000001
31047,0.0001371,0.0000003,0.0000001
31048,0.0001370,0.0000003,0.0000001
31049,0.0001370,0.0000003,0.0000001
31050,0.0001370,0.0000003,0.0000001
31051,0.0001370,0.0000003,0.0000001
31052,0.0001369,0.0000003,0.0000001
31053,0.0001369,0.0000003,0.0000001
31054,0.0001369,0.0000003,0.0000001
31055,0.0001369,0.0000003,0.0000001
31056,0.0001369,0.0000003,0.0000001
31057,0.0001368,0.0000003,0.0000001
31058,0.0001368,0.0000003,0.0000001
31059,0.0001368,0.0000003,0.0000001
31060,0.0001368,0.0000003,0.0000001
31061,0.0001367,0.0000003,0.0000001
31062,0.0001367,0.0000003,0.0000001
31063,0.0001367,0.0000003,0.0000001
31064,0.0001367,0.0000003,0.0000001
31065,0.0001366,0.0000003,0.0000001
31066,0.0001366,0.0000003,0.0000001
31067,0.0001366,0.0000003,0.0000001
31068,0.0001366,0.0000003,0.0000001
31069,0.0001366,0.0000003,0.0000001
31070,0.0001365,0.0000003,0.0000001
31071,0.0001365,0.0000003,0.0000001
31072,0.0001365,0.0000003,0.0000001
31073,0.0001365,0.0000003,0.0000001
31074,0.0001364,0.0000003,0.0000001
31075,0.0001364,0.0000003,0.0000001
31076,0.0001364,0.0000003,0.0000001
31077,0.0001364,0.0000003,0.0000001
31078,0.0001364,0.0000003,0.0000001
31079,0.0001363,0.0000003,0.0000001
31080,0.0001363,0.0000003,0.0000001
31081,0.0001363,0.0000003,0.0000001
31082,0.0001363,0.0000003,0.0000001
31083,0.0001362,0.0000003,0.0000001
31084,0.0001362,0.0000003,0.0000001
31085,0.0001362,0.0000003,0.0000001
31086,0.0001362,0.0000003,0.0000001
31087,0.0001361,0.0000003,0.0000001
31088,0.0001361,0.0000003,0.0000001
31089,0.0001361,0.0000003,0.0000001
31090,0.0001361,0.0000003,0.0000001
31091,0.0001361,0.0000003,0.0000001
31092,0.0001360,0.0000003,0.0000001
31093,0.0001360,0.0000003,0.0000001
31094,0.0001360,0.0000003,0.0000001
31095,0.0001360,0.0000003,0.0000001
31096,0.0001359,0.0000003,0.0000001
31097,0.0001359,0.0000003,0.0000001
31098,0.0001359,0.0000003,0.0000001
31099,0.0001359,0.0000003,0.0000001
31100,0.0001359,0.0000003,0.0000001
31101,0.0001358,0.0000003,0.0000001
31102,0.0001358,0.0000003,0.0000001
31103,0.0001358,0.0000003,0.0000001
31104,0.0001358,0.0000003,0.0000001
31105,0.0001357,0.0000003,0.0000001
31106,0.0001357,0.0000003,0.0000001
31107,0.0001357,0.0000003,0.0000001
31108,0.0001357,0.0000003,0.0000001
31109,0.0001357,0.0000003,0.0000001
31110,0.0001356,0.0000003,0.0000001
31111,0.0001356,0.0000003,0.0000001
31112,0.0001356,0.0000003,0.0000001
31113,0.0001356,0.0000003,0.0000001
31114,0.0001355,0.0000003,0.0000001
31115,0.0001355,0.0000003,0.0000001
31116,0.0001355,0.0000003,0.0000001
31117,0.0001355,0.0000003,0.0000001
31118,0.0001355,0.0000003,0.0000001
31119,0.0001354,0.0000003,0.0000001
31120,0.0001354,0.0000003,0.0000001
31121,0.0001354,0.0000003,0.0000001
31122,0.0001354,0.0000003,0.0000001
31123,0.0001353,0.0000003,0.0000001
31124,0.0001353,0.0000003,0.0000001
31125,0.0001353,0.0000003,0.0000001
31126,0.0001353,0.0000003,0.0000001
31127,0.0001352,0.0000003,0.0000001
31128,0.0001352,0.0000003,0.0000001
31129,0.0001352,0.0000003,0.0000001
31130,0.0001352,0.0000003,0.0000001
31131,0.0001352,0.0000003,0.0000001
31132,0.0001351,0.0000003,0.0000001
31133,0.0001351,0.0000003,0.0000001
31134,0.0001351,0.0000003,0.0000001
31135,0.0001351,0.0000003,0.0000001
31136,0.0001350,0.0000003,0.0000001
31137,0.0001350,0.0000003,0.0000001
31138,0.0001350,0.0000003,0.0000001
31139,0.0001350,0.0000003,0.0000001
31140,0.0001350,0.0000003,0.0000001
31141,0.0001349,0.0000003,0.0000001
31142,0.0001349,0.0000003,0.0000001
31143,0.0001349,0.0000003,0.0000001
31144,0.0001349,0.0000003,0.0000001
31145,0.0001348,0.0000003,0.0000001
31146,0.0001348,0.0000003,0.0000001
31147,0.0001348,0.0000003,0.0000001
31148,0.0001348,0.0000003,0.0000001
31149,0.0001348,0.0000003,0.0000001
31150,0.0001347,0.0000003,0.0000001
31151,0.0001347,0.0000003,0.0000001
31152,0.0001347,0.0000003,0.0000001
31153,0.0001347,0.0000003,0.0000001
31154,0.0001346,0.0000003,0.0000001
31155,0.0001346,0.0000003,0.0000001
31156,0.0001346,0.0000003,0.0000001
31157,0.0001346,0.0000003,0.0000001
31158,0.0001346,0.0000003,0.0000001
31159,0.0001345,0.0000003,0.0000001
31160,0.0001345,0.0000003,0.0000001
31161,0.0001345,0.0000003,0.0000001
31162,0.0001345,0.0000003,0.0000001
31163,0.0001344,0.0000003,0.0000001
31164,0.0001344,0.0000003,0.0000001
31165,0.0001344,0.0000003,0.0000001
31166,0.0001344,0.0000003,0.0000001
31167,0.0001344,0.0000003,0.0000001
31168,0.0001343,0.0000003,0.0000001
31169,0.0001343,0.0000003,0.0000001
31170,0.0001343,0.0000003,0.0000001
31171,0.0001343,0.0000003,0.0000001
31172,0.0001342,0.0000003,0.0000001
31173,0.0001342,0.0000003,0.0000001
31174,0.0001342,0.0000003,0.0000001
31175,0.0001342,0.0000003,0.0000001
31176,0.0001342,0.0000003,0.0000001
31177,0.0001341,0.0000003,0.0000001
31178,0.0001341,0.0000003,0.0000001
31179,0.0001341,0.0000003,0.0000001
31180,0.0001341,0.0000003,0.0000001
31181,0.0001340,0.0000003,0.0000001
31182,0.0001340,0.0000003,0.0000001
31183,0.0001340,0.0000003,0.0000001
31184,0.0001340,0.0000003,0.0000001
31185,0.0001340,0.0000003,0.0000001
31186,0.0001339,0.0000003,0.0000001
31187,0.0001339,0.0000003,0.0000001
31188,0.0001339,0.0000003,0.0000001
31189,0.0001339,0.0000003,0.0000001
31190,0.0001338,0.0000003,0.0000001
31191,0.0001338,0.0000003,0.0000001
31192,0.0001338,0.0000003,0.0000001
31193,0.0001338,0.0000003,0.0000001
31194,0.0001338,0.0000003,0.0000001
31195,0.0001337,0.0000003,0.0000001
31196,0.0001337,0.0000003,0.0000001
31197,0.0001337,0.0000003,0.0000001
31198,0.0001337,0.0000003,0.0000001
31199,0.0001336,0.0000003,0.0000001
31200,0.0001336,0.0000003,0.0000001
31201,0.0001336,0.0000003,0.0000001
31202,0.0001336,0.0000003,0.0000001
31203,0.0001336,0.0000003,0.0000001
31204,0.0001335,0.0000003,0.0000001
31205,0.0001335,0.0000003,0.0000001
31206,0.0001335,0.0000003,0.0000001
31207,0.0001335,0.0000003,0.0000001
31208,0.0001334,0.0000003,0.0000001
31209,0.0001334,0.0000003,0.0000001
31210,0.0001334,0.0000003,0.0000001
31211,0.0001334,0.0000003,0.0000001
31212,0.0001334,0.0000003,0.0000001
31213,0.0001333,0.0000003,0.0000001
31214,0.0001333,0.0000003,0.0000001
31215,0.0001333,0.0000003,0.0000001
31216,0.0001333,0.0000003,0.0000001
31217,0.0001332,0.0000003,0.0000001
31218,0.0001332,0.0000003,0.0000001
31219,0.0001332,0.0000003,0.0000001
31220,0.0001332,0.0000003,0.0000001
31221,0.0001332,0.0000003,0.0000001
31222,0.0001331,0.0000003,0.0000001
31223,0.0001331,0.0000003,0.0000001
31224,0.0001331,0.0000003,0.0000001
31225,0.0001331,0.0000003,0.0000001
31226,0.0001330,0.0000003,0.0000001
31227,0.0001330,0.0000003,0.0000001
31228,0.0001330,0.0000003,0.0000001
31229,0.0001330,0.0000003,0.0000001
31230,0.0001330,0.0000003,0.0000001
31231,0.0001329,0.0000003,0.0000001
31232,0.0001329,0.0000003,0.0000001
31233,0.0001329,0.0000003,0.0000001
31234,0.0001329,0.0000003,0.0000001
31235,0.0001328,0.0000003,0.0000001
31236,0.0001328,0.0000003,0.0000001
31237,0.0001328,0.0000003,0.0000001
31238,0.0001328,0.0000003,0.0000001
31239,0.0001328,0.0000003,0.0000001
31240,0.0001327,0.0000003,0.0000001
31241,0.0001327,0.0000003,0.0000001
31242,0.0001327,0.0000003,0.0000001
31243,0.0001327,0.0000003,0.0000001
31244,0.0001326,0.0000003,0.0000001
31245,0.0001326,0.0000003,0.0000001
31246,0.0001326,0.0000003,0.0000001
31247,0.0001326,0.0000003,0.0000001
31248,0.0001326,0.0000003,0.0000001
31249,0.0001325,0.0000003,0.0000001
31250,0.0001325,0.0000003,0.0000001
31251,0.0001325,0.0000003,0.0000001
31252,0.0001325,0.0000003,0.0000001
31253,0.0001325,0.0000003,0.0000001
31254,0.0001324,0.0000003,0.0000001
31255,0.0001324,0.0000003,0.0000001
31256,0.0001324,0.0000003,0.0000001
31257,0.0001324,0.0000003,0.0000001
31258,0.0001323,0.0000003,0.0000001
31259,0.0001323,0.0000003,0.0000001
31260,0.0001323,0.0000003,0.0000001
31261,0.0001323,0.0000003,0.0000001
31262,0.0001323,0.0000003,0.0000001
31263,0.0001322,0.0000003,0.0000001
31264,0.0001322,0.0000003,0.0000001
31265,0.0001322,0.0000003,0.0000001
31266,0.0001322,0.0000003,0.0000001
31267,0.0001321,0.0000003,0.0000001
31268,0.0001321,0.0000003,0.0000001
31269,0.0001321,0.0000003,0.0000001
31270,0.0001321,0.0000003,0.0000001
31271,0.0001321,0.0000003,0.0000001
31272,0.0001320,0.0000003,0.0000001
31273,0.0001320,0.0000003,0.0000001
31274,0.0001320,0.0000003,0.0000001
31275,0.0001320,0.0000003,0.0000001
31276,0.0001319,0.0000003,0.0000001
31277,0.0001319,0.0000003,0.0000001
31278,0.0001319,0.0000003,0.0000001
31279,0.0001319,0.0000003,0.0000001
31280,0.0001319,0.0000003,0.0000001
31281,0.0001318,0.0000003,0.0000001
31282,0.0001318,0.0000003,0.0000001
31283,0.0001318,0.0000003,0.0000001
31284,0.0001318,0.0000003,0.0000001
31285,0.0001317,0.0000003,0.0000001
31286,0.0001317,0.0000003,0.0000001
31287,0.0001317,0.0000003,0.0000001
31288,0.0001317,0.0000003,0.0000001
31289,0.0001317,0.0000003,0.0000001
31290,0.0001316,0.0000003,0.0000001
31291,0.0001316,0.0000003,0.0000001
31292,0.0001316,0.0000003,0.0000001
31293,0.0001316,0.0000003,0.0000001
31294,0.0001316,0.0000003,0.0000001
31295,0.0001315,0.0000003,0.0000001
31296,0.0001315,0.0000003,0.0000001
31297,0.0001315,0.0000003,0.0000001
31298,0.0001315,0.0000003,0.0000001
31299,0.0001314,0.0000003,0.0000001
31300,0.0001314,0.0000003,0.0000001
31301,0.0001314,0.0000003,0.0000001
31302,0.0001314,0.0000003,0.0000001
31303,0.0001314,0.0000003,0.0000001
31304,0.0001313,0.0000003,0.0000001
31305,0.0001313,0.0000003,0.0000001
31306,0.0001313,0.0000003,0.0000001
31307,0.0001313,0.0000003,0.0000001
31308,0.0001312,0.0000003,0.0000001
31309,0.0001312,0.0000003,0.0000001
31310,0.0001312,0.0000003,0.0000001
31311,0.0001312,0.0000003,0.0000001
31312,0.0001312,0.0000003,0.0000001
31313,0.0001311,0.0000003,0.0000001
31314,0.0001311,0.0000003,0.0000001
31315,0.0001311,0.0000003,0.0000001
31316,0.0001311,0.0000003,0.0000001
31317,0.0001311,0.0000003,0.0000001
31318,0.0001310,0.0000003,0.0000001
31319,0.0001310,0.0000003,0.0000001
31320,0.0001310,0.0000003,0.0000001
31321,0.0001310,0.0000003,0.0000001
31322,0.0001309,0.0000003,0.0000001
31323,0.0001309,0.0000003,0.0000001
31324,0.0001309,0.0000003,0.0000001
31325,0.0001309,0.0000003,0.0000001
31326,0.0001309,0.0000003,0.0000001
31327,0.0001308,0.0000003,0.0000001
31328,0.0001308,0.0000003,0.0000001
31329,0.0001308,0.0000003,0.0000001
31330,0.0001308,0.0000003,0.0000001
31331,0.0001307,0.0000003,0.0000001
31332,0.0001307,0.0000003,0.0000001
31333,0.0001307,0.0000003,0.0000001
31334,0.0001307,0.0000003,0.0000001
31335,0.0001307,0.0000003,0.0000001
31336,0.0001306,0.0000003,0.0000001
31337,0.0001306,0.0000003,0.0000001
31338,0.0001306,0.0000003,0.0000001
31339,0.0001306,0.0000003,0.0000001
31340,0.0001306,0.0000003,0.0000001
31341,0.0001305,0.0000003,0.0000001
31342,0.0001305,0.0000003,0.0000001
31343,0.0001305,0.0000003,0.0000001
31344,0.0001305,0.0000003,0.0000001
31345,0.0001304,0.0000003,0.0000001
31346,0.0001304,0.0000003,0.0000001
31347,0.0001304,0.0000003,0.0000001
31348,0.0001304,0.0000003,0.0000001
31349,0.0001304,0.0000003,0.0000001
31350,0.0001303,0.0000003,0.0000001
31351,0.0001303,0.0000003,0.0000001
31352,0.0001303,0.0000003,0.0000001
31353,0.0001303,0.0000003,0.0000001
31354,0.0001303,0.0000003,0.0000001
31355,0.0001302,0.0000003,0.0000001
31356,0.0001302,0.0000003,0.0000001
31357,0.0001302,0.0000003,0.0000001
31358,0.0001302,0.0000003,0.0000001
31359,0.0001301,0.0000003,0.0000001
31360,0.0001301,0.0000003,0.0000001
31361,0.0001301,0.0000003,0.0000001
31362,0.0001301,0.0000003,0.0000001
31363,0.0001301,0.0000003,0.0000001
31364,0.0001300,0.0000003,0.0000001
31365,0.0001300,0.0000003,0.0000001
31366,0.0001300,0.0000003,0.0000001
31367,0.0001300,0.0000003,0.0000001
31368,0.0001299,0.0000003,0.0000001
31369,0.0001299,0.0000003,0.0000001
31370,0.0001299,0.0000003,0.0000001
31371,0.0001299,0.0000003,0.0000001
31372,0.0001299,0.0000003,0.0000001
31373,0.0001298,0.0000003,0.0000001
31374,0.0001298,0.0000003,0.0000001
31375,0.0001298,0.0000003,0.0000001
31376,0.0001298,0.0000003,0.0000001
31377,0.0001298,0.0000003,0.0000001
31378,0.0001297,0.0000003,0.0000001
31379,0.0001297,0.0000003,0.0000001
31380,0.0001297,0.0000003,0.0000001
31381,0.0001297,0.0000003,0.0000001
31382,0.0001296,0.0000003,0.0000001
31383,0.0001296,0.0000003,0.0000001
31384,0.0001296,0.0000003,0.0000001
31385,0.0001296,0.0000003,0.0000001
31386,0.0001296,0.0000003,0.0000001
31387,0.0001295,0.0000003,0.0000001
31388,0.0001295,0.0000003,0.0000001
31389,0.0001295,0.0000003,0.0000001
31390,0.0001295,0.0000003,0.0000001
31391,0.0001295,0.0000003,0.0000001
31392,0.0001294,0.0000003,0.0000001
31393,0.0001294,0.0000003,0.0000001
31394,0.0001294,0.0000003,0.0000001
31395,0.0001294,0.0000003,0.0000001
31396,0.0001293,0.0000003,0.0000001
31397,0.0001293,0.0000003,0.0000001
31398,0.0001293,0.0000003,0.0000001
31399,0.0001293,0.0000003,0.0000001
31400,0.0001293,0.0000003,0.0000001
31401,0.0001292,0.0000003,0.0000001
31402,0.0001292,0.0000003,0.0000001
31403,0.0001292,0.0000003,0.0000001
31404,0.0001292,0.0000003,0.0000001
31405,0.0001292,0.0000003,0.0000001
31406,0.0001291,0.0000003,0.0000001
31407,0.0001291,0.0000003,0.0000001
31408,0.0001291,0.0000003,0.0000001
31409,0.0001291,0.0000003,0.0000001
31410,0.0001290,0.0000003,0.0000001
31411,0.0001290,0.0000003,0.0000001
31412,0.0001290,0.0000003,0.0000001
31413,0.0001290,0.0000003,0.0000001
31414,0.0001290,0.0000003,0.0000001
31415,0.0001289,0.0000003,0.0000001
31416,0.0001289,0.0000003,0.0000001
31417,0.0001289,0.0000003,0.0000001
31418,0.0001289,0.0000003,0.0000001
31419,0.0001289,0.0000003,0.0000001
31420,0.0001288,0.0000003,0.0000001
31421,0.0001288,0.0000003,0.0000001
31422,0.0001288,0.0000003,0.0000001
31423,0.0001288,0.0000003,0.0000001
31424,0.0001287,0.0000003,0.0000001
31425,0.0001287,0.0000003,0.0000001
31426,0.0001287,0.0000003,0.0000001
31427,0.0001287,0.0000003,0.0000001
31428,0.0001287,0.0000003,0.0000001
31429,0.0001286,0.0000003,0.0000001
31430,0.0001286,0.0000003,0.0000001
31431,0.0001286,0.0000003,0.0000001
31432,0.0001286,0.0000003,0.0000001
31433,0.0001286,0.0000003,0.0000001
31434,0.0001285,0.0000003,0.0000001
31435,0.0001285,0.0000003,0.0000001
31436,0.0001285,0.0000003,0.0000001
31437,0.0001285,0.0000003,0.0000001
31438,0.0001285,0.0000003,0.0000001
31439,0.0001284,0.0000003,0.0000001
31440,0.0001284,0.0000003,0.0000001
31441,0.0001284,0.0000003,0.0000001
31442,0.0001284,0.0000003,0.0000001
31443,0.0001283,0.0000003,0.0000001
31444,0.0001283,0.0000003,0.0000001
31445,0.0001283,0.0000003,0.0000001
31446,0.0001283,0.0000003,0.0000001
31447,0.0001283,0.0000003,0.0000001
31448,0.0001282,0.0000003,0.0000001
31449,0.0001282,0.0000003,0.0000001
31450,0.0001282,0.0000003,0.0000001
31451,0.0001282,0.0000003,0.0000001
31452,0.0001282,0.0000003,0.0000001
31453,0.0001281,0.0000003,0.0000001
31454,0.0001281,0.0000003,0.0000001
31455,0.0001281,0.0000003,0.0000001
31456,0.0001281,0.0000003,0.0000001
31457,0.0001280,0.0000003,0.0000001
31458,0.0001280,0.0000003,0.0000001
31459,0.0001280,0.0000003,0.0000001
31460,0.0001280,0.0000003,0.0000001
31461,0.0001280,0.0000003,0.0000001
31462,0.0001279,0.0000003,0.0000001
31463,0.0001279,0.0000003,0.0000001
31464,0.0001279,0.0000003,0.0000001
31465,0.0001279,0.0000003,0.0000001
31466,0.0001279,0.0000003,0.0000001
31467,0.0001278,0.0000003,0.0000001
31468,0.0001278,0.0000003,0.0000001
31469,0.0001278,0.0000003,0.0000001
31470,0.0001278,0.0000003,0.0000001
31471,0.0001278,0.0000003,0.0000001
31472,0.0001277,0.0000003,0.0000001
31473,0.0001277,0.0000003,0.0000001
31474,0.0001277,0.0000003,0.0000001
31475,0.0001277,0.0000003,0.0000001
31476,0.0001276,0.0000003,0.0000001
31477,0.0001276,0.0000003,0.0000001
31478,0.0001276,0.0000003,0.0000001
31479,0.0001276,0.0000003,0.0000001
31480,0.0001276,0.0000003,0.0000001
31481,0.0001275,0.0000003,0.0000001
31482,0.0001275,0.0000003,0.0000001
31483,0.0001275,0.0000003,0.0000001
31484,0.0001275,0.0000003,0.0000001
31485,0.0001275,0.0000003,0.0000001
31486,0.0001274,0.0000003,0.0000001
31487,0.0001274,0.0000003,0.0000001
31488,0.0001274,0.0000003,0.0000001
31489,0.0001274,0.0000003,0.0000001
31490,0.0001274,0.0000003,0.0000001
31491,0.0001273,0.0000003,0.0000001
31492,0.0001273,0.0000003,0.0000001
31493,0.0001273,0.0000003,0.0000001
31494,0.0001273,0.0000003,0.0000001
31495,0.0001272,0.0000003,0.0000001
31496,0.0001272,0.0000003,0.0000001
31497,0.0001272,0.0000003,0.0000001
31498,0.0001272,0.0000003,0.0000001
31499,0.0001272,0.0000003,0.0000001
31500,0.0001271,0.0000003,0.0000001
31501,0.0001271,0.0000003,0.0000001
31502,0.0001271,0.0000003,0.0000001
31503,0.0001271,0.0000003,0.0000001
31504,0.0001271,0.0000003,0.0000001
31505,0.0001270,0.0000003,0.0000001
31506,0.0001270,0.0000003,0.0000001
31507,0.0001270,0.0000003,0.0000001
31508,0.0001270,0.0000003,0.0000001
31509,0.0001270,0.0000003,0.0000001
31510,0.0001269,0.0000003,0.0000001
31511,0.0001269,0.0000003,0.0000001
31512,0.0001269,0.0000003,0.0000001
31513,0.0001269,0.0000003,0.0000001
31514,0.0001268,0.0000003,0.0000001
31515,0.0001268,0.0000003,0.0000001
31516,0.0001268,0.0000003,0.0000001
31517,0.0001268,0.0000003,0.0000001
31518,0.0001268,0.0000003,0.0000001
31519,0.0001267,0.0000003,0.0000001
31520,0.0001267,0.0000003,0.0000001
31521,0.0001267,0.0000003,0.0000001
31522,0.0001267,0.0000003,0.0000001
31523,0.0001267,0.0000003,0.0000001
31524,0.0001266,0.0000003,0.0000001
31525,0.0001266,0.0000003,0.0000001
31526,0.0001266,0.0000003,0.0000001
31527,0.0001266,0.0000003,0.0000001
31528,0.0001266,0.0000003,0.0000001
31529,0.0001265,0.0000003,0.0000001
31530,0.0001265,0.0000003,0.0000001
31531,0.0001265,0.0000003,0.0000001
31532,0.0001265,0.0000003,0.0000001
31533,0.0001264,0.0000003,0.0000001
31534,0.0001264,0.0000003,0.0000001
31535,0.0001264,0.0000003,0.0000001
31536,0.0001264,0.0000003,0.0000001
31537,0.0001264,0.0000003,0.0000001
31538,0.0001263,0.0000003,0.0000001
31539,0.0001263,0.0000003,0.0000001
31540,0.0001263,0.0000003,0.0000001
31541,0.0001263,0.0000003,0.0000001
31542,0.0001263,0.0000003,0.0000001
31543,0.0001262,0.0000003,0.0000001
31544,0.0001262,0.0000003,0.0000001
31545,0.0001262,0.0000003,0.0000001
31546,0.0001262,0.0000003,0.0000001
31547,0.0001262,0.0000003,0.0000001
31548,0.0001261,0.0000003,0.0000001
31549,0.0001261,0.0000003,0.0000001
31550,0.0001261,0.0000003,0.0000001
31551,0.0001261,0.0000003,0.0000001
31552,0.0001260,0.0000003,0.0000001
31553,0.0001260,0.0000003,0.0000001
31554,0.0001260,0.0000003,0.0000001
31555,0.0001260,0.0000003,0.0000001
31556,0.0001260,0.0000003,0.0000001
31557,0.0001259,0.0000003,0.0000001
31558,0.0001259,0.0000003,0.0000001
31559,0.0001259,0.0000003,0.0000001
31560,0.0001259,0.0000003,0.0000001
31561,0.0001259,0.0000003,0.0000001
31562,0.0001258,0.0000003,0.0000001
31563,0.0001258,0.0000003,0.0000001
31564,0.0001258,0.0000003,0.0000001
31565,0.0001258,0.0000003,0.0000001
31566,0.0001258,0.0000003,0.0000001
31567,0.0001257,0.0000003,0.0000001
31568,0.0001257,0.0000003,0.0000001
31569,0.0001257,0.0000003,0.0000001
31570,0.0001257,0.0000003,0.0000001
31571,0.0001257,0.0000003,0.0000001
31572,0.0001256,0.0000003,0.0000001
31573,0.0001256,0.0000003,0.0000001
31574,0.0001256,0.0000003,0.0000001
31575,0.0001256,0.0000003,0.0000001
31576,0.0001256,0.0000003,0.0000001
31577,0.0001255,0.0000003,0.0000001
31578,0.0001255,0.0000003,0.0000001
31579,0.0001255,0.0000003,0.0000001
31580,0.0001255,0.0000003,0.0000001
31581,0.0001254,0.0000003,0.0000001
31582,0.0001254,0.0000003,0.0000001
31583,0.0001254,0.0000003,0.0000001
31584,0.0001254,0.0000003,0.0000001
31585,0.0001254,0.0000003,0.0000001
31586,0.0001253,0.0000003,0.0000001
31587,0.0001253,0.0000003,0.0000001
31588,0.0001253,0.0000003,0.0000001
31589,0.0001253,0.0000003,0.0000001
31590,0.0001253,0.0000003,0.0000001
31591,0.0001252,0.0000003,0.0000001
31592,0.0001252,0.0000003,0.0000001
31593,0.0001252,0.0000003,0.0000001
31594,0.0001252,0.0000003,0.0000001
31595,0.0001252,0.0000003,0.0000001
31596,0.0001251,0.0000003,0.0000001
31597,0.0001251,0.0000003,0.0000001
31598,0.0001251,0.0000003,0.0000001
31599,0.0001251,0.0000003,0.0000001
31600,0.0001251,0.0000003,0.0000001
31601,0.0001250,0.0000003,0.0000001
31602,0.0001250,0.0000003,0.0000001
31603,0.0001250,0.0000003,0.0000001
31604,0.0001250,0.0000003,0.0000001
31605,0.0001249,0.0000003,0.0000001
31606,0.0001249,0.0000003,0.0000001
31607,0.0001249,0.0000003,0.0000001
31608,0.0001249,0.0000003,0.0000001
31609,0.0001249,0.0000003,0.0000001
31610,0.0001248,0.0000003,0.0000001
31611,0.0001248,0.0000003,0.0000001
31612,0.0001248,0.0000003,0.0000001
31613,0.0001248,0.0000003,0.0000001
31614,0.0001248,0.0000003,0.0000001
31615,0.0001247,0.0000003,0.0000001
31616,0.0001247,0.0000003,0.0000001
31617,0.0001247,0.0000003,0.0000001
31618,0.0001247,0.0000003,0.0000001
31619,0.0001247,0.0000003,0.0000001
31620,0.0001246,0.0000003,0.0000001
31621,0.0001246,0.0000003,0.0000001
31622,0.0001246,0.0000003,0.0000001
31623,0.0001246,0.0000003,0.0000001
31624,0.0001246,0.0000003,0.0000001
31625,0.0001245,0.0000003,0.0000001
31626,0.0001245,0.0000003,0.0000001
31627,0.0001245,0.0000003,0.0000001
31628,0.0001245,0.0000003,0.0000001
31629,0.0001245,0.0000003,0.0000001
31630,0.0001244,0.0000003,0.0000001
31631,0.0001244,0.0000003,0.0000001
31632,0.0001244,0.0000003,0.0000001
31633,0.0001244,0.0000003,0.0000001
31634,0.0001244,0.0000003,0.0000001
31635,0.0001243,0.0000003,0.0000001
31636,0.0001243,0.0000003,0.0000001
31637,0.0001243,0.0000003,0.0000001
31638,0.0001243,0.0000003,0.0000001
31639,0.0001242,0.0000003,0.0000001
31640,0.0001242,0.0000003,0.0000001
31641,0.0001242,0.0000003,0.0000001
31642,0.0001242,0.0000003,0.0000001
31643,0.0001242,0.0000003,0.0000001
31644,0.0001241,0.0000003,0.0000001
31645,0.0001241,0.0000003,0.0000001
31646,0.0001241,0.0000003,0.0000001
31647,0.0001241,0.0000003,0.0000001
31648,0.0001241,0.0000003,0.0000001
31649,0.0001240,0.0000003,0.0000001
31650,0.0001240,0.0000003,0.0000001
31651,0.0001240,0.0000003,0.0000001
31652,0.0001240,0.0000003,0.0000001
31653,0.0001240,0.0000003,0.0000001
31654,0.0001239,0.0000003,0.0000001
31655,0.0001239,0.0000003,0.0000001
31656,0.0001239,0.0000003,0.0000001
31657,0.0001239,0.0000003,0.0000001
31658,0.0001239,0.0000003,0.0000001
31659,0.0001238,0.0000003,0.0000001
31660,0.0001238,0.0000003,0.0000001
31661,0.0001238,0.0000003,0.0000001
31662,0.0001238,0.0000003,0.0000001
31663,0.0001238,0.0000003,0.0000001
31664,0.0001237,0.0000003,0.0000001
31665,0.0001237,0.0000003,0.0000001
31666,0.0001237,0.0000003,0.0000001
31667,0.0001237,0.0000003,0.0000001
31668,0.0001237,0.0000003,0.0000001
31669,0.0001236,0.0000003,0.0000001
31670,0.0001236,0.0000003,0.0000001
31671,0.0001236,0.0000003,0.0000001
31672,0.0001236,0.0000003,0.0000001
31673,0.0001236,0.0000003,0.0000001
31674,0.0001235,0.0000003,0.0000001
31675,0.0001235,0.0000003,0.0000001
31676,0.0001235,0.0000003,0.0000001
31677,0.0001235,0.0000003,0.0000001
31678,0.0001234,0.0000003,0.0000001
31679,0.0001234,0.0000003,0.0000001
31680,0.0001234,0.0000003,0.0000001
31681,0.0001234,0.0000003,0.0000001
31682,0.0001234,0.0000003,0.0000001
31683,0.0001233,0.0000003,0.0000001
31684,0.0001233,0.0000003,0.0000001
31685,0.0001233,0.0000003,0.0000001
31686,0.0001233,0.0000003,0.0000001
31687,0.0001233,0.0000003,0.0000001
31688,0.0001232,0.0000003,0.0000001
31689,0.0001232,0.0000003,0.0000001
31690,0.0001232,0.0000003,0.0000001
31691,0.0001232,0.0000003,0.0000001
31692,0.0001232,0.0000003,0.0000001
31693,0.0001231,0.0000003,0.0000001
31694,0.0001231,0.0000003,0.0000001
31695,0.0001231,0.0000003,0.0000001
31696,0.0001231,0.0000003,0.0000001
31697,0.0001231,0.0000003,0.0000001
31698,0.0001230,0.0000003,0.0000001
31699,0.0001230,0.0000003,0.0000001
31700,0.0001230,0.0000003,0.0000001
31701,0.0001230,0.0000003,0.0000001
31702,0.0001230,0.0000003,0.0000001
31703,0.0001229,0.0000003,0.0000001
31704,0.0001229,0.0000003,0.0000001
31705,0.0001229,0.0000003,0.0000001
31706,0.0001229,0.0000003,0.0000001
31707,0.0001229,0.0000003,0.0000001
31708,0.0001228,0.0000003,0.0000001
31709,0.0001228,0.0000003,0.0000001
31710,0.0001228,0.0000003,0.0000001
31711,0.0001228,0.0000003,0.0000001
31712,0.0001228,0.0000003,0.0000001
31713,0.0001227,0.0000003,0.0000001
31714,0.0001227,0.0000003,0.0000001
31715,0.0001227,0.0000003,0.0000001
31716,0.0001227,0.0000003,0.0000001
31717,0.0001227,0.0000003,0.0000001
31718,0.0001226,0.0000003,0.0000001
31719,0.0001226,0.0000003,0.0000001
31720,0.0001226,0.0000003,0.0000001
31721,0.0001226,0.0000003,0.0000001
31722,0.0001226,0.0000003,0.0000001
31723,0.0001225,0.0000003,0.0000001
31724,0.0001225,0.0000003,0.0000001
31725,0.0001225,0.0000003,0.0000001
31726,0.0001225,0.0000003,0.0000001
31727,0.0001225,0.0000003,0.0000001
31728,0.0001224,0.0000003,0.0000001
31729,0.0001224,0.0000003,0.0000001
31730,0.0001224,0.0000003,0.0000001
31731,0.0001224,0.0000003,0.0000001
31732,0.0001224,0.0000003,0.0000001
31733,0.0001223,0.0000003,0.0000001
31734,0.0001223,0.0000003,0.0000001
31735,0.0001223,0.0000003,0.0000001
31736,0.0001223,0.0000003,0.0000001
31737,0.0001223,0.0000003,0.0000001
31738,0.0001222,0.0000003,0.0000001
31739,0.0001222,0.0000003,0.0000001
31740,0.0001222,0.0000003,0.0000001
31741,0.0001222,0.0000003,0.0000001
31742,0.0001221,0.0000003,0.0000001
31743,0.0001221,0.0000003,0.0000001
31744,0.0001221,0.0000003,0.0000001
31745,0.0001221,0.0000003,0.0000001
31746,0.0001221,0.0000003,0.0000001
31747,0.0001220,0.0000003,0.0000001
31748,0.0001220,0.0000003,0.0000001
31749,0.0001220,0.0000003,0.0000001
31750,0.0001220,0.0000003,0.0000001
31751,0.0001220,0.0000003,0.0000001
31752,0.0001219,0.0000003,0.0000001
31753,0.0001219,0.0000003,0.0000001
31754,0.0001219,0.0000003,0.0000001
31755,0.0001219,0.0000003,0.0000001
31756,0.0001219,0.0000003,0.0000001
31757,0.0001218,0.0000003,0.0000001
31758,0.0001218,0.0000003,0.0000001
31759,0.0001218,0.0000003,0.0000001
31760,0.0001218,0.0000003,0.0000001
31761,0.0001218,0.0000003,0.0000001
31762,0.0001217,0.0000003,0.0000001
31763,0.0001217,0.0000003,0.0000001
31764,0.0001217,0.0000003,0.0000001
31765,0.0001217,0.0000003,0.0000001
31766,0.0001217,0.0000003,0.0000001
31767,0.0001216,0.0000003,0.0000001
31768,0.0001216,0.0000003,0.0000001
31769,0.0001216,0.0000003,0.0000001
31770,0.0001216,0.0000003,0.0000001
31771,0.0001216,0.0000003,0.0000001
31772,0.0001215,0.0000003,0.0000001
31773,0.0001215,0.0000003,0.0000001
31774,0.0001215,0.0000003,0.0000001
31775,0.0001215,0.0000003,0.0000001
31776,0.0001215,0.0000003,0.0000001
31777,0.0001214,0.0000003,0.0000001
31778,0.0001214,0.0000003,0.0000001
31779,0.0001214,0.0000003,0.0000001
31780,0.0001214,0.0000003,0.0000001
31781,0.0001214,0.0000003,0.0000001
31782,0.0001213,0.0000003,0.0000001
31783,0.0001213,0.0000003,0.0000001
31784,0.0001213,0.0000003,0.0000001
31785,0.0001213,0.0000003,0.0000001
31786,0.0001213,0.0000003,0.0000001
31787,0.0001212,0.0000003,0.0000001
31788,0.0001212,0.0000003,0.0000001
31789,0.0001212,0.0000003,0.0000001
31790,0.0001212,0.0000003,0.0000001
31791,0.0001212,0.0000003,0.0000001
31792,0.0001211,0.0000003,0.0000001
31793,0.0001211,0.0000003,0.0000001
31794,0.0001211,0.0000003,0.0000001
31795,0.0001211,0.0000003,0.0000001
31796,0.0001211,0.0000003,0.0000001
31797,0.0001210,0.0000003,0.0000001
31798,0.0001210,0.0000003,0.0000001
31799,0.0001210,0.0000003,0.0000001
31800,0.0001210,0.0000003,0.0000001
31801,0.0001210,0.0000003,0.0000001
31802,0.0001209,0.0000003,0.0000001
31803,0.0001209,0.0000003,0.0000001
31804,0.0001209,0.0000003,0.0000001
31805,0.0001209,0.0000003,0.0000001
31806,0.0001209,0.0000003,0.0000001
31807,0.0001208,0.0000003,0.0000001
31808,0.0001208,0.0000003,0.0000001
31809,0.0001208,0.0000003,0.0000001
31810,0.0001208,0.0000003,0.0000001
31811,0.0001208,0.0000003,0.0000001
31812,0.0001207,0.0000003,0.0000001
31813,0.0001207,0.0000003,0.0000001
31814,0.0001207,0.0000003,0.0000001
31815,0.0001207,0.0000003,0.0000001
31816,0.0001207,0.0000003,0.0000001
31817,0.0001206,0.0000003,0.0000001
31818,0.0001206,0.0000003,0.0000001
31819,0.0001206,0.0000003,0.0000001
31820,0.0001206,0.0000003,0.0000001
31821,0.0001206,0.0000003,0.0000001
31822,0.0001205,0.0000003,0.0000001
31823,0.0001205,0.0000003,0.0000001
31824,0.0001205,0.0000003,0.0000001
31825,0.0001205,0.0000003,0.0000001
31826,0.0001205,0.0000003,0.0000001
31827,0.0001204,0.0000003,0.0000001
31828,0.0001204,0.0000003,0.0000001
31829,0.0001204,0.0000003,0.0000001
31830,0.0001204,0.0000003,0.0000001
31831,0.0001204,0.0000003,0.0000001
31832,0.0001203,0.0000003,0.0000001
31833,0.0001203,0.0000003,0.0000001
31834,0.0001203,0.0000003,0.0000001
31835,0.0001203,0.0000003,0.0000001
31836,0.0001203,0.0000003,0.0000001
31837,0.0001202,0.0000003,0.0000001
31838,0.0001202,0.0000003,0.0000001
31839,0.0001202,0.0000003,0.0000001
31840,0.0001202,0.0000003,0.0000001
31841,0.0001202,0.0000003,0.0000001
31842,0.0001201,0.0000003,0.0000001
31843,0.0001201,0.0000003,0.0000001
31844,0.0001201,0.0000003,0.0000001
31845,0.0001201,0.0000003,0.0000001
31846,0.0001201,0.0000003,0.0000001
31847,0.0001200,0.0000003,0.0000001
31848,0.0001200,0.0000003,0.0000001
31849,0.0001200,0.0000003,0.0000001
31850,0.0001200,0.0000003,0.0000001
31851,0.0001200,0.0000003,0.0000001
31852,0.0001199,0.0000003,0.0000001
31853,0.0001199,0.0000003,0.0000001
31854,0.0001199,0.0000003,0.0000001
31855,0.0001199,0.0000003,0.0000001
31856,0.0001199,0.0000003,0.0000001
31857,0.0001199,0.0000003,0.0000001
31858,0.0001198,0.0000003,0.0000001
31859,0.0001198,0.0000003,0.0000001
31860,0.0001198,0.0000003,0.0000001
31861,0.0001198,0.0000003,0.0000001
31862,0.0001198,0.0000003,0.0000001
31863,0.0001197,0.0000003,0.0000001
31864,0.0001197,0.0000003,0.0000001
31865,0.0001197,0.0000003,0.0000001
31866,0.0001197,0.0000003,0.0000001
31867,0.0001197,0.0000003,0.0000001
31868,0.0001196,0.0000003,0.0000001
31869,0.0001196,0.0000003,0.0000001
31870,0.0001196,0.0000003,0.0000001
31871,0.0001196,0.0000003,0.0000001
31872,0.0001196,0.0000003,0.0000001
31873,0.0001195,0.0000003,0.0000001
31874,0.0001195,0.0000003,0.0000001
31875,0.0001195,0.0000003,0.0000001
31876,0.0001195,0.0000003,0.0000001
31877,0.0001195,0.0000003,0.0000001
31878,0.0001194,0.0000003,0.0000001
31879,0.0001194,0.0000003,0.0000001
31880,0.0001194,0.0000003,0.0000001
31881,0.0001194,0.0000003,0.0000001
31882,0.0001194,0.0000003,0.0000001
31883,0.0001193,0.0000003,0.0000001
31884,0.0001193,0.0000003,0.0000001
31885,0.0001193,0.0000003,0.0000001
31886,0.0001193,0.0000003,0.0000001
31887,0.0001193,0.0000003,0.0000001
31888,0.0001192,0.0000003,0.0000001
31889,0.0001192,0.0000003,0.0000001
31890,0.0001192,0.0000003,0.0000001
31891,0.0001192,0.0000003,0.0000001
31892,0.0001192,0.0000003,0.0000001
31893,0.0001191,0.0000003,0.0000001
31894,0.0001191,0.0000003,0.0000001
31895,0.0001191,0.0000003,0.0000001
31896,0.0001191,0.0000003,0.0000001
31897,0.0001191,0.0000003,0.0000001
31898,0.0001190,0.0000003,0.0000001
31899,0.0001190,0.0000003,0.0000001
31900,0.0001190,0.0000003,0.0000001
31901,0.0001190,0.0000003,0.0000001
31902,0.0001190,0.0000003,0.0000001
31903,0.0001189,0.0000003,0.0000001
31904,0.0001189,0.0000003,0.0000001
31905,0.0001189,0.0000003,0.0000001
31906,0.0001189,0.0000003,0.0000001
31907,0.0001189,0.0000003,0.0000001
31908,0.0001188,0.0000003,0.0000001
31909,0.0001188,0.0000003,0.0000001
31910,0.0001188,0.0000003,0.0000001
31911,0.0001188,0.0000003,0.0000001
31912,0.0001188,0.0000003,0.0000001
31913,0.0001187,0.0000003,0.0000001
31914,0.0001187,0.0000003,0.0000001
31915,0.0001187,0.0000003,0.0000001
31916,0.0001187,0.0000003,0.0000001
31917,0.0001187,0.0000003,0.0000001
31918,0.0001186,0.0000003,0.0000001
31919,0.0001186,0.0000003,0.0000001
31920,0.0001186,0.0000003,0.0000001
31921,0.0001186,0.0000003,0.0000001
31922,0.0001186,0.0000003,0.0000001
31923,0.0001186,0.0000003,0.0000001
31924,0.0001185,0.0000003,0.0000001
31925,0.0001185,0.0000003,0.0000001
31926,0.0001185,0.0000003,0.0000001
31927,0.0001185,0.0000003,0.0000001
31928,0.0001185,0.0000003,0.0000001
31929,0.0001184,0.0000003,0.0000001
31930,0.0001184,0.0000003,0.0000001
31931,0.0001184,0.0000003,0.0000001
31932,0.0001184,0.0000003,0.0000001
31933,0.0001184,0.0000003,0.0000001
31934,0.0001183,0.0000003,0.0000001
31935,0.0001183,0.0000003,0.0000001
31936,0.0001183,0.0000003,0.0000001
31937,0.0001183,0.0000003,0.0000001
31938,0.0001183,0.0000003,0.0000001
31939,0.0001182,0.0000003,0.0000001
31940,0.0001182,0.0000003,0.0000001
31941,0.0001182,0.0000003,0.0000001
31942,0.0001182,0.0000003,0.0000001
31943,0.0001182,0.0000003,0.0000001
31944,0.0001181,0.0000003,0.0000001
31945,0.0001181,0.0000003,0.0000001
31946,0.0001181,0.0000003,0.0000001
31947,0.0001181,0.0000003,0.0000001
31948,0.0001181,0.0000003,0.0000001
31949,0.0001180,0.0000003,0.0000001
31950,0.0001180,0.0000003,0.0000001
31951,0.0001180,0.0000003,0.0000001
31952,0.0001180,0.0000003,0.0000001
31953,0.0001180,0.0000003,0.0000001
31954,0.0001179,0.0000003,0.0000001
31955,0.0001179,0.0000003,0.0000001
31956,0.0001179,0.0000003,0.0000001
31957,0.0001179,0.0000003,0.0000001
31958,0.0001179,0.0000003,0.0000001
31959,0.0001178,0.0000003,0.0000001
31960,0.0001178,0.0000003,0.0000001
31961,0.0001178,0.0000003,0.0000001
31962,0.0001178,0.0000003,0.0000001
31963,0.0001178,0.0000003,0.0000001
31964,0.0001178,0.0000003,0.0000001
31965,0.0001177,0.0000003,0.0000001
31966,0.0001177,0.0000003,0.0000001
31967,0.0001177,0.0000003,0.0000001
31968,0.0001177,0.0000003,0.0000001
31969,0.0001177,0.0000003,0.0000001
31970,0.0001176,0.0000003,0.0000001
31971,0.0001176,0.0000003,0.0000001
31972,0.0001176,0.0000003,0.0000001
31973,0.0001176,0.0000003,0.0000001
31974,0.0001176,0.0000003,0.0000001
31975,0.0001175,0.0000003,0.0000001
31976,0.0001175,0.0000003,0.0000001
31977,0.0001175,0.0000003,0.0000001
31978,0.0001175,0.0000003,0.0000001
31979,0.0001175,0.0000003,0.0000001
31980,0.0001174,0.0000003,0.0000001
31981,0.0001174,0.0000003,0.0000001
31982,0.0001174,0.0000003,0.0000001
31983,0.0001174,0.0000003,0.0000001
31984,0.0001174,0.0000003,0.0000001
31985,0.0001173,0.0000003,0.0000001
31986,0.0001173,0.0000003,0.0000001
31987,0.0001173,0.0000003,0.0000001
31988,0.0001173,0.0000003,0.0000001
31989,0.0001173,0.0000003,0.0000001
31990,0.0001172,0.0000003,0.0000001
31991,0.0001172,0.0000003,0.0000001
31992,0.0001172,0.0000003,0.0000001
31993,0.0001172,0.0000003,0.0000001
31994,0.0001172,0.0000003,0.0000001
31995,0.0001172,0.0000003,0.0000001
31996,0.0001171,0.0000003,0.0000001
31997,0.0001171,0.0000003,0.0000001
31998,0.0001171,0.0000003,0.0000001
31999,0.0001171,0.0000003,0.0000001
32000,0.0001171,0.0000003,0.0000001
32001,0.0001170,0.0000003,0.0000001
32002,0.0001170,0.0000003,0.0000001
32003,0.0001170,0.0000003,0.0000001
32004,0.0001170,0.0000003,0.0000001
32005,0.0001170,0.0000003,0.0000001
32006,0.0001169,0.0000003,0.0000001
32007,0.0001169,0.0000003,0.0000001
32008,0.0001169,0.0000003,0.0000001
32009,0.0001169,0.0000003,0.0000001
32010,0.0001169,0.0000003,0.0000001
32011,0.0001168,0.0000003,0.0000001
32012,0.0001168,0.0000003,0.0000001
32013,0.0001168,0.0000003,0.0000001
32014,0.0001168,0.0000003,0.0000001
32015,0.0001168,0.0000003,0.0000001
32016,0.0001167,0.0000003,0.0000001
32017,0.0001167,0.0000003,0.0000001
32018,0.0001167,0.0000003,0.0000001
32019,0.0001167,0.0000003,0.0000001
32020,0.0001167,0.0000003,0.0000001
32021,0.0001166,0.0000003,0.0000001
32022,0.0001166,0.0000003,0.0000001
32023,0.0001166,0.0000003,0.0000001
32024,0.0001166,0.0000003,0.0000001
32025,0.0001166,0.0000003,0.0000001
32026,0.0001166,0.0000003,0.0000001
32027,0.0001165,0.0000003,0.0000001
32028,0.0001165,0.0000003,0.0000001
32029,0.0001165,0.0000003,0.0000001
32030,0.0001165,0.0000003,0.0000001
32031,0.0001165,0.0000003,0.0000001
32032,0.0001164,0.0000003,0.0000001
32033,0.0001164,0.0000003,0.0000001
32034,0.0001164,0.0000003,0.0000001
32035,0.0001164,0.0000003,0.0000001
32036,0.0001164,0.0000003,0.0000001
32037,0.0001163,0.0000003,0.0000001
32038,0.0001163,0.0000003,0.0000001
32039,0.0001163,0.0000003,0.0000001
32040,0.0001163,0.0000003,0.0000001
32041,0.0001163,0.0000003,0.0000001
32042,0.0001162,0.0000003,0.0000001
32043,0.0001162,0.0000003,0.0000001
32044,0.0001162,0.0000003,0.0000001
32045,0.0001162,0.0000003,0.0000001
32046,0.0001162,0.0000003,0.0000001
32047,0.0001161,0.0000003,0.0000001
32048,0.0001161,0.0000003,0.0000001
32049,0.0001161,0.0000003,0.0000001
32050,0.0001161,0.0000003,0.0000001
32051,0.0001161,0.0000003,0.0000001
32052,0.0001161,0.0000003,0.0000001
32053,0.0001160,0.0000003,0.0000001
32054,0.0001160,0.0000003,0.0000001
32055,0.0001160,0.0000003,0.0000001
32056,0.0001160,0.0000003,0.0000001
32057,0.0001160,0.0000003,0.0000001
32058,0.0001159,0.0000003,0.0000001
32059,0.0001159,0.0000003,0.0000001
32060,0.0001159,0.0000003,0.0000001
32061,0.0001159,0.0000003,0.0000001
32062,0.0001159,0.0000003,0.0000001
32063,0.0001158,0.0000003,0.0000001
32064,0.0001158,0.0000003,0.0000001
32065,0.0001158,0.0000003,0.0000001
32066,0.0001158,0.0000003,0.0000001
32067,0.0001158,0.0000003,0.0000001
32068,0.0001157,0.0000003,0.0000001
32069,0.0001157,0.0000002,0.0000001
32070,0.0001157,0.0000002,0.0000001
32071,0.0001157,0.0000002,0.0000001
32072,0.0001157,0.0000002,0.0000001
32073,0.0001157,0.0000002,0.0000001
32074,0.0001156,0.0000002,0.0000001
32075,0.0001156,0.0000002,0.0000001
32076,0.0001156,0.0000002,0.0000001
32077,0.0001156,0.0000002,0.0000001
32078,0.0001156,0.0000002,0.0000001
32079,0.0001155,0.0000002,0.0000001
32080,0.0001155,0.0000002,0.0000001
32081,0.0001155,0.0000002,0.0000001
32082,0.0001155,0.0000002,0.0000001
32083,0.0001155,0.0000002,0.0000001
32084,0.0001154,0.0000002,0.0000001
32085,0.0001154,0.0000002,0.0000001
32086,0.0001154,0.0000002,0.0000001
32087,0.0001154,0.0000002,0.0000001
32088,0.0001154,0.0000002,0.0000001
32089,0.0001153,0.0000002,0.0000001
32090,0.0001153,0.0000002,0.0000001
32091,0.0001153,0.0000002,0.0000001
32092,0.0001153,0.0000002,0.0000001
32093,0.0001153,0.0000002,0.0000001
32094,0.0001153,0.0000002,0.0000001
32095,0.0001152,0.0000002,0.0000001
32096,0.0001152,0.0000002,0.0000001
32097,0.0001152,0.0000002,0.0000001
32098,0.0001152,0.0000002,0.0000001
32099,0.0001152,0.0000002,0.0000001
32100,0.0001151,0.0000002,0.0000001
32101,0.0001151,0.0000002,0.0000001
32102,0.0001151,0.0000002,0.0000001
32103,0.0001151,0.0000002,0.0000001
32104,0.0001151,0.0000002,0.0000001
32105,0.0001150,0.0000002,0.0000001
32106,0.0001150,0.0000002,0.0000001
32107,0.0001150,0.0000002,0.0000001
32108,0.0001150,0.0000002,0.0000001
32109,0.0001150,0.0000002,0.0000001
32110,0.0001149,0.0000002,0.0000001
32111,0.0001149,0.0000002,0.0000001
32112,0.0001149,0.0000002,0.0000001
32113,0.0001149,0.0000002,0.0000001
32114,0.0001149,0.0000002,0.0000001
32115,0.0001149,0.0000002,0.0000001
32116,0.0001148,0.0000002,0.0000001
32117,0.0001148,0.0000002,0.0000001
32118,0.0001148,0.0000002,0.0000001
32119,0.0001148,0.0000002,0.0000001
32120,0.0001148,0.0000002,0.0000001
32121,0.0001147,0.0000002,0.0000001
32122,0.0001147,0.0000002,0.0000001
32123,0.0001147,0.0000002,0.0000001
32124,0.0001147,0.0000002,0.0000001
32125,0.0001147,0.0000002,0.0000001
32126,0.0001146,0.0000002,0.0000001
32127,0.0001146,0.0000002,0.0000001
32128,0.0001146,0.0000002,0.0000001
32129,0.0001146,0.0000002,0.0000001
32130,0.0001146,0.0000002,0.0000001
32131,0.0001146,0.0000002,0.0000001
32132,0.0001145,0.0000002,0.0000001
32133,0.0001145,0.0000002,0.0000001
32134,0.0001145,0.0000002,0.0000001
32135,0.0001145,0.0000002,0.0000001
32136,0.0001145,0.0000002,0.0000001
32137,0.0001144,0.0000002,0.0000001
32138,0.0001144,0.0000002,0.0000001
32139,0.0001144,0.0000002,0.0000001
32140,0.0001144,0.0000002,0.0000001
32141,0.0001144,0.0000002,0.0000001
32142,0.0001143,0.0000002,0.0000001
32143,0.0001143,0.0000002,0.0000001
32144,0.0001143,0.0000002,0.0000001
32145,0.0001143,0.0000002,0.0000001
32146,0.0001143,0.0000002,0.0000001
32147,0.0001142,0.0000002,0.0000001
32148,0.0001142,0.0000002,0.0000001
32149,0.0001142,0.0000002,0.0000001
32150,0.0001142,0.0000002,0.0000001
32151,0.0001142,0.0000002,0.0000001
32152,0.0001142,0.0000002,0.0000001
32153,0.0001141,0.0000002,0.0000001
32154,0.0001141,0.0000002,0.0000001
32155,0.0001141,0.0000002,0.0000001
32156,0.0001141,0.0000002,0.0000001
32157,0.0001141,0.0000002,0.0000001
32158,0.0001140,0.0000002,0.0000001
32159,0.0001140,0.0000002,0.0000001
32160,0.0001140,0.0000002,0.0000001
32161,0.0001140,0.0000002,0.0000001
32162,0.0001140,0.0000002,0.0000001
32163,0.0001139,0.0000002,0.0000001
32164,0.0001139,0.0000002,0.0000001
32165,0.0001139,0.0000002,0.0000001
32166,0.0001139,0.0000002,0.0000001
32167,0.0001139,0.0000002,0.0000001
32168,0.0001139,0.0000002,0.0000001
32169,0.0001138,0.0000002,0.0000001
32170,0.0001138,0.0000002,0.0000001
32171,0.0001138,0.0000002,0.0000001
32172,0.0001138,0.0000002,0.0000001
32173,0.0001138,0.0000002,0.0000001
32174,0.0001137,0.0000002,0.0000001
32175,0.0001137,0.0000002,0.0000001
32176,0.0001137,0.0000002,0.0000001
32177,0.0001137,0.0000002,0.0000001
32178,0.0001137,0.0000002,0.0000001
32179,0.0001136,0.0000002,0.0000001
32180,0.0001136,0.0000002,0.0000001
32181,0.0001136,0.0000002,0.0000001
32182,0.0001136,0.0000002,0.0000001
32183,0.0001136,0.0000002,0.0000001
32184,0.0001136,0.0000002,0.0000001
32185,0.0001135,0.0000002,0.0000001
32186,0.0001135,0.0000002,0.0000001
32187,0.0001135,0.0000002,0.0000001
32188,0.0001135,0.0000002,0.0000001
32189,0.0001135,0.0000002,0.0000001
32190,0.0001134,0.0000002,0.0000001
32191,0.0001134,0.0000002,0.0000001
32192,0.0001134,0.0000002,0.0000001
32193,0.0001134,0.0000002,0.0000001
32194,0.0001134,0.0000002,0.0000001
32195,0.0001133,0.0000002,0.0000001
32196,0.0001133,0.0000002,0.0000001
32197,0.0001133,0.0000002,0.0000001
32198,0.0001133,0.0000002,0.0000001
32199,0.0001133,0.0000002,0.0000001
32200,0.0001133,0.0000002,0.0000001
32201,0.0001132,0.0000002,0.0000001
32202,0.0001132,0.0000002,0.0000001
32203,0.0001132,0.0000002,0.0000001
32204,0.0001132,0.0000002,0.0000001
32205,0.0001132,0.0000002,0.0000001
32206,0.0001131,0.0000002,0.0000001
32207,0.0001131,0.0000002,0.0000001
32208,0.0001131,0.0000002,0.0000001
32209,0.0001131,0.0000002,0.0000001
32210,0.0001131,0.0000002,0.0000001
32211,0.0001130,0.0000002,0.0000001
32212,0.0001130,0.0000002,0.0000001
32213,0.0001130,0.0000002,0.0000001
32214,0.0001130,0.0000002,0.0000001
32215,0.0001130,0.0000002,0.0000001
32216,0.0001130,0.0000002,0.0000001
32217,0.0001129,0.0000002,0.0000001
32218,0.0001129,0.0000002,0.0000001
32219,0.0001129,0.0000002,0.0000001
32220,0.0001129,0.0000002,0.0000001
32221,0.0001129,0.0000002,0.0000001
32222,0.0001128,0.0000002,0.0000001
32223,0.0001128,0.0000002,0.0000001
32224,0.0001128,0.0000002,0.0000001
32225,0.0001128,0.0000002,0.0000001
32226,0.0001128,0.0000002,0.0000001
32227,0.0001128,0.0000002,0.0000001
32228,0.0001127,0.0000002,0.0000001
32229,0.0001127,0.0000002,0.0000001
32230,0.0001127,0.0000002,0.0000001
32231,0.0001127,0.0000002,0.0000001
32232,0.0001127,0.0000002,0.0000001
32233,0.0001126,0.0000002,0.0000001
32234,0.0001126,0.0000002,0.0000001
32235,0.0001126,0.0000002,0.0000001
32236,0.0001126,0.0000002,0.0000001
32237,0.0001126,0.0000002,0.0000001
32238,0.0001125,0.0000002,0.0000001
32239,0.0001125,0.0000002,0.0000001
32240,0.0001125,0.0000002,0.0000001
32241,0.0001125,0.0000002,0.0000001
32242,0.0001125,0.0000002,0.0000001
32243,0.0001125,0.0000002,0.0000001
32244,0.0001124,0.0000002,0.0000001
32245,0.0001124,0.0000002,0.0000001
32246,0.0001124,0.0000002,0.0000001
32247,0.0001124,0.0000002,0.0000001
32248,0.0001124,0.0000002,0.0000001
32249,0.0001123,0.0000002,0.0000001
32250,0.0001123,0.0000002,0.0000001
32251,0.0001123,0.0000002,0.0000001
32252,0.0001123,0.0000002,0.0000001
32253,0.0001123,0.0000002,0.0000001
32254,0.0001123,0.0000002,0.0000001
32255,0.0001122,0.0000002,0.0000001
32256,0.0001122,0.0000002,0.0000001
32257,0.0001122,0.0000002,0.0000001
32258,0.0001122,0.0000002,0.0000001
32259,0.0001122,0.0000002,0.0000001
32260,0.0001121,0.0000002,0.0000001
32261,0.0001121,0.0000002,0.0000001
32262,0.0001121,0.0000002,0.0000001
32263,0.0001121,0.0000002,0.0000001
32264,0.0001121,0.0000002,0.0000001
32265,0.0001120,0.0000002,0.0000001
32266,0.0001120,0.0000002,0.0000001
32267,0.0001120,0.0000002,0.0000001
32268,0.0001120,0.0000002,0.0000001
32269,0.0001120,0.0000002,0.0000001
32270,0.0001120,0.0000002,0.0000001
32271,0.0001119,0.0000002,0.0000001
32272,0.0001119,0.0000002,0.0000001
32273,0.0001119,0.0000002,0.0000001
32274,0.0001119,0.0000002,0.0000001
32275,0.0001119,0.0000002,0.0000001
32276,0.0001118,0.0000002,0.0000001
32277,0.0001118,0.0000002,0.0000001
32278,0.0001118,0.0000002,0.0000001
32279,0.0001118,0.0000002,0.0000001
32280,0.0001118,0.0000002,0.0000001
32281,0.0001118,0.0000002,0.0000001
32282,0.0001117,0.0000002,0.0000001
32283,0.0001117,0.0000002,0.0000001
32284,0.0001117,0.0000002,0.0000001
32285,0.0001117,0.0000002,0.0000001
32286,0.0001117,0.0000002,0.0000001
32287,0.0001116,0.0000002,0.0000001
32288,0.0001116,0.0000002,0.0000001
32289,0.0001116,0.0000002,0.0000001
32290,0.0001116,0.0000002,0.0000001
32291,0.0001116,0.0000002,0.0000001
32292,0.0001116,0.0000002,0.0000001
32293,0.0001115,0.0000002,0.0000001
32294,0.0001115,0.0000002,0.0000001
32295,0.0001115,0.0000002,0.0000001
32296,0.0001115,0.0000002,0.0000001
32297,0.0001115,0.0000002,0.0000001
32298,0.0001114,0.0000002,0.0000001
32299,0.0001114,0.0000002,0.0000001
32300,0.0001114,0.0000002,0.0000001
32301,0.0001114,0.0000002,0.0000001
32302,0.0001114,0.0000002,0.0000001
32303,0.0001113,0.0000002,0.0000001
32304,0.0001113,0.0000002,0.0000001
32305,0.0001113,0.0000002,0.0000001
32306,0.0001113,0.0000002,0.0000001
32307,0.0001113,0.0000002,0.0000001
32308,0.0001113,0.0000002,0.0000001
32309,0.0001112,0.0000002,0.0000001
32310,0.0001112,0.0000002,0.0000001
32311,0.0001112,0.0000002,0.0000001
32312,0.0001112,0.0000002,0.0000001
32313,0.0001112,0.0000002,0.0000001
32314,0.0001111,0.0000002,0.0000001
32315,0.0001111,0.0000002,0.0000001
32316,0.0001111,0.0000002,0.0000001
32317,0.0001111,0.0000002,0.0000001
32318,0.0001111,0.0000002,0.0000001
32319,0.0001111,0.0000002,0.0000001
32320,0.0001110,0.0000002,0.0000001
32321,0.0001110,0.0000002,0.0000001
32322,0.0001110,0.0000002,0.0000001
32323,0.0001110,0.0000002,0.0000001
32324,0.0001110,0.0000002,0.0000001
32325,0.0001109,0.0000002,0.0000001
32326,0.0001109,0.0000002,0.0000001
32327,0.0001109,0.0000002,0.0000001
32328,0.0001109,0.0000002,0.0000001
32329,0.0001109,0.0000002,0.0000001
32330,0.0001109,0.0000002,0.0000001
32331,0.0001108,0.0000002,0.0000001
32332,0.0001108,0.0000002,0.0000001
32333,0.0001108,0.0000002,0.0000001
32334,0.0001108,0.0000002,0.0000001
32335,0.0001108,0.0000002,0.0000001
32336,0.0001107,0.0000002,0.0000001
32337,0.0001107,0.0000002,0.0000001
32338,0.0001107,0.0000002,0.0000001
32339,0.0001107,0.0000002,0.0000001
32340,0.0001107,0.0000002,0.0000001
32341,0.0001107,0.0000002,0.0000001
32342,0.0001106,0.0000002,0.0000001
32343,0.0001106,0.0000002,0.0000001
32344,0.0001106,0.0000002,0.0000001
32345,0.0001106,0.0000002,0.0000001
32346,0.0001106,0.0000002,0.0000001
32347,0.0001105,0.0000002,0.0000001
32348,0.0001105,0.0000002,0.0000001
32349,0.0001105,0.0000002,0.0000001
32350,0.0001105,0.0000002,0.0000001
32351,0.0001105,0.0000002,0.0000001
32352,0.0001105,0.0000002,0.0000001
32353,0.0001104,0.0000002,0.0000001
32354,0.0001104,0.0000002,0.0000001
32355,0.0001104,0.0000002,0.0000001
32356,0.0001104,0.0000002,0.0000001
32357,0.0001104,0.0000002,0.0000001
32358,0.0001103,0.0000002,0.0000001
32359,0.0001103,0.0000002,0.0000001
32360,0.0001103,0.0000002,0.0000001
32361,0.0001103,0.0000002,0.0000001
32362,0.0001103,0.0000002,0.0000001
32363,0.0001103,0.0000002,0.0000001
32364,0.0001102,0.0000002,0.0000001
32365,0.0001102,0.0000002,0.0000001
32366,0.0001102,0.0000002,0.0000001
32367,0.0001102,0.0000002,0.0000001
32368,0.0001102,0.0000002,0.0000001
32369,0.0001101,0.0000002,0.0000001
32370,0.0001101,0.0000002,0.0000001
32371,0.0001101,0.0000002,0.0000001
32372,0.0001101,0.0000002,0.0000001
32373,0.0001101,0.0000002,0.0000001
32374,0.0001101,0.0000002,0.0000001
32375,0.0001100,0.0000002,0.0000001
32376,0.0001100,0.0000002,0.0000001
32377,0.0001100,0.0000002,0.0000001
32378,0.0001100,0.0000002,0.0000001
32379,0.0001100,0.0000002,0.0000001
32380,0.0001099,0.0000002,0.0000001
32381,0.0001099,0.0000002,0.0000001
32382,0.0001099,0.0000002,0.0000001
32383,0.0001099,0.0000002,0.0000001
32384,0.0001099,0.0000002,0.0000001
32385,0.0001099,0.0000002,0.0000001
32386,0.0001098,0.0000002,0.0000001
32387,0.0001098,0.0000002,0.0000001
32388,0.0001098,0.0000002,0.0000001
32389,0.0001098,0.0000002,0.0000001
32390,0.0001098,0.0000002,0.0000001
32391,0.0001097,0.0000002,0.0000001
32392,0.0001097,0.0000002,0.0000001
32393,0.0001097,0.0000002,0.0000001
32394,0.0001097,0.0000002,0.0000001
32395,0.0001097,0.0000002,0.0000001
32396,0.0001097,0.0000002,0.0000001
32397,0.0001096,0.0000002,0.0000001
32398,0.0001096,0.0000002,0.0000001
32399,0.0001096,0.0000002,0.0000001
32400,0.0001096,0.0000002,0.0000001
32401,0.0001096,0.0000002,0.0000001
32402,0.0001095,0.0000002,0.0000001
32403,0.0001095,0.0000002,0.0000001
32404,0.0001095,0.0000002,0.0000001
32405,0.0001095,0.0000002,0.0000001
32406,0.0001095,0.0000002,0.0000001
32407,0.0001095,0.0000002,0.0000001
32408,0.0001094,0.0000002,0.0000001
32409,0.0001094,0.0000002,0.0000001
32410,0.0001094,0.0000002,0.0000001
32411,0.0001094,0.0000002,0.0000001
32412,0.0001094,0.0000002,0.0000001
32413,0.0001093,0.0000002,0.0000001
32414,0.0001093,0.0000002,0.0000001
32415,0.0001093,0.0000002,0.0000001
32416,0.0001093,0.0000002,0.0000001
32417,0.0001093,0.0000002,0.0000001
32418,0.0001093,0.0000002,0.0000001
32419,0.0001092,0.0000002,0.0000001
32420,0.0001092,0.0000002,0.0000001
32421,0.0001092,0.0000002,0.0000001
32422,0.0001092,0.0000002,0.0000001
32423,0.0001092,0.0000002,0.0000001
32424,0.0001092,0.0000002,0.0000001
32425,0.0001091,0.0000002,0.0000001
32426,0.0001091,0.0000002,0.0000001
32427,0.0001091,0.0000002,0.0000001
32428,0.0001091,0.0000002,0.0000001
32429,0.0001091,0.0000002,0.0000001
32430,0.0001090,0.0000002,0.0000001
32431,0.0001090,0.0000002,0.0000001
32432,0.0001090,0.0000002,0.0000001
32433,0.0001090,0.0000002,0.0000001
32434,0.0001090,0.0000002,0.0000001
32435,0.0001090,0.0000002,0.0000001
32436,0.0001089,0.0000002,0.0000001
32437,0.0001089,0.0000002,0.0000001
32438,0.0001089,0.0000002,0.0000001
32439,0.0001089,0.0000002,0.0000001
32440,0.0001089,0.0000002,0.0000001
32441,0.0001088,0.0000002,0.0000001
32442,0.0001088,0.0000002,0.0000001
32443,0.0001088,0.0000002,0.0000001
32444,0.0001088,0.0000002,0.0000001
32445,0.0001088,0.0000002,0.0000001
32446,0.0001088,0.0000002,0.0000001
32447,0.0001087,0.0000002,0.0000001
32448,0.0001087,0.0000002,0.0000001
32449,0.0001087,0.0000002,0.0000001
32450,0.0001087,0.0000002,0.0000001
32451,0.0001087,0.0000002,0.0000001
32452,0.0001086,0.0000002,0.0000001
32453,0.0001086,0.0000002,0.0000001
32454,0.0001086,0.0000002,0.0000001
32455,0.0001086,0.0000002,0.0000001
32456,0.0001086,0.0000002,0.0000001
32457,0.0001086,0.0000002,0.0000001
32458,0.0001085,0.0000002,0.0000001
32459,0.0001085,0.0000002,0.0000001
32460,0.0001085,0.0000002,0.0000001
32461,0.0001085,0.0000002,0.0000001
32462,0.0001085,0.0000002,0.0000001
32463,0.0001085,0.0000002,0.0000001
32464,0.0001084,0.0000002,0.0000001
32465,0.0001084,0.0000002,0.0000001
32466,0.0001084,0.0000002,0.0000001
32467,0.0001084,0.0000002,0.0000001
32468,0.0001084,0.0000002,0.0000001
32469,0.0001083,0.0000002,0.0000001
32470,0.0001083,0.0000002,0.0000001
32471,0.0001083,0.0000002,0.0000001
32472,0.0001083,0.0000002,0.0000001
32473,0.0001083,0.0000002,0.0000001
32474,0.0001083,0.0000002,0.0000001
32475,0.0001082,0.0000002,0.0000001
32476,0.0001082,0.0000002,0.0000001
32477,0.0001082,0.0000002,0.0000001
32478,0.0001082,0.0000002,0.0000001
32479,0.0001082,0.0000002,0.0000001
32480,0.0001081,0.0000002,0.0000001
32481,0.0001081,0.0000002,0.0000001
32482,0.0001081,0.0000002,0.0000001
32483,0.0001081,0.0000002,0.0000001
32484,0.0001081,0.0000002,0.0000001
32485,0.0001081,0.0000002,0.0000001
32486,0.0001080,0.0000002,0.0000001
32487,0.0001080,0.0000002,0.0000001
32488,0.0001080,0.0000002,0.0000001
32489,0.0001080,0.0000002,0.0000001
32490,0.0001080,0.0000002,0.0000001
32491,0.0001080,0.0000002,0.0000001
32492,0.0001079,0.0000002,0.0000001
32493,0.0001079,0.0000002,0.0000001
32494,0.0001079,0.0000002,0.0000001
32495,0.0001079,0.0000002,0.0000001
32496,0.0001079,0.0000002,0.0000001
32497,0.0001078,0.0000002,0.0000001
32498,0.0001078,0.0000002,0.0000001
32499,0.0001078,0.0000002,0.0000001
32500,0.0001078,0.0000002,0.0000001
32501,0.0001078,0.0000002,0.0000001
32502,0.0001078,0.0000002,0.0000001
32503,0.0001077,0.0000002,0.0000001
32504,0.0001077,0.0000002,0.0000001
32505,0.0001077,0.0000002,0.0000001
32506,0.0001077,0.0000002,0.0000001
32507,0.0001077,0.0000002,0.0000001
32508,0.0001077,0.0000002,0.0000001
32509,0.0001076,0.0000002,0.0000001
32510,0.0001076,0.0000002,0.0000001
32511,0.0001076,0.0000002,0.0000001
32512,0.0001076,0.0000002,0.0000001
32513,0.0001076,0.0000002,0.0000001
32514,0.0001075,0.0000002,0.0000001
32515,0.0001075,0.0000002,0.0000001
32516,0.0001075,0.0000002,0.0000001
32517,0.0001075,0.0000002,0.0000001
32518,0.0001075,0.0000002,0.0000001
32519,0.0001075,0.0000002,0.0000001
32520,0.0001074,0.0000002,0.0000001
32521,0.0001074,0.0000002,0.0000001
32522,0.0001074,0.0000002,0.0000001
32523,0.0001074,0.0000002,0.0000001
32524,0.0001074,0.0000002,0.0000001
32525,0.0001074,0.0000002,0.0000001
32526,0.0001073,0.0000002,0.0000001
32527,0.0001073,0.0000002,0.0000001
32528,0.0001073,0.0000002,0.0000001
32529,0.0001073,0.0000002,0.0000001
32530,0.0001073,0.0000002,0.0000001
32531,0.0001072,0.0000002,0.0000001
32532,0.0001072,0.0000002,0.0000001
32533,0.0001072,0.0000002,0.0000001
32534,0.0001072,0.0000002,0.0000001
32535,0.0001072,0.0000002,0.0000001
32536,0.0001072,0.0000002,0.0000001
32537,0.0001071,0.0000002,0.0000001
32538,0.0001071,0.0000002,0.0000001
32539,0.0001071,0.0000002,0.0000001
32540,0.0001071,0.0000002,0.0000001
32541,0.0001071,0.0000002,0.0000001
32542,0.0001071,0.0000002,0.0000001
32543,0.0001070,0.0000002,0.0000001
32544,0.0001070,0.0000002,0.0000001
32545,0.0001070,0.0000002,0.0000001
32546,0.0001070,0.0000002,0.0000001
32547,0.0001070,0.0000002,0.0000001
32548,0.0001069,0.0000002,0.0000001
32549,0.0001069,0.0000002,0.0000001
32550,0.0001069,0.0000002,0.0000001
32551,0.0001069,0.0000002,0.0000001
32552,0.0001069,0.0000002,0.0000001
32553,0.0001069,0.0000002,0.0000001
32554,0.0001068,0.0000002,0.0000001
32555,0.0001068,0.0000002,0.0000001
32556,0.0001068,0.0000002,0.0000001
32557,0.0001068,0.0000002,0.0000001
32558,0.0001068,0.0000002,0.0000001
32559,0.0001068,0.0000002,0.0000001
32560,0.0001067,0.0000002,0.0000001
32561,0.0001067,0.0000002,0.0000001
32562,0.0001067,0.0000002,0.0000001
32563,0.0001067,0.0000002,0.0000001
32564,0.0001067,0.0000002,0.0000001
32565,0.0001066,0.0000002,0.0000001
32566,0.0001066,0.0000002,0.0000001
32567,0.0001066,0.0000002,0.0000001
32568,0.0001066,0.0000002,0.0000001
32569,0.0001066,0.0000002,0.0000001
32570,0.0001066,0.0000002,0.0000001
32571,0.0001065,0.0000002,0.0000001
32572,0.0001065,0.0000002,0.0000001
32573,0.0001065,0.0000002,0.0000001
32574,0.0001065,0.0000002,0.0000001
32575,0.0001065,0.0000002,0.0000001
32576,0.0001065,0.0000002,0.0000001
32577,0.0001064,0.0000002,0.0000001
32578,0.0001064,0.0000002,0.0000001
32579,0.0001064,0.0000002,0.0000001
32580,0.0001064,0.0000002,0.0000001
32581,0.0001064,0.0000002,0.0000001
32582,0.0001063,0.0000002,0.0000001
32583,0.0001063,0.0000002,0.0000001
32584,0.0001063,0.0000002,0.0000001
32585,0.0001063,0.0000002,0.0000001
32586,0.0001063,0.0000002,0.0000001
32587,0.0001063,0.0000002,0.0000001
32588,0.0001062,0.0000002,0.0000001
32589,0.0001062,0.0000002,0.0000001
32590,0.0001062,0.0000002,0.0000001
32591,0.0001062,0.0000002,0.0000001
32592,0.0001062,0.0000002,0.0000001
32593,0.0001062,0.0000002,0.0000001
32594,0.0001061,0.0000002,0.0000001
32595,0.0001061,0.0000002,0.0000001
32596,0.0001061,0.0000002,0.0000001
32597,0.0001061,0.0000002,0.0000001
32598,0.0001061,0.0000002,0.0000001
32599,0.0001061,0.0000002,0.0000001
32600,0.0001060,0.0000002,0.0000001
32601,0.0001060,0.0000002,0.0000001
32602,0.0001060,0.0000002,0.0000001
32603,0.0001060,0.0000002,0.0000001
32604,0.0001060,0.0000002,0.0000001
32605,0.0001059,0.0000002,0.0000001
32606,0.0001059,0.0000002,0.0000001
32607,0.0001059,0.0000002,0.0000001
32608,0.0001059,0.0000002,0.0000001
32609,0.0001059,0.0000002,0.0000001
32610,0.0001059,0.0000002,0.0000001
32611,0.0001058,0.0000002,0.0000001
32612,0.0001058,0.0000002,0.0000001
32613,0.0001058,0.0000002,0.0000001
32614,0.0001058,0.0000002,0.0000001
32615,0.0001058,0.0000002,0.0000001
32616,0.0001058,0.0000002,0.0000001
32617,0.0001057,0.0000002,0.0000001
32618,0.0001057,0.0000002,0.0000001
32619,0.0001057,0.0000002,0.0000001
32620,0.0001057,0.0000002,0.0000001
32621,0.0001057,0.0000002,0.0000001
32622,0.0001057,0.0000002,0.0000001
32623,0.0001056,0.0000002,0.0000001
32624,0.0001056,0.0000002,0.0000001
32625,0.0001056,0.0000002,0.0000001
32626,0.0001056,0.0000002,0.0000001
32627,0.0001056,0.0000002,0.0000001
32628,0.0001055,0.0000002,0.0000001
32629,0.0001055,0.0000002,0.0000001
32630,0.0001055,0.0000002,0.0000001
32631,0.0001055,0.0000002,0.0000001
32632,0.0001055,0.0000002,0.0000001
32633,0.0001055,0.0000002,0.0000001
32634,0.0001054,0.0000002,0.0000001
32635,0.0001054,0.0000002,0.0000001
32636,0.0001054,0.0000002,0.0000001
32637,0.0001054,0.0000002,0.0000001
32638,0.0001054,0.0000002,0.0000001
32639,0.0001054,0.0000002,0.0000001
32640,0.0001053,0.0000002,0.0000001
32641,0.0001053,0.0000002,0.0000001
32642,0.0001053,0.0000002,0.0000001
32643,0.0001053,0.0000002,0.0000001
32644,0.0001053,0.0000002,0.0000001
32645,0.0001053,0.0000002,0.0000001
32646,0.0001052,0.0000002,0.0000001
32647,0.0001052,0.0000002,0.0000001
32648,0.0001052,0.0000002,0.0000001
32649,0.0001052,0.0000002,0.0000001
32650,0.0001052,0.0000002,0.0000001
32651,0.0001051,0.0000002,0.0000001
32652,0.0001051,0.0000002,0.0000001
32653,0.0001051,0.0000002,0.0000001
32654,0.0001051,0.0000002,0.0000001
32655,0.0001051,0.0000002,0.0000001
32656,0.0001051,0.0000002,0.0000001
32657,0.0001050,0.0000002,0.0000001
32658,0.0001050,0.0000002,0.0000001
32659,0.0001050,0.0000002,0.0000001
32660,0.0001050,0.0000002,0.0000001
32661,0.0001050,0.0000002,0.0000001
32662,0.0001050,0.0000002,0.0000001
32663,0.0001049,0.0000002,0.0000001
32664,0.0001049,0.0000002,0.0000001
32665,0.0001049,0.0000002,0.0000001
32666,0.0001049,0.0000002,0.0000001
32667,0.0001049,0.0000002,0.0000001
32668,0.0001049,0.0000002,0.0000001
32669,0.0001048,0.0000002,0.0000001
32670,0.0001048,0.0000002,0.0000001
32671,0.0001048,0.0000002,0.0000001
32672,0.0001048,0.0000002,0.0000001
32673,0.0001048,0.0000002,0.0000001
32674,0.0001048,0.0000002,0.0000001
32675,0.0001047,0.0000002,0.0000001
32676,0.0001047,0.0000002,0.0000001
32677,0.0001047,0.0000002,0.0000001
32678,0.0001047,0.0000002,0.0000001
32679,0.0001047,0.0000002,0.0000001
32680,0.0001046,0.0000002,0.0000001
32681,0.0001046,0.0000002,0.0000001
32682,0.0001046,0.0000002,0.0000001
32683,0.0001046,0.0000002,0.0000001
32684,0.0001046,0.0000002,0.0000001
32685,0.0001046,0.0000002,0.0000001
32686,0.0001045,0.0000002,0.0000001
32687,0.0001045,0.0000002,0.0000001
32688,0.0001045,0.0000002,0.0000001
32689,0.0001045,0.0000002,0.0000001
32690,0.0001045,0.0000002,0.0000001
32691,0.0001045,0.0000002,0.0000001
32692,0.0001044,0.0000002,0.0000001
32693,0.0001044,0.0000002,0.0000001
32694,0.0001044,0.0000002,0.0000001
32695,0.0001044,0.0000002,0.0000001
32696,0.0001044,0.0000002,0.0000001
32697,0.0001044,0.0000002,0.0000001
32698,0.0001043,0.0000002,0.0000001
32699,0.0001043,0.0000002,0.0000001
32700,0.0001043,0.0000002,0.0000001
32701,0.0001043,0.0000002,0.0000001
32702,0.0001043,0.0000002,0.0000001
32703,0.0001043,0.0000002,0.0000001
32704,0.0001042,0.0000002,0.0000001
32705,0.0001042,0.0000002,0.0000001
32706,0.0001042,0.0000002,0.0000001
32707,0.0001042,0.0000002,0.0000001
32708,0.0001042,0.0000002,0.0000001
32709,0.0001042,0.0000002,0.0000001
32710,0.0001041,0.0000002,0.0000001
32711,0.0001041,0.0000002,0.0000001
32712,0.0001041,0.0000002,0.0000001
32713,0.0001041,0.0000002,0.0000001
32714,0.0001041,0.0000002,0.0000001
32715,0.0001040,0.0000002,0.0000001
32716,0.0001040,0.0000002,0.0000001
32717,0.0001040,0.0000002,0.0000001
32718,0.0001040,0.0000002,0.0000001
32719,0.0001040,0.0000002,0.0000001
32720,0.0001040,0.0000002,0.0000001
32721,0.0001039,0.0000002,0.0000001
32722,0.0001039,0.0000002,0.0000001
32723,0.0001039,0.0000002,0.0000001
32724,0.0001039,0.0000002,0.0000001
32725,0.0001039,0.0000002,0.0000001
32726,0.0001039,0.0000002,0.0000001
32727,0.0001038,0.0000002,0.0000001
32728,0.0001038,0.0000002,0.0000001
32729,0.0001038,0.0000002,0.0000001
32730,0.0001038,0.0000002,0.0000001
32731,0.0001038,0.0000002,0.0000001
32732,0.0001038,0.0000002,0.0000001
32733,0.0001037,0.0000002,0.0000001
32734,0.0001037,0.0000002,0.0000001
32735,0.0001037,0.0000002,0.0000001
32736,0.0001037,0.0000002,0.0000001
32737,0.0001037,0.0000002,0.0000001
32738,0.0001037,0.0000002,0.0000001
32739,0.0001036,0.0000002,0.0000001
32740,0.0001036,0.0000002,0.0000001
32741,0.0001036,0.0000002,0.0000001
32742,0.0001036,0.0000002,0.0000001
32743,0.0001036,0.0000002,0.0000001
32744,0.0001036,0.0000002,0.0000001
32745,0.0001035,0.0000002,0.0000001
32746,0.0001035,0.0000002,0.0000001
32747,0.0001035,0.0000002,0.0000001
32748,0.0001035,0.0000002,0.0000001
32749,0.0001035,0.0000002,0.0000001
32750,0.0001035,0.0000002,0.0000001
32751,0.0001034,0.0000002,0.0000001
32752,0.0001034,0.0000002,0.0000001
32753,0.0001034,0.0000002,0.0000001
32754,0.0001034,0.0000002,0.0000001
32755,0.0001034,0.0000002,0.0000001
32756,0.0001034,0.0000002,0.0000001
32757,0.0001033,0.0000002,0.0000001
32758,0.0001033,0.0000002,0.0000001
32759,0.0001033,0.0000002,0.0000001
32760,0.0001033,0.0000002,0.0000001
32761,0.0001033,0.0000002,0.0000001
32762,0.0001032,0.0000002,0.0000001
32763,0.0001032,0.0000002,0.0000001
32764,0.0001032,0.0000002,0.0000001
32765,0.0001032,0.0000002,0.0000001
32766,0.0001032,0.0000002,0.0000001
32767,0.0001032,0.0000002,0.0000001
32768,0.0001031,0.0000002,0.0000001
32769,0.0001031,0.0000002,0.0000001
32770,0.0001031,0.0000002,0.0000001
32771,0.0001031,0.0000002,0.0000001
32772,0.0001031,0.0000002,0.0000001
32773,0.0001031,0.0000002,0.0000001
32774,0.0001030,0.0000002,0.0000001
32775,0.0001030,0.0000002,0.0000001
32776,0.0001030,0.0000002,0.0000001
32777,0.0001030,0.0000002,0.0000001
32778,0.0001030,0.0000002,0.0000001
32779,0.0001030,0.0000002,0.0000001
32780,0.0001029,0.0000002,0.0000001
32781,0.0001029,0.0000002,0.0000001
32782,0.0001029,0.0000002,0.0000001
32783,0.0001029,0.0000002,0.0000001
32784,0.0001029,0.0000002,0.0000001
32785,0.0001029,0.0000002,0.0000001
32786,0.0001028,0.0000002,0.0000001
32787,0.0001028,0.0000002,0.0000001
32788,0.0001028,0.0000002,0.0000001
32789,0.0001028,0.0000002,0.0000001
32790,0.0001028,0.0000002,0.0000001
32791,0.0001028,0.0000002,0.0000001
32792,0.0001027,0.0000002,0.0000001
32793,0.0001027,0.0000002,0.0000001
32794,0.0001027,0.0000002,0.0000001
32795,0.0001027,0.0000002,0.0000001
32796,0.0001027,0.0000002,0.0000001
32797,0.0001027,0.0000002,0.0000001
32798,0.0001026,0.0000002,0.0000001
32799,0.0001026,0.0000002,0.0000001
32800,0.0001026,0.0000002,0.0000001
32801,0.0001026,0.0000002,0.0000001
32802,0.0001026,0.0000002,0.0000001
32803,0.0001026,0.0000002,0.0000001
32804,0.0001025,0.0000002,0.0000001
32805,0.0001025,0.0000002,0.0000001
32806,0.0001025,0.0000002,0.0000001
32807,0.0001025,0.0000002,0.0000001
32808,0.0001025,0.0000002,0.0000001
32809,0.0001025,0.0000002,0.0000001
32810,0.0001024,0.0000002,0.0000001
32811,0.0001024,0.0000002,0.0000001
32812,0.0001024,0.0000002,0.0000001
32813,0.0001024,0.0000002,0.0000001
32814,0.0001024,0.0000002,0.0000001
32815,0.0001024,0.0000002,0.0000001
32816,0.0001023,0.0000002,0.0000001
32817,0.0001023,0.0000002,0.0000001
32818,0.0001023,0.0000002,0.0000001
32819,0.0001023,0.0000002,0.0000001
32820,0.0001023,0.0000002,0.0000001
32821,0.0001023,0.0000002,0.0000001
32822,0.0001022,0.0000002,0.0000001
32823,0.0001022,0.0000002,0.0000001
32824,0.0001022,0.0000002,0.0000001
32825,0.0001022,0.0000002,0.0000001
32826,0.0001022,0.0000002,0.0000001
32827,0.0001022,0.0000002,0.0000001
32828,0.0001021,0.0000002,0.0000001
32829,0.0001021,0.0000002,0.0000001
32830,0.0001021,0.0000002,0.0000001
32831,0.0001021,0.0000002,0.0000001
32832,0.0001021,0.0000002,0.0000001
32833,0.0001021,0.0000002,0.0000001
32834,0.0001020,0.0000002,0.0000001
32835,0.0001020,0.0000002,0.0000001
32836,0.0001020,0.0000002,0.0000001
32837,0.0001020,0.0000002,0.0000001
32838,0.0001020,0.0000002,0.0000001
32839,0.0001020,0.0000002,0.0000001
32840,0.0001019,0.0000002,0.0000001
32841,0.0001019,0.0000002,0.0000001
32842,0.0001019,0.0000002,0.0000001
32843,0.0001019,0.0000002,0.0000001
32844,0.0001019,0.0000002,0.0000001
32845,0.0001019,0.0000002,0.0000001
32846,0.0001018,0.0000002,0.0000001
32847,0.0001018,0.0000002,0.0000001
32848,0.0001018,0.0000002,0.0000001
32849,0.0001018,0.0000002,0.0000001
32850,0.0001018,0.0000002,0.0000001
32851,0.0001018,0.0000002,0.0000001
32852,0.0001017,0.0000002,0.0000001
32853,0.0001017,0.0000002,0.0000001
32854,0.0001017,0.0000002,0.0000001
32855,0.0001017,0.0000002,0.0000001
32856,0.0001017,0.0000002,0.0000001
32857,0.0001017,0.0000002,0.0000001
32858,0.0001016,0.0000002,0.0000001
32859,0.0001016,0.0000002,0.0000001
32860,0.0001016,0.0000002,0.0000001
32861,0.0001016,0.0000002,0.0000001
32862,0.0001016,0.0000002,0.0000001
32863,0.0001016,0.0000002,0.0000001
32864,0.0001015,0.0000002,0.0000001
32865,0.0001015,0.0000002,0.0000001
32866,0.0001015,0.0000002,0.0000001
32867,0.0001015,0.0000002,0.0000001
32868,0.0001015,0.0000002,0.0000001
32869,0.0001015,0.0000002,0.0000001
32870,0.0001014,0.0000002,0.0000001
32871,0.0001014,0.0000002,0.0000001
32872,0.0001014,0.0000002,0.0000001
32873,0.0001014,0.0000002,0.0000001
32874,0.0001014,0.0000002,0.0000001
32875,0.0001014,0.0000002,0.0000001
32876,0.0001013,0.0000002,0.0000001
32877,0.0001013,0.0000002,0.0000001
32878,0.0001013,0.0000002,0.0000001
32879,0.0001013,0.0000002,0.0000001
32880,0.0001013,0.0000002,0.0000001
32881,0.0001013,0.0000002,0.0000001
32882,0.0001012,0.0000002,0.0000001
32883,0.0001012,0.0000002,0.0000001
32884,0.0001012,0.0000002,0.0000001
32885,0.0001012,0.0000002,0.0000001
32886,0.0001012,0.0000002,0.0000001
32887,0.0001012,0.0000002,0.0000001
32888,0.0001011,0.0000002,0.0000001
32889,0.0001011,0.0000002,0.0000001
32890,0.0001011,0.0000002,0.0000001
32891,0.0001011,0.0000002,0.0000001
32892,0.0001011,0.0000002,0.0000001
32893,0.0001011,0.0000002,0.0000001
32894,0.0001010,0.0000002,0.0000001
32895,0.0001010,0.0000002,0.0000001
32896,0.0001010,0.0000002,0.0000001
32897,0.0001010,0.0000002,0.0000001
32898,0.0001010,0.0000002,0.0000001
32899,0.0001010,0.0000002,0.0000001
32900,0.0001009,0.0000002,0.0000001
32901,0.0001009,0.0000002,0.0000001
32902,0.0001009,0.0000002,0.0000001
32903,0.0001009,0.0000002,0.0000001
32904,0.0001009,0.0000002,0.0000001
32905,0.0001009,0.0000002,0.0000001
32906,0.0001008,0.0000002,0.0000001
32907,0.0001008,0.0000002,0.0000001
32908,0.0001008,0.0000002,0.0000001
32909,0.0001008,0.0000002,0.0000001
32910,0.0001008,0.0000002,0.0000001
32911,0.0001008,0.0000002,0.0000001
32912,0.0001007,0.0000002,0.0000001
32913,0.0001007,0.0000002,0.0000001
32914,0.0001007,0.0000002,0.0000001
32915,0.0001007,0.0000002,0.0000001
32916,0.0001007,0.0000002,0.0000001
32917,0.0001007,0.0000002,0.0000001
32918,0.0001006,0.0000002,0.0000001
32919,0.0001006,0.0000002,0.0000001
32920,0.0001006,0.0000002,0.0000001
32921,0.0001006,0.0000002,0.0000001
32922,0.0001006,0.0000002,0.0000001
32923,0.0001006,0.0000002,0.0000001
32924,0.0001005,0.0000002,0.0000001
32925,0.0001005,0.0000002,0.0000001
32926,0.0001005,0.0000002,0.0000001
32927,0.0001005,0.0000002,0.0000001
32928,0.0001005,0.0000002,0.0000001
32929,0.0001005,0.0000002,0.0000001
32930,0.0001004,0.0000002,0.0000001
32931,0.0001004,0.0000002,0.0000001
32932,0.0001004,0.0000002,0.0000001
32933,0.0001004,0.0000002,0.0000001
32934,0.0001004,0.0000002,0.0000001
32935,0.0001004,0.0000002,0.0000001
32936,0.0001003,0.0000002,0.0000001
32937,0.0001003,0.0000002,0.0000001
32938,0.0001003,0.0000002,0.0000001
32939,0.0001003,0.0000002,0.0000001
32940,0.0001003,0.0000002,0.0000001
32941,0.0001003,0.0000002,0.0000001
32942,0.0001002,0.0000002,0.0000001
32943,0.0001002,0.0000002,0.0000001
32944,0.0001002,0.0000002,0.0000001
32945,0.0001002,0.0000002,0.0000001
32946,0.0001002,0.0000002,0.0000001
32947,0.0001002,0.0000002,0.0000001
32948,0.0001001,0.0000002,0.0000001
32949,0.0001001,0.0000002,0.0000001
32950,0.0001001,0.0000002,0.0000001
32951,0.0001001,0.0000002,0.0000001
32952,0.0001001,0.0000002,0.0000001
32953,0.0001001,0.0000002,0.0000001
32954,0.0001000,0.0000002,0.0000001
32955,0.0001000,0.0000002,0.0000001
32956,0.0001000,0.0000002,0.0000001
32957,0.0001000,0.0000002,0.0000001
32958,0.0001000,0.0000002,0.0000001
32959,0.0001000,0.0000002,0.0000001
32960,0.0000999,0.0000002,0.0000001
32961,0.0000999,0.0000002,0.0000001
32962,0.0000999,0.0000002,0.0000001
32963,0.0000999,0.0000002,0.0000001
32964,0.0000999,0.0000002,0.0000001
32965,0.0000999,0.0000002,0.0000001
32966,0.0000998,0.0000002,0.0000001
32967,0.0000998,0.0000002,0.0000001
32968,0.0000998,0.0000002,0.0000001
32969,0.0000998,0.0000002,0.0000001
32970,0.0000998,0.0000002,0.0000001
32971,0.0000998,0.0000002,0.0000001
32972,0.0000997,0.0000002,0.0000001
32973,0.0000997,0.0000002,0.0000001
32974,0.0000997,0.0000002,0.0000001
32975,0.0000997,0.0000002,0.0000001
32976,0.0000997,0.0000002,0.0000001
32977,0.0000997,0.0000002,0.0000001
32978,0.0000997,0.0000002,0.0000001
32979,0.0000996,0.0000002,0.0000001
32980,0.0000996,0.0000002,0.0000001
32981,0.0000996,0.0000002,0.0000001
32982,0.0000996,0.0000002,0.0000001
32983,0.0000996,0.0000002,0.0000001
32984,0.0000996,0.0000002,0.0000001
32985,0.0000995,0.0000002,0.0000001
32986,0.0000995,0.0000002,0.0000001
32987,0.0000995,0.0000002,0.0000001
32988,0.0000995,0.0000002,0.0000001
32989,0.0000995,0.0000002,0.0000001
32990,0.0000995,0.0000002,0.0000001
32991,0.0000994,0.0000002,0.0000001
32992,0.0000994,0.0000002,0.0000001
32993,0.0000994,0.0000002,0.0000001
32994,0.0000994,0.0000002,0.0000001
32995,0.0000994,0.0000002,0.0000001
32996,0.0000994,0.0000002,0.0000001
32997,0.0000993,0.0000002,0.0000001
32998,0.0000993,0.0000002,0.0000001
32999,0.0000993,0.0000002,0.0000001
33000,0.0000993,0.0000002,0.0000001
33001,0.0000993,0.0000002,0.0000001
33002,0.0000993,0.0000002,0.0000001
33003,0.0000992,0.0000002,0.0000001
33004,0.0000992,0.0000002,0.0000001
33005,0.0000992,0.0000002,0.0000001
33006,0.0000992,0.0000002,0.0000001
33007,0.0000992,0.0000002,0.0000001
33008,0.0000992,0.0000002,0.0000001
33009,0.0000991,0.0000002,0.0000001
33010,0.0000991,0.0000002,0.0000001
33011,0.0000991,0.0000002,0.0000001
33012,0.0000991,0.0000002,0.0000001
33013,0.0000991,0.0000002,0.0000001
33014,0.0000991,0.0000002,0.0000001
33015,0.0000990,0.0000002,0.0000001
33016,0.0000990,0.0000002,0.0000001
33017,0.0000990,0.0000002,0.0000001
33018,0.0000990,0.0000002,0.0000001
33019,0.0000990,0.0000002,0.0000001
33020,0.0000990,0.0000002,0.0000001
33021,0.0000990,0.0000002,0.0000001
33022,0.0000989,0.0000002,0.0000001
33023,0.0000989,0.0000002,0.0000001
33024,0.0000989,0.0000002,0.0000001
33025,0.0000989,0.0000002,0.0000001
33026,0.0000989,0.0000002,0.0000001
33027,0.0000989,0.0000002,0.0000001
33028,0.0000988,0.0000002,0.0000001
33029,0.0000988,0.0000002,0.0000001
33030,0.0000988,0.0000002,0.0000001
33031,0.0000988,0.0000002,0.0000001
33032,0.0000988,0.0000002,0.0000001
33033,0.0000988,0.0000002,0.0000001
33034,0.0000987,0.0000002,0.0000001
33035,0.0000987,0.0000002,0.0000001
33036,0.0000987,0.0000002,0.0000001
33037,0.0000987,0.0000002,0.0000001
33038,0.0000987,0.0000002,0.0000001
33039,0.0000987,0.0000002,0.0000001
33040,0.0000986,0.0000002,0.0000001
33041,0.0000986,0.0000002,0.0000001
33042,0.0000986,0.0000002,0.0000001
33043,0.0000986,0.0000002,0.0000001
33044,0.0000986,0.0000002,0.0000001
33045,0.0000986,0.0000002,0.0000001
33046,0.0000985,0.0000002,0.0000001
33047,0.0000985,0.0000002,0.0000001
33048,0.0000985,0.0000002,0.0000001
33049,0.0000985,0.0000002,0.0000001
33050,0.0000985,0.0000002,0.0000001
33051,0.0000985,0.0000002,0.0000001
33052,0.0000984,0.0000002,0.0000001
33053,0.0000984,0.0000002,0.0000001
33054,0.0000984,0.0000002,0.0000001
33055,0.0000984,0.0000002,0.0000001
33056,0.0000984,0.0000002,0.0000001
33057,0.0000984,0.0000002,0.0000001
33058,0.0000984,0.0000002,0.0000001
33059,0.0000983,0.0000002,0.0000001
33060,0.0000983,0.0000002,0.0000001
33061,0.0000983,0.0000002,0.0000001
33062,0.0000983,0.0000002,0.0000001
33063,0.0000983,0.0000002,0.0000001
33064,0.0000983,0.0000002,0.0000001
33065,0.0000982,0.0000002,0.0000001
33066,0.0000982,0.0000002,0.0000001
33067,0.0000982,0.0000002,0.0000001
33068,0.0000982,0.0000002,0.0000001
33069,0.0000982,0.0000002,0.0000001
33070,0.0000982,0.0000002,0.0000001
33071,0.0000981,0.0000002,0.0000001
33072,0.0000981,0.0000002,0.0000001
33073,0.0000981,0.0000002,0.0000001
33074,0.0000981,0.0000002,0.0000001
33075,0.0000981,0.0000002,0.0000001
33076,0.0000981,0.0000002,0.0000001
33077,0.0000980,0.0000002,0.0000001
33078,0.0000980,0.0000002,0.0000001
33079,0.0000980,0.0000002,0.0000001
33080,0.0000980,0.0000002,0.0000001
33081,0.0000980,0.0000002,0.0000001
33082,0.0000980,0.0000002,0.0000001
33083,0.0000979,0.0000002,0.0000001
33084,0.0000979,0.0000002,0.0000001
33085,0.0000979,0.0000002,0.0000001
33086,0.0000979,0.0000002,0.0000001
33087,0.0000979,0.0000002,0.0000001
33088,0.0000979,0.0000002,0.0000001
33089,0.0000979,0.0000002,0.0000001
33090,0.0000978,0.0000002,0.0000001
33091,0.0000978,0.0000002,0.0000001
33092,0.0000978,0.0000002,0.0000001
33093,0.0000978,0.0000002,0.0000001
33094,0.0000978,0.0000002,0.0000001
33095,0.0000978,0.0000002,0.0000001
33096,0.0000977,0.0000002,0.0000001
33097,0.0000977,0.0000002,0.0000001
33098,0.0000977,0.0000002,0.0000001
33099,0.0000977,0.0000002,0.0000001
33100,0.0000977,0.0000002,0.0000001
33101,0.0000977,0.0000002,0.0000001
33102,0.0000976,0.0000002,0.0000001
33103,0.0000976,0.0000002,0.0000001
33104,0.0000976,0.0000002,0.0000001
33105,0.0000976,0.0000002,0.0000001
33106,0.0000976,0.0000002,0.0000001
33107,0.0000976,0.0000002,0.0000001
33108,0.0000975,0.0000002,0.0000001
33109,0.0000975,0.0000002,0.0000001
33110,0.0000975,0.0000002,0.0000001
33111,0.0000975,0.0000002,0.0000001
33112,0.0000975,0.0000002,0.0000001
33113,0.0000975,0.0000002,0.0000001
33114,0.0000975,0.0000002,0.0000001
33115,0.0000974,0.0000002,0.0000001
33116,0.0000974,0.0000002,0.0000001
33117,0.0000974,0.0000002,0.0000001
33118,0.0000974,0.0000002,0.0000001
33119,0.0000974,0.0000002,0.0000001
33120,0.0000974,0.0000002,0.0000001
33121,0.0000973,0.0000002,0.0000001
33122,0.0000973,0.0000002,0.0000001
33123,0.0000973,0.0000002,0.0000001
33124,0.0000973,0.0000002,0.0000001
33125,0.0000973,0.0000002,0.0000001
33126,0.0000973,0.0000002,0.0000001
33127,0.0000972,0.0000002,0.0000001
33128,0.0000972,0.0000002,0.0000001
33129,0.0000972,0.0000002,0.0000001
33130,0.0000972,0.0000002,0.0000001
33131,0.0000972,0.0000002,0.0000001
33132,0.0000972,0.0000002,0.0000001
33133,0.0000971,0.0000002,0.0000001
33134,0.0000971,0.0000002,0.0000001
33135,0.0000971,0.0000002,0.0000001
33136,0.0000971,0.0000002,0.0000001
33137,0.0000971,0.0000002,0.0000001
33138,0.0000971,0.0000002,0.0000001
33139,0.0000971,0.0000002,0.0000001
33140,0.0000970,0.0000002,0.0000001
33141,0.0000970,0.0000002,0.0000001
33142,0.0000970,0.0000002,0.0000001
33143,0.0000970,0.0000002,0.0000001
33144,0.0000970,0.0000002,0.0000001
33145,0.0000970,0.0000002,0.0000001
33146,0.0000969,0.0000002,0.0000001
33147,0.0000969,0.0000002,0.0000001
33148,0.0000969,0.0000002,0.0000001
33149,0.0000969,0.0000002,0.0000001
33150,0.0000969,0.0000002,0.0000001
33151,0.0000969,0.0000002,0.0000001
33152,0.0000968,0.0000002,0.0000001
33153,0.0000968,0.0000002,0.0000001
33154,0.0000968,0.0000002,0.0000001
33155,0.0000968,0.0000002,0.0000001
33156,0.0000968,0.0000002,0.0000001
33157,0.0000968,0.0000002,0.0000001
33158,0.0000968,0.0000002,0.0000001
33159,0.0000967,0.0000002,0.0000001
33160,0.0000967,0.0000002,0.0000001
33161,0.0000967,0.0000002,0.0000001
33162,0.0000967,0.0000002,0.0000001
33163,0.0000967,0.0000002,0.0000001
33164,0.0000967,0.0000002,0.0000001
33165,0.0000966,0.0000002,0.0000001
33166,0.0000966,0.0000002,0.0000001
33167,0.0000966,0.0000002,0.0000001
33168,0.0000966,0.0000002,0.0000001
33169,0.0000966,0.0000002,0.0000001
33170,0.0000966,0.0000002,0.0000001
33171,0.0000965,0.0000002,0.0000001
33172,0.0000965,0.0000002,0.0000001
33173,0.0000965,0.0000002,0.0000001
33174,0.0000965,0.0000002,0.0000001
33175,0.0000965,0.0000002,0.0000001
33176,0.0000965,0.0000002,0.0000001
33177,0.0000965,0.0000002,0.0000001
33178,0.0000964,0.0000002,0.0000001
33179,0.0000964,0.0000002,0.0000001
33180,0.0000964,0.0000002,0.0000001
33181,0.0000964,0.0000002,0.0000001
33182,0.0000964,0.0000002,0.0000001
33183,0.0000964,0.0000002,0.0000001
33184,0.0000963,0.0000002,0.0000001
33185,0.0000963,0.0000002,0.0000001
33186,0.0000963,0.0000002,0.0000001
33187,0.0000963,0.0000002,0.0000001
33188,0.0000963,0.0000002,0.0000001
33189,0.0000963,0.0000002,0.0000001
33190,0.0000962,0.0000002,0.0000001
33191,0.0000962,0.0000002,0.0000001
33192,0.0000962,0.0000002,0.0000001
33193,0.0000962,0.0000002,0.0000001
33194,0.0000962,0.0000002,0.0000001
33195,0.0000962,0.0000002,0.0000001
33196,0.0000962,0.0000002,0.0000001
33197,0.0000961,0.0000002,0.0000001
33198,0.0000961,0.0000002,0.0000001
33199,0.0000961,0.0000002,0.0000001
33200,0.0000961,0.0000002,0.0000001
33201,0.0000961,0.0000002,0.0000001
33202,0.0000961,0.0000002,0.0000001
33203,0.0000960,0.0000002,0.0000001
33204,0.0000960,0.0000002,0.0000001
33205,0.0000960,0.0000002,0.0000001
33206,0.0000960,0.0000002,0.0000001
33207,0.0000960,0.0000002,0.0000001
33208,0.0000960,0.0000002,0.0000001
33209,0.0000959,0.0000002,0.0000001
33210,0.0000959,0.0000002,0.0000001
33211,0.0000959,0.0000002,0.0000001
33212,0.0000959,0.0000002,0.0000001
33213,0.0000959,0.0000002,0.0000001
33214,0.0000959,0.0000002,0.0000001
33215,0.0000959,0.0000002,0.0000001
33216,0.0000958,0.0000002,0.0000001
33217,0.0000958,0.0000002,0.0000001
33218,0.0000958,0.0000002,0.0000001
33219,0.0000958,0.0000002,0.0000001
33220,0.0000958,0.0000002,0.0000001
33221,0.0000958,0.0000002,0.0000001
33222,0.0000957,0.0000002,0.0000001
33223,0.0000957,0.0000002,0.0000001
33224,0.0000957,0.0000002,0.0000001
33225,0.0000957,0.0000002,0.0000001
33226,0.0000957,0.0000002,0.0000001
33227,0.0000957,0.0000002,0.0000001
33228,0.0000956,0.0000002,0.0000001
33229,0.0000956,0.0000002,0.0000001
33230,0.0000956,0.0000002,0.0000001
33231,0.0000956,0.0000002,0.0000001
33232,0.0000956,0.0000002,0.0000001
33233,0.0000956,0.0000002,0.0000001
33234,0.0000956,0.0000002,0.0000001
33235,0.0000955,0.0000002,0.0000001
33236,0.0000955,0.0000002,0.0000001
33237,0.0000955,0.0000002,0.0000001
33238,0.0000955,0.0000002,0.0000001
33239,0.0000955,0.0000002,0.0000001
33240,0.0000955,0.0000002,0.0000001
33241,0.0000954,0.0000002,0.0000001
33242,0.0000954,0.0000002,0.0000001
33243,0.0000954,0.0000002,0.0000001
33244,0.0000954,0.0000002,0.0000001
33245,0.0000954,0.0000002,0.0000001
33246,0.0000954,0.0000002,0.0000001
33247,0.0000954,0.0000002,0.0000001
33248,0.0000953,0.0000002,0.0000001
33249,0.0000953,0.0000002,0.0000001
33250,0.0000953,0.0000002,0.0000001
33251,0.0000953,0.0000002,0.0000001
33252,0.0000953,0.0000002,0.0000001
33253,0.0000953,0.0000002,0.0000001
33254,0.0000952,0.0000002,0.0000001
33255,0.0000952,0.0000002,0.0000001
33256,0.0000952,0.0000002,0.0000001
33257,0.0000952,0.0000002,0.0000001
33258,0.0000952,0.0000002,0.0000001
33259,0.0000952,0.0000002,0.0000001
33260,0.0000951,0.0000002,0.0000001
33261,0.0000951,0.0000002,0.0000001
33262,0.0000951,0.0000002,0.0000001
33263,0.0000951,0.0000002,0.0000001
33264,0.0000951,0.0000002,0.0000001
33265,0.0000951,0.0000002,0.0000001
33266,0.0000951,0.0000002,0.0000001
33267,0.0000950,0.0000002,0.0000001
33268,0.0000950,0.0000002,0.0000001
33269,0.0000950,0.0000002,0.0000001
33270,0.0000950,0.0000002,0.0000001
33271,0.0000950,0.0000002,0.0000001
33272,0.0000950,0.0000002,0.0000001
33273,0.0000949,0.0000002,0.0000001
33274,0.0000949,0.0000002,0.0000001
33275,0.0000949,0.0000002,0.0000001
33276,0.0000949,0.0000002,0.0000001
33277,0.0000949,0.0000002,0.0000001
33278,0.0000949,0.0000002,0.0000001
33279,0.0000949,0.0000002,0.0000001
33280,0.0000948,0.0000002,0.0000001
33281,0.0000948,0.0000002,0.0000001
33282,0.0000948,0.0000002,0.0000001
33283,0.0000948,0.0000002,0.0000001
33284,0.0000948,0.0000002,0.0000001
33285,0.0000948,0.0000002,0.0000001
33286,0.0000947,0.0000002,0.0000001
33287,0.0000947,0.0000002,0.0000001
33288,0.0000947,0.0000002,0.0000001
33289,0.0000947,0.0000002,0.0000001
33290,0.0000947,0.0000002,0.0000001
33291,0.0000947,0.0000002,0.0000001
33292,0.0000947,0.0000002,0.0000001
33293,0.0000946,0.0000002,0.0000001
33294,0.0000946,0.0000002,0.0000001
33295,0.0000946,0.0000002,0.0000001
33296,0.0000946,0.0000002,0.0000001
33297,0.0000946,0.0000002,0.0000001
33298,0.0000946,0.0000002,0.0000001
33299,0.0000945,0.0000002,0.0000001
33300,0.0000945,0.0000002,0.0000001
33301,0.0000945,0.0000002,0.0000001
33302,0.0000945,0.0000002,0.0000001
33303,0.0000945,0.0000002,0.0000001
33304,0.0000945,0.0000002,0.0000001
33305,0.0000944,0.0000002,0.0000001
33306,0.0000944,0.0000002,0.0000001
33307,0.0000944,0.0000002,0.0000001
33308,0.0000944,0.0000002,0.0000001
33309,0.0000944,0.0000002,0.0000001
33310,0.0000944,0.0000002,0.0000001
33311,0.0000944,0.0000002,0.0000001
33312,0.0000943,0.0000002,0.0000001
33313,0.0000943,0.0000002,0.0000001
33314,0.0000943,0.0000002,0.0000001
33315,0.0000943,0.0000002,0.0000001
33316,0.0000943,0.0000002,0.0000001
33317,0.0000943,0.0000002,0.0000001
33318,0.0000942,0.0000002,0.0000001
33319,0.0000942,0.0000002,0.0000001
33320,0.0000942,0.0000002,0.0000001
33321,0.0000942,0.0000002,0.0000001
33322,0.0000942,0.0000002,0.0000001
33323,0.0000942,0.0000002,0.0000001
33324,0.0000942,0.0000002,0.0000001
33325,0.0000941,0.0000002,0.0000001
33326,0.0000941,0.0000002,0.0000001
33327,0.0000941,0.0000002,0.0000001
33328,0.0000941,0.0000002,0.0000001
33329,0.0000941,0.0000002,0.0000001
33330,0.0000941,0.0000002,0.0000001
33331,0.0000940,0.0000002,0.0000001
33332,0.0000940,0.0000002,0.0000001
33333,0.0000940,0.0000002,0.0000001
33334,0.0000940,0.0000002,0.0000001
33335,0.0000940,0.0000002,0.0000001
33336,0.0000940,0.0000002,0.0000001
33337,0.0000940,0.0000002,0.0000001
33338,0.0000939,0.0000002,0.0000001
33339,0.0000939,0.0000002,0.0000001
33340,0.0000939,0.0000002,0.0000001
33341,0.0000939,0.0000002,0.0000001
33342,0.0000939,0.0000002,0.0000001
33343,0.0000939,0.0000002,0.0000001
33344,0.0000938,0.0000002,0.0000001
33345,0.0000938,0.0000002,0.0000001
33346,0.0000938,0.0000002,0.0000001
33347,0.0000938,0.0000002,0.0000001
33348,0.0000938,0.0000002,0.0000001
33349,0.0000938,0.0000002,0.0000001
33350,0.0000938,0.0000002,0.0000001
33351,0.0000937,0.0000002,0.0000001
33352,0.0000937,0.0000002,0.0000001
33353,0.0000937,0.0000002,0.0000001
33354,0.0000937,0.0000002,0.0000001
33355,0.0000937,0.0000002,0.0000001
33356,0.0000937,0.0000002,0.0000001
33357,0.0000936,0.0000002,0.0000001
33358,0.0000936,0.0000002,0.0000001
33359,0.0000936,0.0000002,0.0000001
33360,0.0000936,0.0000002,0.0000001
33361,0.0000936,0.0000002,0.0000001
33362,0.0000936,0.0000002,0.0000001
33363,0.0000936,0.0000002,0.0000001
33364,0.0000935,0.0000002,0.0000001
33365,0.0000935,0.0000002,0.0000001
33366,0.0000935,0.0000002,0.0000001
33367,0.0000935,0.0000002,0.0000001
33368,0.0000935,0.0000002,0.0000001
33369,0.0000935,0.0000002,0.0000001
33370,0.0000934,0.0000002,0.0000001
33371,0.0000934,0.0000002,0.0000001
33372,0.0000934,0.0000002,0.0000001
33373,0.0000934,0.0000002,0.0000001
33374,0.0000934,0.0000002,0.0000001
33375,0.0000934,0.0000002,0.0000001
33376,0.0000934,0.0000002,0.0000001
33377,0.0000933,0.0000002,0.0000001
33378,0.0000933,0.0000002,0.0000001
33379,0.0000933,0.0000002,0.0000001
33380,0.0000933,0.0000002,0.0000001
33381,0.0000933,0.0000002,0.0000001
33382,0.0000933,0.0000002,0.0000001
33383,0.0000933,0.0000002,0.0000001
33384,0.0000932,0.0000002,0.0000001
33385,0.0000932,0.0000002,0.0000001
33386,0.0000932,0.0000002,0.0000001
33387,0.0000932,0.0000002,0.0000001
33388,0.0000932,0.0000002,0.0000001
33389,0.0000932,0.0000002,0.0000001
33390,0.0000931,0.0000002,0.0000001
33391,0.0000931,0.0000002,0.0000001
33392,0.0000931,0.0000002,0.0000001
33393,0.0000931,0.0000002,0.0000001
33394,0.0000931,0.0000002,0.0000001
33395,0.0000931,0.0000002,0.0000001
33396,0.0000931,0.0000002,0.0000001
33397,0.0000930,0.0000002,0.0000001
33398,0.0000930,0.0000002,0.0000001
33399,0.0000930,0.0000002,0.0000001
33400,0.0000930,0.0000002,0.0000001
33401,0.0000930,0.0000002,0.0000001
33402,0.0000930,0.0000002,0.0000001
33403,0.0000929,0.0000002,0.0000001
33404,0.0000929,0.0000002,0.0000001
33405,0.0000929,0.0000002,0.0000001
33406,0.0000929,0.0000002,0.0000001
33407,0.0000929,0.0000002,0.0000001
33408,0.0000929,0.0000002,0.0000001
33409,0.0000929,0.0000002,0.0000001
33410,0.0000928,0.0000002,0.0000001
33411,0.0000928,0.0000002,0.0000001
33412,0.0000928,0.0000002,0.0000001
33413,0.0000928,0.0000002,0.0000001
33414,0.0000928,0.0000002,0.0000001
33415,0.0000928,0.0000002,0.0000001
33416,0.0000927,0.0000002,0.0000001
33417,0.0000927,0.0000002,0.0000001
33418,0.0000927,0.0000002,0.0000001
33419,0.0000927,0.0000002,0.0000001
33420,0.0000927,0.0000002,0.0000001
33421,0.0000927,0.0000002,0.0000001
33422,0.0000927,0.0000002,0.0000001
33423,0.0000926,0.0000002,0.0000001
33424,0.0000926,0.0000002,0.0000001
33425,0.0000926,0.0000002,0.0000001
33426,0.0000926,0.0000002,0.0000001
33427,0.0000926,0.0000002,0.0000001
33428,0.0000926,0.0000002,0.0000001
33429,0.0000926,0.0000002,0.0000001
33430,0.0000925,0.0000002,0.0000001
33431,0.0000925,0.0000002,0.0000001
33432,0.0000925,0.0000002,0.0000001
33433,0.0000925,0.0000002,0.0000001
33434,0.0000925,0.0000002,0.0000001
33435,0.0000925,0.0000002,0.0000001
33436,0.0000924,0.0000002,0.0000001
33437,0.0000924,0.0000002,0.0000001
33438,0.0000924,0.0000002,0.0000001
33439,0.0000924,0.0000002,0.0000001
33440,0.0000924,0.0000002,0.0000001
33441,0.0000924,0.0000002,0.0000001
33442,0.0000924,0.0000002,0.0000001
33443,0.0000923,0.0000002,0.0000001
33444,0.0000923,0.0000002,0.0000001
33445,0.0000923,0.0000002,0.0000001
33446,0.0000923,0.0000002,0.0000001
33447,0.0000923,0.0000002,0.0000001
33448,0.0000923,0.0000002,0.0000001
33449,0.0000922,0.0000002,0.0000001
33450,0.0000922,0.0000002,0.0000001
33451,0.0000922,0.0000002,0.0000001
33452,0.0000922,0.0000002,0.0000001
33453,0.0000922,0.0000002,0.0000001
33454,0.0000922,0.0000002,0.0000001
33455,0.0000922,0.0000002,0.0000001
33456,0.0000921,0.0000002,0.0000001
33457,0.0000921,0.0000002,0.0000001
33458,0.0000921,0.0000002,0.0000001
33459,0.0000921,0.0000002,0.0000001
33460,0.0000921,0.0000002,0.0000001
33461,0.0000921,0.0000002,0.0000001
33462,0.0000921,0.0000002,0.0000001
33463,0.0000920,0.0000002,0.0000001
33464,0.0000920,0.0000002,0.0000001
33465,0.0000920,0.0000002,0.0000001
33466,0.0000920,0.0000002,0.0000001
33467,0.0000920,0.0000002,0.0000001
33468,0.0000920,0.0000002,0.0000001
33469,0.0000919,0.0000002,0.0000001
33470,0.0000919,0.0000002,0.0000001
33471,0.0000919,0.0000002,0.0000001
33472,0.0000919,0.0000002,0.0000001
33473,0.0000919,0.0000002,0.0000001
33474,0.0000919,0.0000002,0.0000001
33475,0.0000919,0.0000002,0.0000001
33476,0.0000918,0.0000002,0.0000001
33477,0.0000918,0.0000002,0.0000001
33478,0.0000918,0.0000002,0.0000001
33479,0.0000918,0.0000002,0.0000001
33480,0.0000918,0.0000002,0.0000001
33481,0.0000918,0.0000002,0.0000001
33482,0.0000918,0.0000002,0.0000001
33483,0.0000917,0.0000002,0.0000001
33484,0.0000917,0.0000002,0.0000001
33485,0.0000917,0.0000002,0.0000001
33486,0.0000917,0.0000002,0.0000001
33487,0.0000917,0.0000002,0.0000001
33488,0.0000917,0.0000002,0.0000001
33489,0.0000916,0.0000002,0.0000001
33490,0.0000916,0.0000002,0.0000001
33491,0.0000916,0.0000002,0.0000001
33492,0.0000916,0.0000002,0.0000001
33493,0.0000916,0.0000002,0.0000001
33494,0.0000916,0.0000002,0.0000001
33495,0.0000916,0.0000002,0.0000001
33496,0.0000915,0.0000002,0.0000001
33497,0.0000915,0.0000002,0.0000001
33498,0.0000915,0.0000002,0.0000001
33499,0.0000915,0.0000002,0.0000001
33500,0.0000915,0.0000002,0.0000001
33501,0.0000915,0.0000002,0.0000001
33502,0.0000915,0.0000002,0.0000001
33503,0.0000914,0.0000002,0.0000001
33504,0.0000914,0.0000002,0.0000001
33505,0.0000914,0.0000002,0.0000001
33506,0.0000914,0.0000002,0.0000001
33507,0.0000914,0.0000002,0.0000001
33508,0.0000914,0.0000002,0.0000001
33509,0.0000913,0.0000002,0.0000001
33510,0.0000913,0.0000002,0.0000001
33511,0.0000913,0.0000002,0.0000001
33512,0.0000913,0.0000002,0.0000001
33513,0.0000913,0.0000002,0.0000001
33514,0.0000913,0.0000002,0.0000001
33515,0.0000913,0.0000002,0.0000001
33516,0.0000912,0.0000002,0.0000001
33517,0.0000912,0.0000002,0.0000001
33518,0.0000912,0.0000002,0.0000001
33519,0.0000912,0.0000002,0.0000001
33520,0.0000912,0.0000002,0.0000001
33521,0.0000912,0.0000002,0.0000001
33522,0.0000912,0.0000002,0.0000001
33523,0.0000911,0.0000002,0.0000001
33524,0.0000911,0.0000002,0.0000001
33525,0.0000911,0.0000002,0.0000001
33526,0.0000911,0.0000002,0.0000001
33527,0.0000911,0.0000002,0.0000001
33528,0.0000911,0.0000002,0.0000001
33529,0.0000910,0.0000002,0.0000001
33530,0.0000910,0.0000002,0.0000001
33531,0.0000910,0.0000002,0.0000001
33532,0.0000910,0.0000002,0.0000001
33533,0.0000910,0.0000002,0.0000001
33534,0.0000910,0.0000002,0.0000001
33535,0.0000910,0.0000002,0.0000001
33536,0.0000909,0.0000002,0.0000001
33537,0.0000909,0.0000002,0.0000001
33538,0.0000909,0.0000002,0.0000001
33539,0.0000909,0.0000002,0.0000001
33540,0.0000909,0.0000002,0.0000001
33541,0.0000909,0.0000002,0.0000001
33542,0.0000909,0.0000002,0.0000001
33543,0.0000908,0.0000002,0.0000001
33544,0.0000908,0.0000002,0.0000001
33545,0.0000908,0.0000002,0.0000001
33546,0.0000908,0.0000002,0.0000001
33547,0.0000908,0.0000002,0.0000001
33548,0.0000908,0.0000002,0.0000001
33549,0.0000908,0.0000002,0.0000001
33550,0.0000907,0.0000002,0.0000001
33551,0.0000907,0.0000002,0.0000001
33552,0.0000907,0.0000002,0.0000001
33553,0.0000907,0.0000002,0.0000001
33554,0.0000907,0.0000002,0.0000001
33555,0.0000907,0.0000002,0.0000001
33556,0.0000906,0.0000002,0.0000001
33557,0.0000906,0.0000002,0.0000001
33558,0.0000906,0.0000002,0.0000001
33559,0.0000906,0.0000002,0.0000001
33560,0.0000906,0.0000002,0.0000001
33561,0.0000906,0.0000002,0.0000001
33562,0.0000906,0.0000002,0.0000001
33563,0.0000905,0.0000002,0.0000001
33564,0.0000905,0.0000002,0.0000001
33565,0.0000905,0.0000002,0.0000001
33566,0.0000905,0.0000002,0.0000001
33567,0.0000905,0.0000002,0.0000001
33568,0.0000905,0.0000002,0.0000001
33569,0.0000905,0.0000002,0.0000001
33570,0.0000904,0.0000002,0.0000001
33571,0.0000904,0.0000002,0.0000001
33572,0.0000904,0.0000002,0.0000001
33573,0.0000904,0.0000002,0.0000001
33574,0.0000904,0.0000002,0.0000001
33575,0.0000904,0.0000002,0.0000001
33576,0.0000904,0.0000002,0.0000001
33577,0.0000903,0.0000002,0.0000001
33578,0.0000903,0.0000002,0.0000001
33579,0.0000903,0.0000002,0.0000001
33580,0.0000903,0.0000002,0.0000001
33581,0.0000903,0.0000002,0.0000001
33582,0.0000903,0.0000002,0.0000001
33583,0.0000902,0.0000002,0.0000001
33584,0.0000902,0.0000002,0.0000001
33585,0.0000902,0.0000002,0.0000001
33586,0.0000902,0.0000002,0.0000001
33587,0.0000902,0.0000002,0.0000001
33588,0.0000902,0.0000002,0.0000001
33589,0.0000902,0.0000002,0.0000001
33590,0.0000901,0.0000002,0.0000001
33591,0.0000901,0.0000002,0.0000001
33592,0.0000901,0.0000002,0.0000001
33593,0.0000901,0.0000002,0.0000001
33594,0.0000901,0.0000002,0.0000001
33595,0.0000901,0.0000002,0.0000001
33596,0.0000901,0.0000002,0.0000001
33597,0.0000900,0.0000002,0.0000001
33598,0.0000900,0.0000002,0.0000001
33599,0.0000900,0.0000002,0.0000001
33600,0.0000900,0.0000002,0.0000001
33601,0.0000900,0.0000002,0.0000001
33602,0.0000900,0.0000002,0.0000001
33603,0.0000900,0.0000002,0.0000001
33604,0.0000899,0.0000002,0.0000001
33605,0.0000899,0.0000002,0.0000001
33606,0.0000899,0.0000002,0.0000001
33607,0.0000899,0.0000002,0.0000001
33608,0.0000899,0.0000002,0.0000001
33609,0.0000899,0.0000002,0.0000001
33610,0.0000899,0.0000002,0.0000001
33611,0.0000898,0.0000002,0.0000001
33612,0.0000898,0.0000002,0.0000001
33613,0.0000898,0.0000002,0.0000001
33614,0.0000898,0.0000002,0.0000001
33615,0.0000898,0.0000002,0.0000001
33616,0.0000898,0.0000002,0.0000001
33617,0.0000897,0.0000002,0.0000001
33618,0.0000897,0.0000002,0.0000001
33619,0.0000897,0.0000002,0.0000001
33620,0.0000897,0.0000002,0.0000001
33621,0.0000897,0.0000002,0.0000001
33622,0.0000897,0.0000002,0.0000001
33623,0.0000897,0.0000002,0.0000001
33624,0.0000896,0.0000002,0.0000001
33625,0.0000896,0.0000002,0.0000001
33626,0.0000896,0.0000002,0.0000001
33627,0.0000896,0.0000002,0.0000001
33628,0.0000896,0.0000002,0.0000001
33629,0.0000896,0.0000002,0.0000001
33630,0.0000896,0.0000002,0.0000001
33631,0.0000895,0.0000002,0.0000001
33632,0.0000895,0.0000002,0.0000001
33633,0.0000895,0.0000002,0.0000001
33634,0.0000895,0.0000002,0.0000001
33635,0.0000895,0.0000002,0.0000001
33636,0.0000895,0.0000002,0.0000001
33637,0.0000895,0.0000002,0.0000001
33638,0.0000894,0.0000002,0.0000001
33639,0.0000894,0.0000002,0.0000001
33640,0.0000894,0.0000002,0.0000001
33641,0.0000894,0.0000002,0.0000001
33642,0.0000894,0.0000002,0.0000001
33643,0.0000894,0.0000002,0.0000001
33644,0.0000894,0.0000002,0.0000001
33645,0.0000893,0.0000002,0.0000001
33646,0.0000893,0.0000002,0.0000001
33647,0.0000893,0.0000002,0.0000001
33648,0.0000893,0.0000002,0.0000001
33649,0.0000893,0.0000002,0.0000001
33650,0.0000893,0.0000002,0.0000001
33651,0.0000893,0.0000002,0.0000001
33652,0.0000892,0.0000002,0.0000001
33653,0.0000892,0.0000002,0.0000001
33654,0.0000892,0.0000002,0.0000001
33655,0.0000892,0.0000002,0.0000001
33656,0.0000892,0.0000002,0.0000001
33657,0.0000892,0.0000002,0.0000001
33658,0.0000891,0.0000002,0.0000001
33659,0.0000891,0.0000002,0.0000001
33660,0.0000891,0.0000002,0.0000001
33661,0.0000891,0.0000002,0.0000001
33662,0.0000891,0.0000002,0.0000001
33663,0.0000891,0.0000002,0.0000001
33664,0.0000891,0.0000002,0.0000001
33665,0.0000890,0.0000002,0.0000001
33666,0.0000890,0.0000002,0.0000001
33667,0.0000890,0.0000002,0.0000001
33668,0.0000890,0.0000002,0.0000001
33669,0.0000890,0.0000002,0.0000001
33670,0.0000890,0.0000002,0.0000001
33671,0.0000890,0.0000002,0.0000001
33672,0.0000889,0.0000002,0.0000001
33673,0.0000889,0.0000002,0.0000001
33674,0.0000889,0.0000002,0.0000001
33675,0.0000889,0.0000002,0.0000001
33676,0.0000889,0.0000002,0.0000001
33677,0.0000889,0.0000002,0.0000001
33678,0.0000889,0.0000002,0.0000001
33679,0.0000888,0.0000002,0.0000001
33680,0.0000888,0.0000002,0.0000001
33681,0.0000888,0.0000002,0.0000001
33682,0.0000888,0.0000002,0.0000001
33683,0.0000888,0.0000002,0.0000001
33684,0.0000888,0.0000002,0.0000001
33685,0.0000888,0.0000002,0.0000001
33686,0.0000887,0.0000002,0.0000001
33687,0.0000887,0.0000002,0.0000001
33688,0.0000887,0.0000002,0.0000001
33689,0.0000887,0.0000002,0.0000001
33690,0.0000887,0.0000002,0.0000001
33691,0.0000887,0.0000002,0.0000001
33692,0.0000887,0.0000002,0.0000001
33693,0.0000886,0.0000002,0.0000001
33694,0.0000886,0.0000002,0.0000001
33695,0.0000886,0.0000002,0.0000001
33696,0.0000886,0.0000002,0.0000001
33697,0.0000886,0.0000002,0.0000001
33698,0.0000886,0.0000002,0.0000001
33699,0.0000886,0.0000002,0.0000001
33700,0.0000885,0.0000002,0.0000001
33701,0.0000885,0.0000002,0.0000001
33702,0.0000885,0.0000002,0.0000001
33703,0.0000885,0.0000002,0.0000001
33704,0.0000885,0.0000002,0.0000001
33705,0.0000885,0.0000002,0.0000001
33706,0.0000885,0.0000002,0.0000001
33707,0.0000884,0.0000002,0.0000001
33708,0.0000884,0.0000002,0.0000001
33709,0.0000884,0.0000002,0.0000001
33710,0.0000884,0.0000002,0.0000001
33711,0.0000884,0.0000002,0.0000001
33712,0.0000884,0.0000002,0.0000001
33713,0.0000884,0.0000002,0.0000001
33714,0.0000883,0.0000002,0.0000001
33715,0.0000883,0.0000002,0.0000001
33716,0.0000883,0.0000002,0.0000001
33717,0.0000883,0.0000002,0.0000001
33718,0.0000883,0.0000002,0.0000001
33719,0.0000883,0.0000002,0.0000001
33720,0.0000882,0.0000002,0.0000001
33721,0.0000882,0.0000002,0.0000001
33722,0.0000882,0.0000002,0.0000001
33723,0.0000882,0.0000002,0.0000001
33724,0.0000882,0.0000002,0.0000001
33725,0.0000882,0.0000002,0.0000001
33726,0.0000882,0.0000002,0.0000001
33727,0.0000881,0.0000002,0.0000001
33728,0.0000881,0.0000002,0.0000001
33729,0.0000881,0.0000002,0.0000001
33730,0.0000881,0.0000002,0.0000001
33731,0.0000881,0.0000002,0.0000001
33732,0.0000881,0.0000002,0.0000001
33733,0.0000881,0.0000002,0.0000001
33734,0.0000880,0.0000002,0.0000001
33735,0.0000880,0.0000002,0.0000001
33736,0.0000880,0.0000002,0.0000001
33737,0.0000880,0.0000002,0.0000001
33738,0.0000880,0.0000002,0.0000001
33739,0.0000880,0.0000002,0.0000001
33740,0.0000880,0.0000002,0.0000001
33741,0.0000879,0.0000002,0.0000001
33742,0.0000879,0.0000002,0.0000001
33743,0.0000879,0.0000002,0.0000001
33744,0.0000879,0.0000002,0.0000001
33745,0.0000879,0.0000002,0.0000001
33746,0.0000879,0.0000002,0.0000001
33747,0.0000879,0.0000002,0.0000001
33748,0.0000878,0.0000002,0.0000001
33749,0.0000878,0.0000002,0.0000001
33750,0.0000878,0.0000002,0.0000001
33751,0.0000878,0.0000002,0.0000001
33752,0.0000878,0.0000002,0.0000001
33753,0.0000878,0.0000002,0.0000001
33754,0.0000878,0.0000002,0.0000001
33755,0.0000877,0.0000002,0.0000001
33756,0.0000877,0.0000002,0.0000001
33757,0.0000877,0.0000002,0.0000001
33758,0.0000877,0.0000002,0.0000001
33759,0.0000877,0.0000002,0.0000001
33760,0.0000877,0.0000002,0.0000001
33761,0.0000877,0.0000002,0.0000001
33762,0.0000876,0.0000002,0.0000001
33763,0.0000876,0.0000002,0.0000001
33764,0.0000876,0.0000002,0.0000001
33765,0.0000876,0.0000002,0.0000001
33766,0.0000876,0.0000002,0.0000001
33767,0.0000876,0.0000002,0.0000001
33768,0.0000876,0.0000002,0.0000001
33769,0.0000875,0.0000002,0.0000001
33770,0.0000875,0.0000002,0.0000001
33771,0.0000875,0.0000002,0.0000001
33772,0.0000875,0.0000002,0.0000001
33773,0.0000875,0.0000002,0.0000001
33774,0.0000875,0.0000002,0.0000001
33775,0.0000875,0.0000002,0.0000001
33776,0.0000874,0.0000002,0.0000001
33777,0.0000874,0.0000002,0.0000001
33778,0.0000874,0.0000002,0.0000001
33779,0.0000874,0.0000002,0.0000001
33780,0.0000874,0.0000002,0.0000001
33781,0.0000874,0.0000002,0.0000001
33782,0.0000874,0.0000002,0.0000001
33783,0.0000873,0.0000002,0.0000001
33784,0.0000873,0.0000002,0.0000001
33785,0.0000873,0.0000002,0.0000001
33786,0.0000873,0.0000002,0.0000001
33787,0.0000873,0.0000002,0.0000001
33788,0.0000873,0.0000002,0.0000001
33789,0.0000873,0.0000002,0.0000001
33790,0.0000872,0.0000002,0.0000001
33791,0.0000872,0.0000002,0.0000001
33792,0.0000872,0.0000002,0.0000001
33793,0.0000872,0.0000002,0.0000001
33794,0.0000872,0.0000002,0.0000001
33795,0.0000872,0.0000002,0.0000001
33796,0.0000872,0.0000002,0.0000001
33797,0.0000871,0.0000002,0.0000001
33798,0.0000871,0.0000002,0.0000001
33799,0.0000871,0.0000002,0.0000001
33800,0.0000871,0.0000002,0.0000001
33801,0.0000871,0.0000002,0.0000001
33802,0.0000871,0.0000002,0.0000001
33803,0.0000871,0.0000002,0.0000001
33804,0.0000870,0.0000002,0.0000001
33805,0.0000870,0.0000002,0.0000001
33806,0.0000870,0.0000002,0.0000001
33807,0.0000870,0.0000002,0.0000001
33808,0.0000870,0.0000002,0.0000001
33809,0.0000870,0.0000002,0.0000001
33810,0.0000870,0.0000002,0.0000001
33811,0.0000869,0.0000002,0.0000001
33812,0.0000869,0.0000002,0.0000001
33813,0.0000869,0.0000002,0.0000001
33814,0.0000869,0.0000002,0.0000001
33815,0.0000869,0.0000002,0.0000001
33816,0.0000869,0.0000002,0.0000001
33817,0.0000869,0.0000002,0.0000001
33818,0.0000868,0.0000002,0.0000001
33819,0.0000868,0.0000002,0.0000001
33820,0.0000868,0.0000002,0.0000001
33821,0.0000868,0.0000002,0.0000001
33822,0.0000868,0.0000002,0.0000001
33823,0.0000868,0.0000002,0.0000001
33824,0.0000868,0.0000002,0.0000001
33825,0.0000867,0.0000002,0.0000001
33826,0.0000867,0.0000002,0.0000001
33827,0.0000867,0.0000002,0.0000001
33828,0.0000867,0.0000002,0.0000001
33829,0.0000867,0.0000002,0.0000001
33830,0.0000867,0.0000002,0.0000001
33831,0.0000867,0.0000002,0.0000001
33832,0.0000866,0.0000002,0.0000001
33833,0.0000866,0.0000002,0.0000001
33834,0.0000866,0.0000002,0.0000001
33835,0.0000866,0.0000002,0.0000001
33836,0.0000866,0.0000002,0.0000001
33837,0.0000866,0.0000002,0.0000001
33838,0.0000866,0.0000002,0.0000001
33839,0.0000866,0.0000002,0.0000001
33840,0.0000865,0.0000002,0.0000001
33841,0.0000865,0.0000002,0.0000001
33842,0.0000865,0.0000002,0.0000001
33843,0.0000865,0.0000002,0.0000001
33844,0.0000865,0.0000002,0.0000001
33845,0.0000865,0.0000002,0.0000001
33846,0.0000865,0.0000002,0.0000001
33847,0.0000864,0.0000002,0.0000001
33848,0.0000864,0.0000002,0.0000001
33849,0.0000864,0.0000002,0.0000001
33850,0.0000864,0.0000002,0.0000001
33851,0.0000864,0.0000002,0.0000001
33852,0.0000864,0.0000002,0.0000001
33853,0.0000864,0.0000002,0.0000001
33854,0.0000863,0.0000002,0.0000001
33855,0.0000863,0.0000002,0.0000001
33856,0.0000863,0.0000002,0.0000001
33857,0.0000863,0.0000002,0.0000001
33858,0.0000863,0.0000002,0.0000001
33859,0.0000863,0.0000002,0.0000001
33860,0.0000863,0.0000002,0.0000001
33861,0.0000862,0.0000002,0.0000001
33862,0.0000862,0.0000002,0.0000001
33863,0.0000862,0.0000002,0.0000001
33864,0.0000862,0.0000002,0.0000001
33865,0.0000862,0.0000002,0.0000001
33866,0.0000862,0.0000002,0.0000001
33867,0.0000862,0.0000002,0.0000001
33868,0.0000861,0.0000002,0.0000001
33869,0.0000861,0.0000002,0.0000001
33870,0.0000861,0.0000002,0.0000001
33871,0.0000861,0.0000002,0.0000001
33872,0.0000861,0.0000002,0.0000001
33873,0.0000861,0.0000002,0.0000001
33874,0.0000861,0.0000002,0.0000001
33875,0.0000860,0.0000002,0.0000001
33876,0.0000860,0.0000002,0.0000001
33877,0.0000860,0.0000002,0.0000001
33878,0.0000860,0.0000002,0.0000001
33879,0.0000860,0.0000002,0.0000001
33880,0.0000860,0.0000002,0.0000001
33881,0.0000860,0.0000002,0.0000001
33882,0.0000859,0.0000002,0.0000001
33883,0.0000859,0.0000002,0.0000001
33884,0.0000859,0.0000002,0.0000001
33885,0.0000859,0.0000002,0.0000001
33886,0.0000859,0.0000002,0.0000001
33887,0.0000859,0.0000002,0.0000001
33888,0.0000859,0.0000002,0.0000001
33889,0.0000858,0.0000002,0.0000001
33890,0.0000858,0.0000002,0.0000001
33891,0.0000858,0.0000002,0.0000001
33892,0.0000858,0.0000002,0.0000001
33893,0.0000858,0.0000002,0.0000001
33894,0.0000858,0.0000002,0.0000001
33895,0.0000858,0.0000002,0.0000001
33896,0.0000857,0.0000002,0.0000001
33897,0.0000857,0.0000002,0.0000001
33898,0.0000857,0.0000002,0.0000001
33899,0.0000857,0.0000002,0.0000001
33900,0.0000857,0.0000002,0.0000001
33901,0.0000857,0.0000002,0.0000001
33902,0.0000857,0.0000002,0.0000001
33903,0.0000857,0.0000002,0.0000001
33904,0.0000856,0.0000002,0.0000001
33905,0.0000856,0.0000002,0.0000001
33906,0.0000856,0.0000002,0.0000001
33907,0.0000856,0.0000002,0.0000001
33908,0.0000856,0.0000002,0.0000001
33909,0.0000856,0.0000002,0.0000001
33910,0.0000856,0.0000002,0.0000001
33911,0.0000855,0.0000002,0.0000001
33912,0.0000855,0.0000002,0.0000001
33913,0.0000855,0.0000002,0.0000001
33914,0.0000855,0.0000002,0.0000001
33915,0.0000855,0.0000002,0.0000001
33916,0.0000855,0.0000002,0.0000001
33917,0.0000855,0.0000002,0.0000001
33918,0.0000854,0.0000002,0.0000001
33919,0.0000854,0.0000002,0.0000001
33920,0.0000854,0.0000002,0.0000001
33921,0.0000854,0.0000002,0.0000001
33922,0.0000854,0.0000002,0.0000001
33923,0.0000854,0.0000002,0.0000001
33924,0.0000854,0.0000002,0.0000001
33925,0.0000853,0.0000002,0.0000001
33926,0.0000853,0.0000002,0.0000001
33927,0.0000853,0.0000002,0.0000001
33928,0.0000853,0.0000002,0.0000001
33929,0.0000853,0.0000002,0.0000001
33930,0.0000853,0.0000002,0.0000001
33931,0.0000853,0.0000002,0.0000001
33932,0.0000852,0.0000002,0.0000001
33933,0.0000852,0.0000002,0.0000001
33934,0.0000852,0.0000002,0.0000001
33935,0.0000852,0.0000002,0.0000001
33936,0.0000852,0.0000002,0.0000001
33937,0.0000852,0.0000002,0.0000001
33938,0.0000852,0.0000002,0.0000001
33939,0.0000851,0.0000002,0.0000001
33940,0.0000851,0.0000002,0.0000001
33941,0.0000851,0.0000002,0.0000001
33942,0.0000851,0.0000002,0.0000001
33943,0.0000851,0.0000002,0.0000001
33944,0.0000851,0.0000002,0.0000001
33945,0.0000851,0.0000002,0.0000001
33946,0.0000851,0.0000002,0.0000001
33947,0.0000850,0.0000002,0.0000001
33948,0.0000850,0.0000002,0.0000001
33949,0.0000850,0.0000002,0.0000001
33950,0.0000850,0.0000002,0.0000001
33951,0.0000850,0.0000002,0.0000001
33952,0.0000850,0.0000002,0.0000001
33953,0.0000850,0.0000002,0.0000001
33954,0.0000849,0.0000002,0.0000001
33955,0.0000849,0.0000002,0.0000001
33956,0.0000849,0.0000002,0.0000001
33957,0.0000849,0.0000002,0.0000001
33958,0.0000849,0.0000002,0.0000001
33959,0.0000849,0.0000002,0.0000001
33960,0.0000849,0.0000002,0.0000001
33961,0.0000848,0.0000002,0.0000001
33962,0.0000848,0.0000002,0.0000001
33963,0.0000848,0.0000002,0.0000001
33964,0.0000848,0.0000002,0.0000001
33965,0.0000848,0.0000002,0.0000001
33966,0.0000848,0.0000002,0.0000001
33967,0.0000848,0.0000002,0.0000001
33968,0.0000847,0.0000002,0.0000001
33969,0.0000847,0.0000002,0.0000001
33970,0.0000847,0.0000002,0.0000001
33971,0.0000847,0.0000002,0.0000001
33972,0.0000847,0.0000002,0.0000001
33973,0.0000847,0.0000002,0.0000001
33974,0.0000847,0.0000002,0.0000001
33975,0.0000847,0.0000002,0.0000001
33976,0.0000846,0.0000002,0.0000001
33977,0.0000846,0.0000002,0.0000001
33978,0.0000846,0.0000002,0.0000001
33979,0.0000846,0.0000002,0.0000001
33980,0.0000846,0.0000002,0.0000001
33981,0.0000846,0.0000002,0.0000001
33982,0.0000846,0.0000002,0.0000001
33983,0.0000845,0.0000002,0.0000001
33984,0.0000845,0.0000002,0.0000001
33985,0.0000845,0.0000002,0.0000001
33986,0.0000845,0.0000002,0.0000001
33987,0.0000845,0.0000002,0.0000001
33988,0.0000845,0.0000002,0.0000001
33989,0.0000845,0.0000002,0.0000001
33990,0.0000844,0.0000002,0.0000001
33991,0.0000844,0.0000002,0.0000001
33992,0.0000844,0.0000002,0.0000001
33993,0.0000844,0.0000002,0.0000001
33994,0.0000844,0.0000002,0.0000001
33995,0.0000844,0.0000002,0.0000001
33996,0.0000844,0.0000002,0.0000001
33997,0.0000843,0.0000002,0.0000001
33998,0.0000843,0.0000002,0.0000001
33999,0.0000843,0.0000002,0.0000001
34000,0.0000843,0.0000002,0.0000001
34001,0.0000843,0.0000002,0.0000001
34002,0.0000843,0.0000002,0.0000001
34003,0.0000843,0.0000002,0.0000001
34004,0.0000843,0.0000002,0.0000001
34005,0.0000842,0.0000002,0.0000001
34006,0.0000842,0.0000002,0.0000001
34007,0.0000842,0.0000002,0.0000001
34008,0.0000842,0.0000002,0.0000001
34009,0.0000842,0.0000002,0.0000001
34010,0.0000842,0.0000002,0.0000001
34011,0.0000842,0.0000002,0.0000001
34012,0.0000841,0.0000002,0.0000001
34013,0.0000841,0.0000002,0.0000001
34014,0.0000841,0.0000002,0.0000001
34015,0.0000841,0.0000002,0.0000001
34016,0.0000841,0.0000002,0.0000001
34017,0.0000841,0.0000002,0.0000001
34018,0.0000841,0.0000002,0.0000001
34019,0.0000840,0.0000002,0.0000001
34020,0.0000840,0.0000002,0.0000001
34021,0.0000840,0.0000002,0.0000001
34022,0.0000840,0.0000002,0.0000001
34023,0.0000840,0.0000002,0.0000001
34024,0.0000840,0.0000002,0.0000001
34025,0.0000840,0.0000002,0.0000001
34026,0.0000839,0.0000002,0.0000001
34027,0.0000839,0.0000002,0.0000001
34028,0.0000839,0.0000002,0.0000001
34029,0.0000839,0.0000002,0.0000001
34030,0.0000839,0.0000002,0.0000001
34031,0.0000839,0.0000002,0.0000001
34032,0.0000839,0.0000002,0.0000001
34033,0.0000839,0.0000002,0.0000001
34034,0.0000838,0.0000002,0.0000001
34035,0.0000838,0.0000002,0.0000001
34036,0.0000838,0.0000002,0.0000001
34037,0.0000838,0.0000002,0.0000001
34038,0.0000838,0.0000002,0.0000001
34039,0.0000838,0.0000002,0.0000001
34040,0.0000838,0.0000002,0.0000001
34041,0.0000837,0.0000002,0.0000001
34042,0.0000837,0.0000002,0.0000001
34043,0.0000837,0.0000002,0.0000001
34044,0.0000837,0.0000002,0.0000001
34045,0.0000837,0.0000002,0.0000001
34046,0.0000837,0.0000002,0.0000001
34047,0.0000837,0.0000002,0.0000001
34048,0.0000836,0.0000002,0.0000001
34049,0.0000836,0.0000002,0.0000001
34050,0.0000836,0.0000002,0.0000001
34051,0.0000836,0.0000002,0.0000001
34052,0.0000836,0.0000002,0.0000001
34053,0.0000836,0.0000002,0.0000001
34054,0.0000836,0.0000002,0.0000001
34055,0.0000836,0.0000002,0.0000001
34056,0.0000835,0.0000002,0.0000001
34057,0.0000835,0.0000002,0.0000001
34058,0.0000835,0.0000002,0.0000001
34059,0.0000835,0.0000002,0.0000001
34060,0.0000835,0.0000002,0.0000001
34061,0.0000835,0.0000002,0.0000001
34062,0.0000835,0.0000002,0.0000001
34063,0.0000834,0.0000002,0.0000001
34064,0.0000834,0.0000002,0.0000001
34065,0.0000834,0.0000002,0.0000001
34066,0.0000834,0.0000002,0.0000001
34067,0.0000834,0.0000002,0.0000001
34068,0.0000834,0.0000002,0.0000001
34069,0.0000834,0.0000002,0.0000001
34070,0.0000833,0.0000002,0.0000001
34071,0.0000833,0.0000002,0.0000001
34072,0.0000833,0.0000002,0.0000001
34073,0.0000833,0.0000002,0.0000001
34074,0.0000833,0.0000002,0.0000001
34075,0.0000833,0.0000002,0.0000001
34076,0.0000833,0.0000002,0.0000001
34077,0.0000833,0.0000002,0.0000001
34078,0.0000832,0.0000002,0.0000001
34079,0.0000832,0.0000002,0.0000001
34080,0.0000832,0.0000002,0.0000001
34081,0.0000832,0.0000002,0.0000001
34082,0.0000832,0.0000002,0.0000001
34083,0.0000832,0.0000002,0.0000001
34084,0.0000832,0.0000002,0.0000001
34085,0.0000831,0.0000002,0.0000001
34086,0.0000831,0.0000002,0.0000001
34087,0.0000831,0.0000002,0.0000001
34088,0.0000831,0.0000002,0.0000001
34089,0.0000831,0.0000002,0.0000001
34090,0.0000831,0.0000002,0.0000001
34091,0.0000831,0.0000002,0.0000001
34092,0.0000831,0.0000002,0.0000001
34093,0.0000830,0.0000002,0.0000001
34094,0.0000830,0.0000002,0.0000001
34095,0.0000830,0.0000002,0.0000001
34096,0.0000830,0.0000002,0.0000001
34097,0.0000830,0.0000002,0.0000001
34098,0.0000830,0.0000002,0.0000001
34099,0.0000830,0.0000002,0.0000001
34100,0.0000829,0.0000002,0.0000001
34101,0.0000829,0.0000002,0.0000001
34102,0.0000829,0.0000002,0.0000001
34103,0.0000829,0.0000002,0.0000001
34104,0.0000829,0.0000002,0.0000001
34105,0.0000829,0.0000002,0.0000001
34106,0.0000829,0.0000002,0.0000001
34107,0.0000828,0.0000002,0.0000001
34108,0.0000828,0.0000002,0.0000001
34109,0.0000828,0.0000002,0.0000001
34110,0.0000828,0.0000002,0.0000001
34111,0.0000828,0.0000002,0.0000001
34112,0.0000828,0.0000002,0.0000001
34113,0.0000828,0.0000002,0.0000001
34114,0.0000828,0.0000002,0.0000001
34115,0.0000827,0.0000002,0.0000001
34116,0.0000827,0.0000002,0.0000001
34117,0.0000827,0.0000002,0.0000001
34118,0.0000827,0.0000002,0.0000001
34119,0.0000827,0.0000002,0.0000001
34120,0.0000827,0.0000002,0.0000001
34121,0.0000827,0.0000002,0.0000001
34122,0.0000826,0.0000002,0.0000001
34123,0.0000826,0.0000002,0.0000001
34124,0.0000826,0.0000002,0.0000001
34125,0.0000826,0.0000002,0.0000001
34126,0.0000826,0.0000002,0.0000001
34127,0.0000826,0.0000002,0.0000001
34128,0.0000826,0.0000002,0.0000001
34129,0.0000826,0.0000002,0.0000001
34130,0.0000825,0.0000002,0.0000001
34131,0.0000825,0.0000002,0.0000001
34132,0.0000825,0.0000002,0.0000001
34133,0.0000825,0.0000002,0.0000001
34134,0.0000825,0.0000002,0.0000001
34135,0.0000825,0.0000002,0.0000001
34136,0.0000825,0.0000002,0.0000001
34137,0.0000824,0.0000002,0.0000001
34138,0.0000824,0.0000002,0.0000001
34139,0.0000824,0.0000002,0.0000001
34140,0.0000824,0.0000002,0.0000001
34141,0.0000824,0.0000002,0.0000001
34142,0.0000824,0.0000002,0.0000001
34143,0.0000824,0.0000002,0.0000001
34144,0.0000823,0.0000002,0.0000001
34145,0.0000823,0.0000002,0.0000001
34146,0.0000823,0.0000002,0.0000001
34147,0.0000823,0.0000002,0.0000001
34148,0.0000823,0.0000002,0.0000001
34149,0.0000823,0.0000002,0.0000001
34150,0.0000823,0.0000002,0.0000001
34151,0.0000823,0.0000002,0.0000001
34152,0.0000822,0.0000002,0.0000001
34153,0.0000822,0.0000002,0.0000001
34154,0.0000822,0.0000002,0.0000001
34155,0.0000822,0.0000002,0.0000001
34156,0.0000822,0.0000002,0.0000001
34157,0.0000822,0.0000002,0.0000001
34158,0.0000822,0.0000002,0.0000001
34159,0.0000821,0.0000002,0.0000001
34160,0.0000821,0.0000002,0.0000001
34161,0.0000821,0.0000002,0.0000001
34162,0.0000821,0.0000002,0.0000001
34163,0.0000821,0.0000002,0.0000001
34164,0.0000821,0.0000002,0.0000001
34165,0.0000821,0.0000002,0.0000001
34166,0.0000821,0.0000002,0.0000001
34167,0.0000820,0.0000002,0.0000001
34168,0.0000820,0.0000002,0.0000001
34169,0.0000820,0.0000002,0.0000001
34170,0.0000820,0.0000002,0.0000001
34171,0.0000820,0.0000002,0.0000001
34172,0.0000820,0.0000002,0.0000001
34173,0.0000820,0.0000002,0.0000001
34174,0.0000819,0.0000002,0.0000001
34175,0.0000819,0.0000002,0.0000001
34176,0.0000819,0.0000002,0.0000001
34177,0.0000819,0.0000002,0.0000001
34178,0.0000819,0.0000002,0.0000001
34179,0.0000819,0.0000002,0.0000001
34180,0.0000819,0.0000002,0.0000001
34181,0.0000819,0.0000002,0.0000001
34182,0.0000818,0.0000002,0.0000001
34183,0.0000818,0.0000002,0.0000001
34184,0.0000818,0.0000002,0.0000001
34185,0.0000818,0.0000002,0.0000001
34186,0.0000818,0.0000002,0.0000001
34187,0.0000818,0.0000002,0.0000001
34188,0.0000818,0.0000002,0.0000001
34189,0.0000817,0.0000002,0.0000001
34190,0.0000817,0.0000002,0.0000001
34191,0.0000817,0.0000002,0.0000001
34192,0.0000817,0.0000002,0.0000001
34193,0.0000817,0.0000002,0.0000001
34194,0.0000817,0.0000002,0.0000001
34195,0.0000817,0.0000002,0.0000001
34196,0.0000817,0.0000002,0.0000001
34197,0.0000816,0.0000002,0.0000001
34198,0.0000816,0.0000002,0.0000001
34199,0.0000816,0.0000002,0.0000001
34200,0.0000816,0.0000002,0.0000001
34201,0.0000816,0.0000002,0.0000001
34202,0.0000816,0.0000002,0.0000001
34203,0.0000816,0.0000002,0.0000001
34204,0.0000815,0.0000002,0.0000001
34205,0.0000815,0.0000002,0.0000001
34206,0.0000815,0.0000002,0.0000001
34207,0.0000815,0.0000002,0.0000001
34208,0.0000815,0.0000002,0.0000001
34209,0.0000815,0.0000002,0.0000001
34210,0.0000815,0.0000002,0.0000001
34211,0.0000815,0.0000002,0.0000001
34212,0.0000814,0.0000002,0.0000001
34213,0.0000814,0.0000002,0.0000001
34214,0.0000814,0.0000002,0.0000001
34215,0.0000814,0.0000002,0.0000001
34216,0.0000814,0.0000002,0.0000001
34217,0.0000814,0.0000002,0.0000001
34218,0.0000814,0.0000002,0.0000001
34219,0.0000813,0.0000002,0.0000001
34220,0.0000813,0.0000002,0.0000001
34221,0.0000813,0.0000002,0.0000001
34222,0.0000813,0.0000002,0.0000001
34223,0.0000813,0.0000002,0.0000001
34224,0.0000813,0.0000002,0.0000001
34225,0.0000813,0.0000002,0.0000001
34226,0.0000813,0.0000002,0.0000001
34227,0.0000812,0.0000002,0.0000001
34228,0.0000812,0.0000002,0.0000001
34229,0.0000812,0.0000002,0.0000001
34230,0.0000812,0.0000002,0.0000001
34231,0.0000812,0.0000002,0.0000001
34232,0.0000812,0.0000002,0.0000001
34233,0.0000812,0.0000002,0.0000001
34234,0.0000812,0.0000002,0.0000001
34235,0.0000811,0.0000002,0.0000001
34236,0.0000811,0.0000002,0.0000001
34237,0.0000811,0.0000002,0.0000001
34238,0.0000811,0.0000002,0.0000001
34239,0.0000811,0.0000002,0.0000001
34240,0.0000811,0.0000002,0.0000001
34241,0.0000811,0.0000002,0.0000001
34242,0.0000810,0.0000002,0.0000001
34243,0.0000810,0.0000002,0.0000001
34244,0.0000810,0.0000002,0.0000001
34245,0.0000810,0.0000002,0.0000001
34246,0.0000810,0.0000002,0.0000001
34247,0.0000810,0.0000002,0.0000001
34248,0.0000810,0.0000002,0.0000001
34249,0.0000810,0.0000002,0.0000001
34250,0.0000809,0.0000002,0.0000001
34251,0.0000809,0.0000002,0.0000001
34252,0.0000809,0.0000002,0.0000001
34253,0.0000809,0.0000002,0.0000001
34254,0.0000809,0.0000002,0.0000001
34255,0.0000809,0.0000002,0.0000001
34256,0.0000809,0.0000002,0.0000001
34257,0.0000808,0.0000002,0.0000001
34258,0.0000808,0.0000002,0.0000001
34259,0.0000808,0.0000002,0.0000001
34260,0.0000808,0.0000002,0.0000001
34261,0.0000808,0.0000002,0.0000001
34262,0.0000808,0.0000002,0.0000001
34263,0.0000808,0.0000002,0.0000001
34264,0.0000808,0.0000002,0.0000001
34265,0.0000807,0.0000002,0.0000001
34266,0.0000807,0.0000002,0.0000001
34267,0.0000807,0.0000002,0.0000001
34268,0.0000807,0.0000002,0.0000001
34269,0.0000807,0.0000002,0.0000001
34270,0.0000807,0.0000002,0.0000001
34271,0.0000807,0.0000002,0.0000001
34272,0.0000806,0.0000002,0.0000001
34273,0.0000806,0.0000002,0.0000001
34274,0.0000806,0.0000002,0.0000001
34275,0.0000806,0.0000002,0.0000001
34276,0.0000806,0.0000002,0.0000001
34277,0.0000806,0.0000002,0.0000001
34278,0.0000806,0.0000002,0.0000001
34279,0.0000806,0.0000002,0.0000001
34280,0.0000805,0.0000002,0.0000001
34281,0.0000805,0.0000002,0.0000001
34282,0.0000805,0.0000002,0.0000001
34283,0.0000805,0.0000002,0.0000001
34284,0.0000805,0.0000002,0.0000001
34285,0.0000805,0.0000002,0.0000001
34286,0.0000805,0.0000002,0.0000001
34287,0.0000805,0.0000002,0.0000001
34288,0.0000804,0.0000002,0.0000001
34289,0.0000804,0.0000002,0.0000001
34290,0.0000804,0.0000002,0.0000001
34291,0.0000804,0.0000002,0.0000001
34292,0.0000804,0.0000002,0.0000001
34293,0.0000804,0.0000002,0.0000001
34294,0.0000804,0.0000002,0.0000001
34295,0.0000803,0.0000002,0.0000001
34296,0.0000803,0.0000002,0.0000001
34297,0.0000803,0.0000002,0.0000001
34298,0.0000803,0.0000002,0.0000001
34299,0.0000803,0.0000002,0.0000001
34300,0.0000803,0.0000002,0.0000001
34301,0.0000803,0.0000002,0.0000001
34302,0.0000803,0.0000002,0.0000001
34303,0.0000802,0.0000002,0.0000001
34304,0.0000802,0.0000002,0.0000001
34305,0.0000802,0.0000002,0.0000001
34306,0.0000802,0.0000002,0.0000001
34307,0.0000802,0.0000002,0.0000001
34308,0.0000802,0.0000002,0.0000001
34309,0.0000802,0.0000002,0.0000001
34310,0.0000802,0.0000002,0.0000001
34311,0.0000801,0.0000002,0.0000001
34312,0.0000801,0.0000002,0.0000001
34313,0.0000801,0.0000002,0.0000001
34314,0.0000801,0.0000002,0.0000001
34315,0.0000801,0.0000002,0.0000001
34316,0.0000801,0.0000002,0.0000001
34317,0.0000801,0.0000002,0.0000001
34318,0.0000800,0.0000002,0.0000001
34319,0.0000800,0.0000002,0.0000001
34320,0.0000800,0.0000002,0.0000001
34321,0.0000800,0.0000002,0.0000001
34322,0.0000800,0.0000002,0.0000001
34323,0.0000800,0.0000002,0.0000001
34324,0.0000800,0.0000002,0.0000001
34325,0.0000800,0.0000002,0.0000001
34326,0.0000799,0.0000002,0.0000001
34327,0.0000799,0.0000002,0.0000001
34328,0.0000799,0.0000002,0.0000001
34329,0.0000799,0.0000002,0.0000001
34330,0.0000799,0.0000002,0.0000001
34331,0.0000799,0.0000002,0.0000001
34332,0.0000799,0.0000002,0.0000001
34333,0.0000799,0.0000002,0.0000001
34334,0.0000798,0.0000002,0.0000001
34335,0.0000798,0.0000002,0.0000001
34336,0.0000798,0.0000002,0.0000001
34337,0.0000798,0.0000002,0.0000001
34338,0.0000798,0.0000002,0.0000001
34339,0.0000798,0.0000002,0.0000001
34340,0.0000798,0.0000002,0.0000001
34341,0.0000797,0.0000002,0.0000001
34342,0.0000797,0.0000002,0.0000001
34343,0.0000797,0.0000002,0.0000001
34344,0.0000797,0.0000002,0.0000001
34345,0.0000797,0.0000002,0.0000001
34346,0.0000797,0.0000002,0.0000001
34347,0.0000797,0.0000002,0.0000001
34348,0.0000797,0.0000002,0.0000001
34349,0.0000796,0.0000002,0.0000001
34350,0.0000796,0.0000002,0.0000001
34351,0.0000796,0.0000002,0.0000001
34352,0.0000796,0.0000002,0.0000001
34353,0.0000796,0.0000002,0.0000001
34354,0.0000796,0.0000002,0.0000001
34355,0.0000796,0.0000002,0.0000001
34356,0.0000796,0.0000002,0.0000001
34357,0.0000795,0.0000002,0.0000001
34358,0.0000795,0.0000002,0.0000001
34359,0.0000795,0.0000002,0.0000001
34360,0.0000795,0.0000002,0.0000001
34361,0.0000795,0.0000002,0.0000001
34362,0.0000795,0.0000002,0.0000001
34363,0.0000795,0.0000002,0.0000001
34364,0.0000794,0.0000002,0.0000001
34365,0.0000794,0.0000002,0.0000001
34366,0.0000794,0.0000002,0.0000001
34367,0.0000794,0.0000002,0.0000001
34368,0.0000794,0.0000002,0.0000001
34369,0.0000794,0.0000002,0.0000001
34370,0.0000794,0.0000002,0.0000001
34371,0.0000794,0.0000002,0.0000001
34372,0.0000793,0.0000002,0.0000001
34373,0.0000793,0.0000002,0.0000001
34374,0.0000793,0.0000002,0.0000001
34375,0.0000793,0.0000002,0.0000001
34376,0.0000793,0.0000002,0.0000001
34377,0.0000793,0.0000002,0.0000001
34378,0.0000793,0.0000002,0.0000001
34379,0.0000793,0.0000002,0.0000001
34380,0.0000792,0.0000002,0.0000001
34381,0.0000792,0.0000002,0.0000001
34382,0.0000792,0.0000002,0.0000001
34383,0.0000792,0.0000002,0.0000001
34384,0.0000792,0.0000002,0.0000001
34385,0.0000792,0.0000002,0.0000001
34386,0.0000792,0.0000002,0.0000001
34387,0.0000792,0.0000002,0.0000001
34388,0.0000791,0.0000002,0.0000001
34389,0.0000791,0.0000002,0.0000001
34390,0.0000791,0.0000002,0.0000001
34391,0.0000791,0.0000002,0.0000001
34392,0.0000791,0.0000002,0.0000001
34393,0.0000791,0.0000002,0.0000001
34394,0.0000791,0.0000002,0.0000001
34395,0.0000790,0.0000002,0.0000001
34396,0.0000790,0.0000002,0.0000001
34397,0.0000790,0.0000002,0.0000001
34398,0.0000790,0.0000002,0.0000001
34399,0.0000790,0.0000002,0.0000001
34400,0.0000790,0.0000002,0.0000001
34401,0.0000790,0.0000002,0.0000001
34402,0.0000790,0.0000002,0.0000001
34403,0.0000789,0.0000002,0.0000001
34404,0.0000789,0.0000002,0.0000001
34405,0.0000789,0.0000002,0.0000001
34406,0.0000789,0.0000002,0.0000001
34407,0.0000789,0.0000002,0.0000001
34408,0.0000789,0.0000002,0.0000001
34409,0.0000789,0.0000002,0.0000001
34410,0.0000789,0.0000002,0.0000001
34411,0.0000788,0.0000002,0.0000001
34412,0.0000788,0.0000002,0.0000001
34413,0.0000788,0.0000002,0.0000001
34414,0.0000788,0.0000002,0.0000001
34415,0.0000788,0.0000002,0.0000001
34416,0.0000788,0.0000002,0.0000001
34417,0.0000788,0.0000002,0.0000001
34418,0.0000788,0.0000002,0.0000001
34419,0.0000787,0.0000002,0.0000001
34420,0.0000787,0.0000002,0.0000001
34421,0.0000787,0.0000002,0.0000001
34422,0.0000787,0.0000002,0.0000001
34423,0.0000787,0.0000002,0.0000001
34424,0.0000787,0.0000002,0.0000001
34425,0.0000787,0.0000002,0.0000001
34426,0.0000787,0.0000002,0.0000001
34427,0.0000786,0.0000002,0.0000001
34428,0.0000786,0.0000002,0.0000001
34429,0.0000786,0.0000002,0.0000001
34430,0.0000786,0.0000002,0.0000001
34431,0.0000786,0.0000002,0.0000001
34432,0.0000786,0.0000002,0.0000001
34433,0.0000786,0.0000002,0.0000001
34434,0.0000785,0.0000002,0.0000001
34435,0.0000785,0.0000002,0.0000001
34436,0.0000785,0.0000002,0.0000001
34437,0.0000785,0.0000002,0.0000001
34438,0.0000785,0.0000002,0.0000001
34439,0.0000785,0.0000002,0.0000001
34440,0.0000785,0.0000002,0.0000001
34441,0.0000785,0.0000002,0.0000001
34442,0.0000784,0.0000002,0.0000001
34443,0.0000784,0.0000002,0.0000001
34444,0.0000784,0.0000002,0.0000001
34445,0.0000784,0.0000002,0.0000001
34446,0.0000784,0.0000002,0.0000001
34447,0.0000784,0.0000002,0.0000001
34448,0.0000784,0.0000002,0.0000001
34449,0.0000784,0.0000002,0.0000001
34450,0.0000783,0.0000002,0.0000001
34451,0.0000783,0.0000002,0.0000001
34452,0.0000783,0.0000002,0.0000001
34453,0.0000783,0.0000002,0.0000001
34454,0.0000783,0.0000002,0.0000001
34455,0.0000783,0.0000002,0.0000001
34456,0.0000783,0.0000002,0.0000001
34457,0.0000783,0.0000002,0.0000001
34458,0.0000782,0.0000002,0.0000001
34459,0.0000782,0.0000002,0.0000001
34460,0.0000782,0.0000002,0.0000001
34461,0.0000782,0.0000002,0.0000001
34462,0.0000782,0.0000002,0.0000001
34463,0.0000782,0.0000002,0.0000001
34464,0.0000782,0.0000002,0.0000001
34465,0.0000782,0.0000002,0.0000001
34466,0.0000781,0.0000002,0.0000001
34467,0.0000781,0.0000002,0.0000001
34468,0.0000781,0.0000002,0.0000001
34469,0.0000781,0.0000002,0.0000001
34470,0.0000781,0.0000002,0.0000001
34471,0.0000781,0.0000002,0.0000001
34472,0.0000781,0.0000002,0.0000001
34473,0.0000781,0.0000002,0.0000001
34474,0.0000780,0.0000002,0.0000001
34475,0.0000780,0.0000002,0.0000001
34476,0.0000780,0.0000002,0.0000001
34477,0.0000780,0.0000002,0.0000001
34478,0.0000780,0.0000002,0.0000001
34479,0.0000780,0.0000002,0.0000001
34480,0.0000780,0.0000002,0.0000001
34481,0.0000780,0.0000002,0.0000001
34482,0.0000779,0.0000002,0.0000001
34483,0.0000779,0.0000002,0.0000001
34484,0.0000779,0.0000002,0.0000001
34485,0.0000779,0.0000002,0.0000001
34486,0.0000779,0.0000002,0.0000001
34487,0.0000779,0.0000002,0.0000001
34488,0.0000779,0.0000002,0.0000001
34489,0.0000778,0.0000002,0.0000001
34490,0.0000778,0.0000002,0.0000001
34491,0.0000778,0.0000002,0.0000001
34492,0.0000778,0.0000002,0.0000001
34493,0.0000778,0.0000002,0.0000001
34494,0.0000778,0.0000002,0.0000001
34495,0.0000778,0.0000002,0.0000001
34496,0.0000778,0.0000002,0.0000001
34497,0.0000777,0.0000002,0.0000001
34498,0.0000777,0.0000002,0.0000001
34499,0.0000777,0.0000002,0.0000001
34500,0.0000777,0.0000002,0.0000001
34501,0.0000777,0.0000002,0.0000001
34502,0.0000777,0.0000002,0.0000001
34503,0.0000777,0.0000002,0.0000001
34504,0.0000777,0.0000002,0.0000001
34505,0.0000776,0.0000002,0.0000001
34506,0.0000776,0.0000002,0.0000001
34507,0.0000776,0.0000002,0.0000001
34508,0.0000776,0.0000002,0.0000001
34509,0.0000776,0.0000002,0.0000001
34510,0.0000776,0.0000002,0.0000001
34511,0.0000776,0.0000002,0.0000001
34512,0.0000776,0.0000002,0.0000001
34513,0.0000775,0.0000002,0.0000001
34514,0.0000775,0.0000002,0.0000001
34515,0.0000775,0.0000002,0.0000001
34516,0.0000775,0.0000002,0.0000001
34517,0.0000775,0.0000002,0.0000001
34518,0.0000775,0.0000002,0.0000001
34519,0.0000775,0.0000002,0.0000001
34520,0.0000775,0.0000002,0.0000001
34521,0.0000774,0.0000002,0.0000001
34522,0.0000774,0.0000002,0.0000001
34523,0.0000774,0.0000002,0.0000001
34524,0.0000774,0.0000002,0.0000001
34525,0.0000774,0.0000002,0.0000001
34526,0.0000774,0.0000002,0.0000001
34527,0.0000774,0.0000002,0.0000001
34528,0.0000774,0.0000002,0.0000001
34529,0.0000773,0.0000002,0.0000001
34530,0.0000773,0.0000002,0.0000001
34531,0.0000773,0.0000002,0.0000001
34532,0.0000773,0.0000002,0.0000001
34533,0.0000773,0.0000002,0.0000001
34534,0.0000773,0.0000002,0.0000001
34535,0.0000773,0.0000002,0.0000001
34536,0.0000773,0.0000002,0.0000001
34537,0.0000772,0.0000002,0.0000001
34538,0.0000772,0.0000002,0.0000001
34539,0.0000772,0.0000002,0.0000001
34540,0.0000772,0.0000002,0.0000001
34541,0.0000772,0.0000002,0.0000001
34542,0.0000772,0.0000002,0.0000001
34543,0.0000772,0.0000002,0.0000001
34544,0.0000772,0.0000002,0.0000001
34545,0.0000771,0.0000002,0.0000001
34546,0.0000771,0.0000002,0.0000001
34547,0.0000771,0.0000002,0.0000001
34548,0.0000771,0.0000002,0.0000001
34549,0.0000771,0.0000002,0.0000001
34550,0.0000771,0.0000002,0.0000001
34551,0.0000771,0.0000002,0.0000001
34552,0.0000771,0.0000002,0.0000001
34553,0.0000770,0.0000002,0.0000001
34554,0.0000770,0.0000002,0.0000001
34555,0.0000770,0.0000002,0.0000001
34556,0.0000770,0.0000002,0.0000001
34557,0.0000770,0.0000002,0.0000001
34558,0.0000770,0.0000002,0.0000001
34559,0.0000770,0.0000002,0.0000001
34560,0.0000770,0.0000002,0.0000001
34561,0.0000769,0.0000002,0.0000001
34562,0.0000769,0.0000002,0.0000001
34563,0.0000769,0.0000002,0.0000001
34564,0.0000769,0.0000002,0.0000001
34565,0.0000769,0.0000002,0.0000001
34566,0.0000769,0.0000002,0.0000001
34567,0.0000769,0.0000002,0.0000001
34568,0.0000769,0.0000002,0.0000001
34569,0.0000768,0.0000002,0.0000001
34570,0.0000768,0.0000002,0.0000001
34571,0.0000768,0.0000002,0.0000001
34572,0.0000768,0.0000002,0.0000001
34573,0.0000768,0.0000002,0.0000001
34574,0.0000768,0.0000002,0.0000001
34575,0.0000768,0.0000002,0.0000001
34576,0.0000768,0.0000002,0.0000001
34577,0.0000767,0.0000002,0.0000001
34578,0.0000767,0.0000002,0.0000001
34579,0.0000767,0.0000002,0.0000001
34580,0.0000767,0.0000002,0.0000001
34581,0.0000767,0.0000002,0.0000001
34582,0.0000767,0.0000002,0.0000001
34583,0.0000767,0.0000002,0.0000001
34584,0.0000767,0.0000002,0.0000001
34585,0.0000766,0.0000002,0.0000001
34586,0.0000766,0.0000002,0.0000001
34587,0.0000766,0.0000002,0.0000001
34588,0.0000766,0.0000002,0.0000001
34589,0.0000766,0.0000002,0.0000001
34590,0.0000766,0.0000002,0.0000001
34591,0.0000766,0.0000002,0.0000001
34592,0.0000766,0.0000002,0.0000001
34593,0.0000765,0.0000002,0.0000001
34594,0.0000765,0.0000002,0.0000001
34595,0.0000765,0.0000002,0.0000001
34596,0.0000765,0.0000002,0.0000001
34597,0.0000765,0.0000002,0.0000001
34598,0.0000765,0.0000002,0.0000001
34599,0.0000765,0.0000002,0.0000001
34600,0.0000765,0.0000002,0.0000001
34601,0.0000764,0.0000002,0.0000001
34602,0.0000764,0.0000002,0.0000001
34603,0.0000764,0.0000002,0.0000001
34604,0.0000764,0.0000002,0.0000001
34605,0.0000764,0.0000002,0.0000001
34606,0.0000764,0.0000002,0.0000001
34607,0.0000764,0.0000002,0.0000001
34608,0.0000764,0.0000002,0.0000001
34609,0.0000763,0.0000002,0.0000001
34610,0.0000763,0.0000002,0.0000001
34611,0.0000763,0.0000002,0.0000001
34612,0.0000763,0.0000002,0.0000001
34613,0.0000763,0.0000002,0.0000001
34614,0.0000763,0.0000002,0.0000001
34615,0.0000763,0.0000002,0.0000001
34616,0.0000763,0.0000002,0.0000001
34617,0.0000762,0.0000002,0.0000001
34618,0.0000762,0.0000002,0.0000001
34619,0.0000762,0.0000002,0.0000001
34620,0.0000762,0.0000002,0.0000001
34621,0.0000762,0.0000002,0.0000001
34622,0.0000762,0.0000002,0.0000001
34623,0.0000762,0.0000002,0.0000001
34624,0.0000762,0.0000002,0.0000001
34625,0.0000761,0.0000002,0.0000001
34626,0.0000761,0.0000002,0.0000001
34627,0.0000761,0.0000002,0.0000001
34628,0.0000761,0.0000002,0.0000001
34629,0.0000761,0.0000002,0.0000001
34630,0.0000761,0.0000002,0.0000001
34631,0.0000761,0.0000002,0.0000001
34632,0.0000761,0.0000002,0.0000001
34633,0.0000760,0.0000002,0.0000001
34634,0.0000760,0.0000002,0.0000001
34635,0.0000760,0.0000002,0.0000001
34636,0.0000760,0.0000002,0.0000001
34637,0.0000760,0.0000002,0.0000001
34638,0.0000760,0.0000002,0.0000001
34639,0.0000760,0.0000002,0.0000001
34640,0.0000760,0.0000002,0.0000001
34641,0.0000759,0.0000002,0.0000001
34642,0.0000759,0.0000002,0.0000001
34643,0.0000759,0.0000002,0.0000001
34644,0.0000759,0.0000002,0.0000001
34645,0.0000759,0.0000002,0.0000001
34646,0.0000759,0.0000002,0.0000001
34647,0.0000759,0.0000002,0.0000001
34648,0.0000759,0.0000002,0.0000001
34649,0.0000759,0.0000002,0.0000001
34650,0.0000758,0.0000002,0.0000001
34651,0.0000758,0.0000002,0.0000001
34652,0.0000758,0.0000002,0.0000001
34653,0.0000758,0.0000002,0.0000001
34654,0.0000758,0.0000002,0.0000001
34655,0.0000758,0.0000002,0.0000001
34656,0.0000758,0.0000002,0.0000001
34657,0.0000758,0.0000002,0.0000001
34658,0.0000757,0.0000002,0.0000001
34659,0.0000757,0.0000002,0.0000001
34660,0.0000757,0.0000002,0.0000001
34661,0.0000757,0.0000002,0.0000001
34662,0.0000757,0.0000002,0.0000001
34663,0.0000757,0.0000002,0.0000001
34664,0.0000757,0.0000002,0.0000001
34665,0.0000757,0.0000002,0.0000001
34666,0.0000756,0.0000002,0.0000001
34667,0.0000756,0.0000002,0.0000001
34668,0.0000756,0.0000002,0.0000001
34669,0.0000756,0.0000002,0.0000001
34670,0.0000756,0.0000002,0.0000001
34671,0.0000756,0.0000002,0.0000001
34672,0.0000756,0.0000002,0.0000001
34673,0.0000756,0.0000002,0.0000001
34674,0.0000755,0.0000002,0.0000001
34675,0.0000755,0.0000002,0.0000001
34676,0.0000755,0.0000002,0.0000001
34677,0.0000755,0.0000002,0.0000001
34678,0.0000755,0.0000002,0.0000001
34679,0.0000755,0.0000002,0.0000001
34680,0.0000755,0.0000002,0.0000001
34681,0.0000755,0.0000002,0.0000001
34682,0.0000754,0.0000002,0.0000001
34683,0.0000754,0.0000002,0.0000001
34684,0.0000754,0.0000002,0.0000001
34685,0.0000754,0.0000002,0.0000001
34686,0.0000754,0.0000002,0.0000001
34687,0.0000754,0.0000002,0.0000001
34688,0.0000754,0.0000002,0.0000001
34689,0.0000754,0.0000002,0.0000001
34690,0.0000753,0.0000002,0.0000001
34691,0.0000753,0.0000002,0.0000001
34692,0.0000753,0.0000002,0.0000001
34693,0.0000753,0.0000002,0.0000001
34694,0.0000753,0.0000002,0.0000001
34695,0.0000753,0.0000002,0.0000001
34696,0.0000753,0.0000002,0.0000001
34697,0.0000753,0.0000002,0.0000001
34698,0.0000752,0.0000002,0.0000001
34699,0.0000752,0.0000002,0.0000001
34700,0.0000752,0.0000002,0.0000001
34701,0.0000752,0.0000002,0.0000001
34702,0.0000752,0.0000002,0.0000001
34703,0.0000752,0.0000002,0.0000001
34704,0.0000752,0.0000002,0.0000001
34705,0.0000752,0.0000002,0.0000001
34706,0.0000752,0.0000002,0.0000001
34707,0.0000751,0.0000002,0.0000001
34708,0.0000751,0.0000002,0.0000001
34709,0.0000751,0.0000002,0.0000001
34710,0.0000751,0.0000002,0.0000001
34711,0.0000751,0.0000002,0.0000001
34712,0.0000751,0.0000002,0.0000001
34713,0.0000751,0.0000002,0.0000001
34714,0.0000751,0.0000002,0.0000001
34715,0.0000750,0.0000002,0.0000001
34716,0.0000750,0.0000002,0.0000001
34717,0.0000750,0.0000002,0.0000001
34718,0.0000750,0.0000002,0.0000001
34719,0.0000750,0.0000002,0.0000001
34720,0.0000750,0.0000002,0.0000001
34721,0.0000750,0.0000002,0.0000001
34722,0.0000750,0.0000002,0.0000001
34723,0.0000749,0.0000002,0.0000001
34724,0.0000749,0.0000002,0.0000001
34725,0.0000749,0.0000002,0.0000001
34726,0.0000749,0.0000002,0.0000001
34727,0.0000749,0.0000002,0.0000001
34728,0.0000749,0.0000002,0.0000001
34729,0.0000749,0.0000002,0.0000001
34730,0.0000749,0.0000002,0.0000001
34731,0.0000748,0.0000002,0.0000001
34732,0.0000748,0.0000002,0.0000001
34733,0.0000748,0.0000002,0.0000001
34734,0.0000748,0.0000002,0.0000001
34735,0.0000748,0.0000002,0.0000001
34736,0.0000748,0.0000002,0.0000001
34737,0.0000748,0.0000002,0.0000001
34738,0.0000748,0.0000002,0.0000001
34739,0.0000747,0.0000002,0.0000001
34740,0.0000747,0.0000002,0.0000001
34741,0.0000747,0.0000002,0.0000001
34742,0.0000747,0.0000002,0.0000001
34743,0.0000747,0.0000002,0.0000001
34744,0.0000747,0.0000002,0.0000001
34745,0.0000747,0.0000002,0.0000001
34746,0.0000747,0.0000002,0.0000001
34747,0.0000747,0.0000002,0.0000001
34748,0.0000746,0.0000002,0.0000001
34749,0.0000746,0.0000002,0.0000001
34750,0.0000746,0.0000002,0.0000001
34751,0.0000746,0.0000002,0.0000001
34752,0.0000746,0.0000002,0.0000001
34753,0.0000746,0.0000002,0.0000001
34754,0.0000746,0.0000002,0.0000001
34755,0.0000746,0.0000002,0.0000001
34756,0.0000745,0.0000002,0.0000001
34757,0.0000745,0.0000002,0.0000001
34758,0.0000745,0.0000002,0.0000001
34759,0.0000745,0.0000002,0.0000001
34760,0.0000745,0.0000002,0.0000001
34761,0.0000745,0.0000002,0.0000001
34762,0.0000745,0.0000002,0.0000001
34763,0.0000745,0.0000002,0.0000001
34764,0.0000744,0.0000002,0.0000001
34765,0.0000744,0.0000002,0.0000001
34766,0.0000744,0.0000002,0.0000001
34767,0.0000744,0.0000002,0.0000001
34768,0.0000744,0.0000002,0.0000001
34769,0.0000744,0.0000002,0.0000001
34770,0.0000744,0.0000002,0.0000001
34771,0.0000744,0.0000002,0.0000001
34772,0.0000743,0.0000002,0.0000001
34773,0.0000743,0.0000002,0.0000001
34774,0.0000743,0.0000002,0.0000001
34775,0.0000743,0.0000002,0.0000001
34776,0.0000743,0.0000002,0.0000001
34777,0.0000743,0.0000002,0.0000001
34778,0.0000743,0.0000002,0.0000001
34779,0.0000743,0.0000002,0.0000001
34780,0.0000743,0.0000002,0.0000001
34781,0.0000742,0.0000002,0.0000001
34782,0.0000742,0.0000002,0.0000001
34783,0.0000742,0.0000002,0.0000001
34784,0.0000742,0.0000002,0.0000001
34785,0.0000742,0.0000002,0.0000001
34786,0.0000742,0.0000002,0.0000001
34787,0.0000742,0.0000002,0.0000001
34788,0.0000742,0.0000002,0.0000001
34789,0.0000741,0.0000002,0.0000001
34790,0.0000741,0.0000002,0.0000001
34791,0.0000741,0.0000002,0.0000001
34792,0.0000741,0.0000002,0.0000001
34793,0.0000741,0.0000002,0.0000001
34794,0.0000741,0.0000002,0.0000001
34795,0.0000741,0.0000002,0.0000001
34796,0.0000741,0.0000002,0.0000001
34797,0.0000740,0.0000002,0.0000001
34798,0.0000740,0.0000002,0.0000001
34799,0.0000740,0.0000002,0.0000001
34800,0.0000740,0.0000002,0.0000001
34801,0.0000740,0.0000002,0.0000001
34802,0.0000740,0.0000002,0.0000001
34803,0.0000740,0.0000002,0.0000001
34804,0.0000740,0.0000002,0.0000001
34805,0.0000740,0.0000002,0.0000001
34806,0.0000739,0.0000002,0.0000001
34807,0.0000739,0.0000002,0.0000001
34808,0.0000739,0.0000002,0.0000001
34809,0.0000739,0.0000002,0.0000001
34810,0.0000739,0.0000002,0.0000001
34811,0.0000739,0.0000002,0.0000001
34812,0.0000739,0.0000002,0.0000001
34813,0.0000739,0.0000002,0.0000001
34814,0.0000738,0.0000002,0.0000001
34815,0.0000738,0.0000002,0.0000001
34816,0.0000738,0.0000002,0.0000001
34817,0.0000738,0.0000002,0.0000001
34818,0.0000738,0.0000002,0.0000001
34819,0.0000738,0.0000002,0.0000001
34820,0.0000738,0.0000002,0.0000001
34821,0.0000738,0.0000002,0.0000001
34822,0.0000737,0.0000002,0.0000001
34823,0.0000737,0.0000002,0.0000001
34824,0.0000737,0.0000002,0.0000001
34825,0.0000737,0.0000002,0.0000001
34826,0.0000737,0.0000002,0.0000001
34827,0.0000737,0.0000002,0.0000001
34828,0.0000737,0.0000002,0.0000001
34829,0.0000737,0.0000002,0.0000001
34830,0.0000737,0.0000002,0.0000001
34831,0.0000736,0.0000002,0.0000001
34832,0.0000736,0.0000002,0.0000001
34833,0.0000736,0.0000002,0.0000001
34834,0.0000736,0.0000002,0.0000001
34835,0.0000736,0.0000002,0.0000001
34836,0.0000736,0.0000002,0.0000001
34837,0.0000736,0.0000002,0.0000001
34838,0.0000736,0.0000002,0.0000001
34839,0.0000735,0.0000002,0.0000001
34840,0.0000735,0.0000002,0.0000001
34841,0.0000735,0.0000002,0.0000001
34842,0.0000735,0.0000002,0.0000001
34843,0.0000735,0.0000002,0.0000001
34844,0.0000735,0.0000002,0.0000001
34845,0.0000735,0.0000002,0.0000001
34846,0.0000735,0.0000002,0.0000001
34847,0.0000734,0.0000002,0.0000001
34848,0.0000734,0.0000002,0.0000001
34849,0.0000734,0.0000002,0.0000001
34850,0.0000734,0.0000002,0.0000001
34851,0.0000734,0.0000002,0.0000001
34852,0.0000734,0.0000002,0.0000001
34853,0.0000734,0.0000002,0.0000001
34854,0.0000734,0.0000002,0.0000001
34855,0.0000734,0.0000002,0.0000001
34856,0.0000733,0.0000002,0.0000001
34857,0.0000733,0.0000002,0.0000001
34858,0.0000733,0.0000002,0.0000001
34859,0.0000733,0.0000002,0.0000001
34860,0.0000733,0.0000002,0.0000001
34861,0.0000733,0.0000002,0.0000001
34862,0.0000733,0.0000002,0.0000001
34863,0.0000733,0.0000002,0.0000001
34864,0.0000732,0.0000002,0.0000001
34865,0.0000732,0.0000002,0.0000001
34866,0.0000732,0.0000002,0.0000001
34867,0.0000732,0.0000002,0.0000001
34868,0.0000732,0.0000002,0.0000001
34869,0.0000732,0.0000002,0.0000001
34870,0.0000732,0.0000002,0.0000001
34871,0.0000732,0.0000002,0.0000001
34872,0.0000732,0.0000002,0.0000001
34873,0.0000731,0.0000002,0.0000001
34874,0.0000731,0.0000002,0.0000001
34875,0.0000731,0.0000002,0.0000001
34876,0.0000731,0.0000002,0.0000001
34877,0.0000731,0.0000002,0.0000001
34878,0.0000731,0.0000002,0.0000001
34879,0.0000731,0.0000002,0.0000001
34880,0.0000731,0.0000002,0.0000001
34881,0.0000730,0.0000002,0.0000001
34882,0.0000730,0.0000002,0.0000001
34883,0.0000730,0.0000002,0.0000001
34884,0.0000730,0.0000002,0.0000001
34885,0.0000730,0.0000002,0.0000001
34886,0.0000730,0.0000002,0.0000001
34887,0.0000730,0.0000002,0.0000001
34888,0.0000730,0.0000002,0.0000001
34889,0.0000729,0.0000002,0.0000001
34890,0.0000729,0.0000002,0.0000001
34891,0.0000729,0.0000002,0.0000001
34892,0.0000729,0.0000002,0.0000001
34893,0.0000729,0.0000002,0.0000001
34894,0.0000729,0.0000002,0.0000001
34895,0.0000729,0.0000002,0.0000001
34896,0.0000729,0.0000002,0.0000001
34897,0.0000729,0.0000002,0.0000001
34898,0.0000728,0.0000002,0.0000001
34899,0.0000728,0.0000002,0.0000001
34900,0.0000728,0.0000002,0.0000001
34901,0.0000728,0.0000002,0.0000001
34902,0.0000728,0.0000002,0.0000001
34903,0.0000728,0.0000002,0.0000001
34904,0.0000728,0.0000002,0.0000001
34905,0.0000728,0.0000002,0.0000001
34906,0.0000727,0.0000002,0.0000001
34907,0.0000727,0.0000002,0.0000001
34908,0.0000727,0.0000002,0.0000001
34909,0.0000727,0.0000002,0.0000001
34910,0.0000727,0.0000002,0.0000001
34911,0.0000727,0.0000002,0.0000001
34912,0.0000727,0.0000002,0.0000001
34913,0.0000727,0.0000002,0.0000001
34914,0.0000727,0.0000002,0.0000001
34915,0.0000726,0.0000002,0.0000001
34916,0.0000726,0.0000002,0.0000001
34917,0.0000726,0.0000002,0.0000001
34918,0.0000726,0.0000002,0.0000001
34919,0.0000726,0.0000002,0.0000001
34920,0.0000726,0.0000002,0.0000001
34921,0.0000726,0.0000002,0.0000001
34922,0.0000726,0.0000002,0.0000001
34923,0.0000725,0.0000002,0.0000001
34924,0.0000725,0.0000002,0.0000001
34925,0.0000725,0.0000002,0.0000001
34926,0.0000725,0.0000002,0.0000001
34927,0.0000725,0.0000002,0.0000001
34928,0.0000725,0.0000002,0.0000001
34929,0.0000725,0.0000002,0.0000001
34930,0.0000725,0.0000002,0.0000001
34931,0.0000725,0.0000002,0.0000001
34932,0.0000724,0.0000002,0.0000001
34933,0.0000724,0.0000002,0.0000001
34934,0.0000724,0.0000002,0.0000001
34935,0.0000724,0.0000002,0.0000001
34936,0.0000724,0.0000002,0.0000001
34937,0.0000724,0.0000002,0.0000001
34938,0.0000724,0.0000002,0.0000001
34939,0.0000724,0.0000002,0.0000001
34940,0.0000723,0.0000002,0.0000001
34941,0.0000723,0.0000002,0.0000001
34942,0.0000723,0.0000002,0.0000001
34943,0.0000723,0.0000002,0.0000001
34944,0.0000723,0.0000002,0.0000001
34945,0.0000723,0.0000002,0.0000001
34946,0.0000723,0.0000002,0.0000001
34947,0.0000723,0.0000002,0.0000001
34948,0.0000723,0.0000002,0.0000001
34949,0.0000722,0.0000002,0.0000001
34950,0.0000722,0.0000002,0.0000001
34951,0.0000722,0.0000002,0.0000001
34952,0.0000722,0.0000002,0.0000001
34953,0.0000722,0.0000002,0.0000001
34954,0.0000722,0.0000002,0.0000001
34955,0.0000722,0.0000002,0.0000001
34956,0.0000722,0.0000002,0.0000001
34957,0.0000721,0.0000002,0.0000001
34958,0.0000721,0.0000002,0.0000001
34959,0.0000721,0.0000002,0.0000001
34960,0.0000721,0.0000002,0.0000001
34961,0.0000721,0.0000002,0.0000001
34962,0.0000721,0.0000002,0.0000001
34963,0.0000721,0.0000002,0.0000001
34964,0.0000721,0.0000002,0.0000001
34965,0.0000721,0.0000002,0.0000001
34966,0.0000720,0.0000002,0.0000001
34967,0.0000720,0.0000002,0.0000001
34968,0.0000720,0.0000002,0.0000001
34969,0.0000720,0.0000002,0.0000001
34970,0.0000720,0.0000002,0.0000001
34971,0.0000720,0.0000002,0.0000001
34972,0.0000720,0.0000002,0.0000001
34973,0.0000720,0.0000002,0.0000001
34974,0.0000720,0.0000002,0.0000001
34975,0.0000719,0.0000002,0.0000001
34976,0.0000719,0.0000002,0.0000001
34977,0.0000719,0.0000002,0.0000001
34978,0.0000719,0.0000002,0.0000001
34979,0.0000719,0.0000002,0.0000001
34980,0.0000719,0.0000002,0.0000001
34981,0.0000719,0.0000002,0.0000001
34982,0.0000719,0.0000002,0.0000001
34983,0.0000718,0.0000002,0.0000001
34984,0.0000718,0.0000002,0.0000001
34985,0.0000718,0.0000002,0.0000001
34986,0.0000718,0.0000002,0.0000001
34987,0.0000718,0.0000002,0.0000001
34988,0.0000718,0.0000002,0.0000001
34989,0.0000718,0.0000002,0.0000001
34990,0.0000718,0.0000002,0.0000001
34991,0.0000718,0.0000002,0.0000001
34992,0.0000717,0.0000002,0.0000001
34993,0.0000717,0.0000002,0.0000001
34994,0.0000717,0.0000002,0.0000001
34995,0.0000717,0.0000002,0.0000001
34996,0.0000717,0.0000002,0.0000001
34997,0.0000717,0.0000002,0.0000001
34998,0.0000717,0.0000002,0.0000001
34999,0.0000717,0.0000002,0.0000001
35000,0.0000716,0.0000002,0.0000001
35001,0.0000716,0.0000002,0.0000001
35002,0.0000716,0.0000002,0.0000001
35003,0.0000716,0.0000002,0.0000001
35004,0.0000716,0.0000002,0.0000001
35005,0.0000716,0.0000002,0.0000001
35006,0.0000716,0.0000002,0.0000001
35007,0.0000716,0.0000002,0.0000001
35008,0.0000716,0.0000002,0.0000001
35009,0.0000715,0.0000002,0.0000001
35010,0.0000715,0.0000002,0.0000001
35011,0.0000715,0.0000002,0.0000001
35012,0.0000715,0.0000002,0.0000001
35013,0.0000715,0.0000002,0.0000001
35014,0.0000715,0.0000002,0.0000001
35015,0.0000715,0.0000002,0.0000001
35016,0.0000715,0.0000002,0.0000001
35017,0.0000715,0.0000002,0.0000001
35018,0.0000714,0.0000002,0.0000001
35019,0.0000714,0.0000002,0.0000001
35020,0.0000714,0.0000002,0.0000001
35021,0.0000714,0.0000002,0.0000001
35022,0.0000714,0.0000002,0.0000001
35023,0.0000714,0.0000002,0.0000001
35024,0.0000714,0.0000002,0.0000001
35025,0.0000714,0.0000002,0.0000001
35026,0.0000713,0.0000002,0.0000001
35027,0.0000713,0.0000002,0.0000001
35028,0.0000713,0.0000002,0.0000001
35029,0.0000713,0.0000002,0.0000001
35030,0.0000713,0.0000002,0.0000001
35031,0.0000713,0.0000002,0.0000001
35032,0.0000713,0.0000002,0.0000001
35033,0.0000713,0.0000002,0.0000001
35034,0.0000713,0.0000002,0.0000001
35035,0.0000712,0.0000002,0.0000001
35036,0.0000712,0.0000002,0.0000001
35037,0.0000712,0.0000002,0.0000001
35038,0.0000712,0.0000002,0.0000001
35039,0.0000712,0.0000002,0.0000001
35040,0.0000712,0.0000002,0.0000001
35041,0.0000712,0.0000002,0.0000001
35042,0.0000712,0.0000002,0.0000001
35043,0.0000711,0.0000002,0.0000001
35044,0.0000711,0.0000002,0.0000001
35045,0.0000711,0.0000002,0.0000001
35046,0.0000711,0.0000002,0.0000001
35047,0.0000711,0.0000002,0.0000001
35048,0.0000711,0.0000002,0.0000001
35049,0.0000711,0.0000002,0.0000001
35050,0.0000711,0.0000002,0.0000001
35051,0.0000711,0.0000002,0.0000001
35052,0.0000710,0.0000002,0.0000001
35053,0.0000710,0.0000002,0.0000001
35054,0.0000710,0.0000002,0.0000001
35055,0.0000710,0.0000002,0.0000001
35056,0.0000710,0.0000002,0.0000001
35057,0.0000710,0.0000002,0.0000001
35058,0.0000710,0.0000002,0.0000001
35059,0.0000710,0.0000002,0.0000001
35060,0.0000710,0.0000002,0.0000001
35061,0.0000709,0.0000002,0.0000001
35062,0.0000709,0.0000002,0.0000001
35063,0.0000709,0.0000002,0.0000001
35064,0.0000709,0.0000002,0.0000001
35065,0.0000709,0.0000002,0.0000001
35066,0.0000709,0.0000002,0.0000001
35067,0.0000709,0.0000002,0.0000001
35068,0.0000709,0.0000002,0.0000001
35069,0.0000708,0.0000002,0.0000001
35070,0.0000708,0.0000002,0.0000001
35071,0.0000708,0.0000002,0.0000001
35072,0.0000708,0.0000002,0.0000001
35073,0.0000708,0.0000002,0.0000001
35074,0.0000708,0.0000002,0.0000001
35075,0.0000708,0.0000002,0.0000001
35076,0.0000708,0.0000002,0.0000001
35077,0.0000708,0.0000002,0.0000001
35078,0.0000707,0.0000002,0.0000001
35079,0.0000707,0.0000002,0.0000001
35080,0.0000707,0.0000002,0.0000001
35081,0.0000707,0.0000002,0.0000001
35082,0.0000707,0.0000002,0.0000001
35083,0.0000707,0.0000002,0.0000001
35084,0.0000707,0.0000002,0.0000001
35085,0.0000707,0.0000002,0.0000001
35086,0.0000707,0.0000002,0.0000001
35087,0.0000706,0.0000002,0.0000001
35088,0.0000706,0.0000002,0.0000001
35089,0.0000706,0.0000002,0.0000001
35090,0.0000706,0.0000002,0.0000001
35091,0.0000706,0.0000002,0.0000001
35092,0.0000706,0.0000002,0.0000001
35093,0.0000706,0.0000002,0.0000001
35094,0.0000706,0.0000002,0.0000001
35095,0.0000706,0.0000002,0.0000001
35096,0.0000705,0.0000002,0.0000001
35097,0.0000705,0.0000002,0.0000001
35098,0.0000705,0.0000002,0.0000001
35099,0.0000705,0.0000002,0.0000001
35100,0.0000705,0.0000002,0.0000001
35101,0.0000705,0.0000002,0.0000001
35102,0.0000705,0.0000002,0.0000001
35103,0.0000705,0.0000002,0.0000001
35104,0.0000704,0.0000002,0.0000001
35105,0.0000704,0.0000002,0.0000001
35106,0.0000704,0.0000002,0.0000001
35107,0.0000704,0.0000002,0.0000001
35108,0.0000704,0.0000002,0.0000001
35109,0.0000704,0.0000002,0.0000001
35110,0.0000704,0.0000002,0.0000001
35111,0.0000704,0.0000002,0.0000001
35112,0.0000704,0.0000002,0.0000001
35113,0.0000703,0.0000002,0.0000001
35114,0.0000703,0.0000002,0.0000001
35115,0.0000703,0.0000002,0.0000001
35116,0.0000703,0.0000002,0.0000001
35117,0.0000703,0.0000002,0.0000001
35118,0.0000703,0.0000002,0.0000001
35119,0.0000703,0.0000002,0.0000001
35120,0.0000703,0.0000002,0.0000001
35121,0.0000703,0.0000002,0.0000001
35122,0.0000702,0.0000002,0.0000001
35123,0.0000702,0.0000002,0.0000001
35124,0.0000702,0.0000002,0.0000001
35125,0.0000702,0.0000002,0.0000001
35126,0.0000702,0.0000002,0.0000001
35127,0.0000702,0.0000002,0.0000001
35128,0.0000702,0.0000002,0.0000001
35129,0.0000702,0.0000002,0.0000001
35130,0.0000702,0.0000002,0.0000001
35131,0.0000701,0.0000002,0.0000001
35132,0.0000701,0.0000002,0.0000001
35133,0.0000701,0.0000002,0.0000001
35134,0.0000701,0.0000002,0.0000001
35135,0.0000701,0.0000002,0.0000001
35136,0.0000701,0.0000002,0.0000001
35137,0.0000701,0.0000002,0.0000001
35138,0.0000701,0.0000002,0.0000001
35139,0.0000701,0.0000002,0.0000001
35140,0.0000700,0.0000002,0.0000001
35141,0.0000700,0.0000002,0.0000001
35142,0.0000700,0.0000002,0.0000001
35143,0.0000700,0.0000002,0.0000001
35144,0.0000700,0.0000002,0.0000001
35145,0.0000700,0.0000002,0.0000001
35146,0.0000700,0.0000002,0.0000001
35147,0.0000700,0.0000002,0.0000001
35148,0.0000699,0.0000002,0.0000001
35149,0.0000699,0.0000002,0.0000001
35150,0.0000699,0.0000002,0.0000001
35151,0.0000699,0.0000002,0.0000001
35152,0.0000699,0.0000002,0.0000001
35153,0.0000699,0.0000002,0.0000001
35154,0.0000699,0.0000002,0.0000001
35155,0.0000699,0.0000002,0.0000001
35156,0.0000699,0.0000002,0.0000001
35157,0.0000698,0.0000002,0.0000001
35158,0.0000698,0.0000002,0.0000001
35159,0.0000698,0.0000002,0.0000001
35160,0.0000698,0.0000002,0.0000001
35161,0.0000698,0.0000002,0.0000001
35162,0.0000698,0.0000002,0.0000001
35163,0.0000698,0.0000002,0.0000001
35164,0.0000698,0.0000002,0.0000001
35165,0.0000698,0.0000002,0.0000001
35166,0.0000697,0.0000002,0.0000001
35167,0.0000697,0.0000002,0.0000001
35168,0.0000697,0.0000002,0.0000001
35169,0.0000697,0.0000002,0.0000001
35170,0.0000697,0.0000002,0.0000001
35171,0.0000697,0.0000002,0.0000001
35172,0.0000697,0.0000002,0.0000001
35173,0.0000697,0.0000002,0.0000001
35174,0.0000697,0.0000002,0.0000001
35175,0.0000696,0.0000002,0.0000001
35176,0.0000696,0.0000001,0.0000001
35177,0.0000696,0.0000001,0.0000001
35178,0.0000696,0.0000001,0.0000001
35179,0.0000696,0.0000001,0.0000001
35180,0.0000696,0.0000001,0.0000001
35181,0.0000696,0.0000001,0.0000001
35182,0.0000696,0.0000001,0.0000001
35183,0.0000696,0.0000001,0.0000001
35184,0.0000695,0.0000001,0.0000001
35185,0.0000695,0.0000001,0.0000001
35186,0.0000695,0.0000001,0.0000001
35187,0.0000695,0.0000001,0.0000001
35188,0.0000695,0.0000001,0.0000001
35189,0.0000695,0.0000001,0.0000001
35190,0.0000695,0.0000001,0.0000001
35191,0.0000695,0.0000001,0.0000001
35192,0.0000695,0.0000001,0.0000001
35193,0.0000694,0.0000001,0.0000001
35194,0.0000694,0.0000001,0.0000001
35195,0.0000694,0.0000001,0.0000001
35196,0.0000694,0.0000001,0.0000001
35197,0.0000694,0.0000001,0.0000001
35198,0.0000694,0.0000001,0.0000001
35199,0.0000694,0.0000001,0.0000001
35200,0.0000694,0.0000001,0.0000001
35201,0.0000693,0.0000001,0.0000001
35202,0.0000693,0.0000001,0.0000001
35203,0.0000693,0.0000001,0.0000001
35204,0.0000693,0.0000001,0.0000001
35205,0.0000693,0.0000001,0.0000001
35206,0.0000693,0.0000001,0.0000001
35207,0.0000693,0.0000001,0.0000001
35208,0.0000693,0.0000001,0.0000001
35209,0.0000693,0.0000001,0.0000001
35210,0.0000692,0.0000001,0.0000001
35211,0.0000692,0.0000001,0.0000001
35212,0.0000692,0.0000001,0.0000001
35213,0.0000692,0.0000001,0.0000001
35214,0.0000692,0.0000001,0.0000001
35215,0.0000692,0.0000001,0.0000001
35216,0.0000692,0.0000001,0.0000001
35217,0.0000692,0.0000001,0.0000001
35218,0.0000692,0.0000001,0.0000001
35219,0.0000691,0.0000001,0.0000001
35220,0.0000691,0.0000001,0.0000001
35221,0.0000691,0.0000001,0.0000001
35222,0.0000691,0.0000001,0.0000001
35223,0.0000691,0.0000001,0.0000001
35224,0.0000691,0.0000001,0.0000001
35225,0.0000691,0.0000001,0.0000001
35226,0.0000691,0.0000001,0.0000001
35227,0.0000691,0.0000001,0.0000001
35228,0.0000690,0.0000001,0.0000001
35229,0.0000690,0.0000001,0.0000001
35230,0.0000690,0.0000001,0.0000001
35231,0.0000690,0.0000001,0.0000001
35232,0.0000690,0.0000001,0.0000001
35233,0.0000690,0.0000001,0.0000001
35234,0.0000690,0.0000001,0.0000001
35235,0.0000690,0.0000001,0.0000001
35236,0.0000690,0.0000001,0.0000001
35237,0.0000689,0.0000001,0.0000001
35238,0.0000689,0.0000001,0.0000001
35239,0.0000689,0.0000001,0.0000001
35240,0.0000689,0.0000001,0.0000001
35241,0.0000689,0.0000001,0.0000001
35242,0.0000689,0.0000001,0.0000001
35243,0.0000689,0.0000001,0.0000001
35244,0.0000689,0.0000001,0.0000001
35245,0.0000689,0.0000001,0.0000001
35246,0.0000688,0.0000001,0.0000001
35247,0.0000688,0.0000001,0.0000001
35248,0.0000688,0.0000001,0.0000001
35249,0.0000688,0.0000001,0.0000001
35250,0.0000688,0.0000001,0.0000001
35251,0.0000688,0.0000001,0.0000001
35252,0.0000688,0.0000001,0.0000001
35253,0.0000688,0.0000001,0.0000001
35254,0.0000688,0.0000001,0.0000001
35255,0.0000687,0.0000001,0.0000001
35256,0.0000687,0.0000001,0.0000001
35257,0.0000687,0.0000001,0.0000001
35258,0.0000687,0.0000001,0.0000001
35259,0.0000687,0.0000001,0.0000001
35260,0.0000687,0.0000001,0.0000001
35261,0.0000687,0.0000001,0.0000001
35262,0.0000687,0.0000001,0.0000001
35263,0.0000687,0.0000001,0.0000001
35264,0.0000686,0.0000001,0.0000001
35265,0.0000686,0.0000001,0.0000001
35266,0.0000686,0.0000001,0.0000001
35267,0.0000686,0.0000001,0.0000001
35268,0.0000686,0.0000001,0.0000001
35269,0.0000686,0.0000001,0.0000001
35270,0.0000686,0.0000001,0.0000001
35271,0.0000686,0.0000001,0.0000001
35272,0.0000686,0.0000001,0.0000001
35273,0.0000685,0.0000001,0.0000001
35274,0.0000685,0.0000001,0.0000001
35275,0.0000685,0.0000001,0.0000001
35276,0.0000685,0.0000001,0.0000001
35277,0.0000685,0.0000001,0.0000001
35278,0.0000685,0.0000001,0.0000001
35279,0.0000685,0.0000001,0.0000001
35280,0.0000685,0.0000001,0.0000001
35281,0.0000685,0.0000001,0.0000001
35282,0.0000684,0.0000001,0.0000001
35283,0.0000684,0.0000001,0.0000001
35284,0.0000684,0.0000001,0.0000001
35285,0.0000684,0.0000001,0.0000001
35286,0.0000684,0.0000001,0.0000001
35287,0.0000684,0.0000001,0.0000001
35288,0.0000684,0.0000001,0.0000001
35289,0.0000684,0.0000001,0.0000001
35290,0.0000684,0.0000001,0.0000001
35291,0.0000683,0.0000001,0.0000001
35292,0.0000683,0.0000001,0.0000001
35293,0.0000683,0.0000001,0.0000001
35294,0.0000683,0.0000001,0.0000001
35295,0.0000683,0.0000001,0.0000001
35296,0.0000683,0.0000001,0.0000001
35297,0.0000683,0.0000001,0.0000001
35298,0.0000683,0.0000001,0.0000001
35299,0.0000683,0.0000001,0.0000001
35300,0.0000682,0.0000001,0.0000001
35301,0.0000682,0.0000001,0.0000001
35302,0.0000682,0.0000001,0.0000001
35303,0.0000682,0.0000001,0.0000001
35304,0.0000682,0.0000001,0.0000001
35305,0.0000682,0.0000001,0.0000001
35306,0.0000682,0.0000001,0.0000001
35307,0.0000682,0.0000001,0.0000001
35308,0.0000682,0.0000001,0.0000001
35309,0.0000681,0.0000001,0.0000001
35310,0.0000681,0.0000001,0.0000001
35311,0.0000681,0.0000001,0.0000001
35312,0.0000681,0.0000001,0.0000001
35313,0.0000681,0.0000001,0.0000001
35314,0.0000681,0.0000001,0.0000001
35315,0.0000681,0.0000001,0.0000001
35316,0.0000681,0.0000001,0.0000001
35317,0.0000681,0.0000001,0.0000001
35318,0.0000680,0.0000001,0.0000001
35319,0.0000680,0.0000001,0.0000001
35320,0.0000680,0.0000001,0.0000001
35321,0.0000680,0.0000001,0.0000001
35322,0.0000680,0.0000001,0.0000001
35323,0.0000680,0.0000001,0.0000001
35324,0.0000680,0.0000001,0.0000001
35325,0.0000680,0.0000001,0.0000001
35326,0.0000680,0.0000001,0.0000001
35327,0.0000679,0.0000001,0.0000001
35328,0.0000679,0.0000001,0.0000001
35329,0.0000679,0.0000001,0.0000001
35330,0.0000679,0.0000001,0.0000001
35331,0.0000679,0.0000001,0.0000001
35332,0.0000679,0.0000001,0.0000001
35333,0.0000679,0.0000001,0.0000001
35334,0.0000679,0.0000001,0.0000001
35335,0.0000679,0.0000001,0.0000001
35336,0.0000678,0.0000001,0.0000001
35337,0.0000678,0.0000001,0.0000001
35338,0.0000678,0.0000001,0.0000001
35339,0.0000678,0.0000001,0.0000001
35340,0.0000678,0.0000001,0.0000001
35341,0.0000678,0.0000001,0.0000001
35342,0.0000678,0.0000001,0.0000001
35343,0.0000678,0.0000001,0.0000001
35344,0.0000678,0.0000001,0.0000001
35345,0.0000678,0.0000001,0.0000001
35346,0.0000677,0.0000001,0.0000001
35347,0.0000677,0.0000001,0.0000001
35348,0.0000677,0.0000001,0.0000001
35349,0.0000677,0.0000001,0.0000001
35350,0.0000677,0.0000001,0.0000001
35351,0.0000677,0.0000001,0.0000001
35352,0.0000677,0.0000001,0.0000001
35353,0.0000677,0.0000001,0.0000001
35354,0.0000677,0.0000001,0.0000001
35355,0.0000676,0.0000001,0.0000001
35356,0.0000676,0.0000001,0.0000001
35357,0.0000676,0.0000001,0.0000001
35358,0.0000676,0.0000001,0.0000001
35359,0.0000676,0.0000001,0.0000001
35360,0.0000676,0.0000001,0.0000001
35361,0.0000676,0.0000001,0.0000001
35362,0.0000676,0.0000001,0.0000001
35363,0.0000676,0.0000001,0.0000001
35364,0.0000675,0.0000001,0.0000001
35365,0.0000675,0.0000001,0.0000001
35366,0.0000675,0.0000001,0.0000001
35367,0.0000675,0.0000001,0.0000001
35368,0.0000675,0.0000001,0.0000001
35369,0.0000675,0.0000001,0.0000001
35370,0.0000675,0.0000001,0.0000001
35371,0.0000675,0.0000001,0.0000001
35372,0.0000675,0.0000001,0.0000001
35373,0.0000674,0.0000001,0.0000001
35374,0.0000674,0.0000001,0.0000001
35375,0.0000674,0.0000001,0.0000001
35376,0.0000674,0.0000001,0.0000001
35377,0.0000674,0.0000001,0.0000001
35378,0.0000674,0.0000001,0.0000001
35379,0.0000674,0.0000001,0.0000001
35380,0.0000674,0.0000001,0.0000001
35381,0.0000674,0.0000001,0.0000001
35382,0.0000673,0.0000001,0.0000001
35383,0.0000673,0.0000001,0.0000001
35384,0.0000673,0.0000001,0.0000001
35385,0.0000673,0.0000001,0.0000001
35386,0.0000673,0.0000001,0.0000001
35387,0.0000673,0.0000001,0.0000001
35388,0.0000673,0.0000001,0.0000001
35389,0.0000673,0.0000001,0.0000001
35390,0.0000673,0.0000001,0.0000001
35391,0.0000672,0.0000001,0.0000001
35392,0.0000672,0.0000001,0.0000001
35393,0.0000672,0.0000001,0.0000001
35394,0.0000672,0.0000001,0.0000001
35395,0.0000672,0.0000001,0.0000001
35396,0.0000672,0.0000001,0.0000001
35397,0.0000672,0.0000001,0.0000001
35398,0.0000672,0.0000001,0.0000001
35399,0.0000672,0.0000001,0.0000001
35400,0.0000671,0.0000001,0.0000001
35401,0.0000671,0.0000001,0.0000001
35402,0.0000671,0.0000001,0.0000001
35403,0.0000671,0.0000001,0.0000001
35404,0.0000671,0.0000001,0.0000001
35405,0.0000671,0.0000001,0.0000001
35406,0.0000671,0.0000001,0.0000001
35407,0.0000671,0.0000001,0.0000001
35408,0.0000671,0.0000001,0.0000001
35409,0.0000671,0.0000001,0.0000001
35410,0.0000670,0.0000001,0.0000001
35411,0.0000670,0.0000001,0.0000001
35412,0.0000670,0.0000001,0.0000001
35413,0.0000670,0.0000001,0.0000001
35414,0.0000670,0.0000001,0.0000001
35415,0.0000670,0.0000001,0.0000001
35416,0.0000670,0.0000001,0.0000001
35417,0.0000670,0.0000001,0.0000001
35418,0.0000670,0.0000001,0.0000001
35419,0.0000669,0.0000001,0.0000001
35420,0.0000669,0.0000001,0.0000001
35421,0.0000669,0.0000001,0.0000001
35422,0.0000669,0.0000001,0.0000001
35423,0.0000669,0.0000001,0.0000001
35424,0.0000669,0.0000001,0.0000001
35425,0.0000669,0.0000001,0.0000001
35426,0.0000669,0.0000001,0.0000001
35427,0.0000669,0.0000001,0.0000001
35428,0.0000668,0.0000001,0.0000001
35429,0.0000668,0.0000001,0.0000001
35430,0.0000668,0.0000001,0.0000001
35431,0.0000668,0.0000001,0.0000001
35432,0.0000668,0.0000001,0.0000001
35433,0.0000668,0.0000001,0.0000001
35434,0.0000668,0.0000001,0.0000001
35435,0.0000668,0.0000001,0.0000001
35436,0.0000668,0.0000001,0.0000001
35437,0.0000667,0.0000001,0.0000001
35438,0.0000667,0.0000001,0.0000001
35439,0.0000667,0.0000001,0.0000001
35440,0.0000667,0.0000001,0.0000001
35441,0.0000667,0.0000001,0.0000001
35442,0.0000667,0.0000001,0.0000001
35443,0.0000667,0.0000001,0.0000001
35444,0.0000667,0.0000001,0.0000001
35445,0.0000667,0.0000001,0.0000001
35446,0.0000667,0.0000001,0.0000001
35447,0.0000666,0.0000001,0.0000001
35448,0.0000666,0.0000001,0.0000001
35449,0.0000666,0.0000001,0.0000001
35450,0.0000666,0.0000001,0.0000001
35451,0.0000666,0.0000001,0.0000001
35452,0.0000666,0.0000001,0.0000001
35453,0.0000666,0.0000001,0.0000001
35454,0.0000666,0.0000001,0.0000001
35455,0.0000666,0.0000001,0.0000001
35456,0.0000665,0.0000001,0.0000001
35457,0.0000665,0.0000001,0.0000001
35458,0.0000665,0.0000001,0.0000001
35459,0.0000665,0.0000001,0.0000001
35460,0.0000665,0.0000001,0.0000001
35461,0.0000665,0.0000001,0.0000001
35462,0.0000665,0.0000001,0.0000001
35463,0.0000665,0.0000001,0.0000001
35464,0.0000665,0.0000001,0.0000001
35465,0.0000664,0.0000001,0.0000001
35466,0.0000664,0.0000001,0.0000001
35467,0.0000664,0.0000001,0.0000001
35468,0.0000664,0.0000001,0.0000001
35469,0.0000664,0.0000001,0.0000001
35470,0.0000664,0.0000001,0.0000001
35471,0.0000664,0.0000001,0.0000001
35472,0.0000664,0.0000001,0.0000001
35473,0.0000664,0.0000001,0.0000001
35474,0.0000664,0.0000001,0.0000001
35475,0.0000663,0.0000001,0.0000001
35476,0.0000663,0.0000001,0.0000001
35477,0.0000663,0.0000001,0.0000001
35478,0.0000663,0.0000001,0.0000001
35479,0.0000663,0.0000001,0.0000001
35480,0.0000663,0.0000001,0.0000001
35481,0.0000663,0.0000001,0.0000001
35482,0.0000663,0.0000001,0.0000001
35483,0.0000663,0.0000001,0.0000001
35484,0.0000662,0.0000001,0.0000001
35485,0.0000662,0.0000001,0.0000001
35486,0.0000662,0.0000001,0.0000001
35487,0.0000662,0.0000001,0.0000001
35488,0.0000662,0.0000001,0.0000001
35489,0.0000662,0.0000001,0.0000001
35490,0.0000662,0.0000001,0.0000001
35491,0.0000662,0.0000001,0.0000001
35492,0.0000662,0.0000001,0.0000001
35493,0.0000661,0.0000001,0.0000001
35494,0.0000661,0.0000001,0.0000001
35495,0.0000661,0.0000001,0.0000001
35496,0.0000661,0.0000001,0.0000001
35497,0.0000661,0.0000001,0.0000001
35498,0.0000661,0.0000001,0.0000001
35499,0.0000661,0.0000001,0.0000001
35500,0.0000661,0.0000001,0.0000001
35501,0.0000661,0.0000001,0.0000001
35502,0.0000661,0.0000001,0.0000001
35503,0.0000660,0.0000001,0.0000001
35504,0.0000660,0.0000001,0.0000001
35505,0.0000660,0.0000001,0.0000001
35506,0.0000660,0.0000001,0.0000001
35507,0.0000660,0.0000001,0.0000001
35508,0.0000660,0.0000001,0.0000001
35509,0.0000660,0.0000001,0.0000001
35510,0.0000660,0.0000001,0.0000001
35511,0.0000660,0.0000001,0.0000001
35512,0.0000659,0.0000001,0.0000001
35513,0.0000659,0.0000001,0.0000001
35514,0.0000659,0.0000001,0.0000001
35515,0.0000659,0.0000001,0.0000001
35516,0.0000659,0.0000001,0.0000001
35517,0.0000659,0.0000001,0.0000001
35518,0.0000659,0.0000001,0.0000001
35519,0.0000659,0.0000001,0.0000001
35520,0.0000659,0.0000001,0.0000001
35521,0.0000658,0.0000001,0.0000001
35522,0.0000658,0.0000001,0.0000001
35523,0.0000658,0.0000001,0.0000001
35524,0.0000658,0.0000001,0.0000001
35525,0.0000658,0.0000001,0.0000001
35526,0.0000658,0.0000001,0.0000001
35527,0.0000658,0.0000001,0.0000001
35528,0.0000658,0.0000001,0.0000001
35529,0.0000658,0.0000001,0.0000001
35530,0.0000658,0.0000001,0.0000001
35531,0.0000657,0.0000001,0.0000001
35532,0.0000657,0.0000001,0.0000001
35533,0.0000657,0.0000001,0.0000001
35534,0.0000657,0.0000001,0.0000001
35535,0.0000657,0.0000001,0.0000001
35536,0.0000657,0.0000001,0.0000001
35537,0.0000657,0.0000001,0.0000001
35538,0.0000657,0.0000001,0.0000001
35539,0.0000657,0.0000001,0.0000001
35540,0.0000656,0.0000001,0.0000001
35541,0.0000656,0.0000001,0.0000001
35542,0.0000656,0.0000001,0.0000001
35543,0.0000656,0.0000001,0.0000001
35544,0.0000656,0.0000001,0.0000001
35545,0.0000656,0.0000001,0.0000001
35546,0.0000656,0.0000001,0.0000001
35547,0.0000656,0.0000001,0.0000001
35548,0.0000656,0.0000001,0.0000001
35549,0.0000656,0.0000001,0.0000001
35550,0.0000655,0.0000001,0.0000001
35551,0.0000655,0.0000001,0.0000001
35552,0.0000655,0.0000001,0.0000001
35553,0.0000655,0.0000001,0.0000001
35554,0.0000655,0.0000001,0.0000001
35555,0.0000655,0.0000001,0.0000001
35556,0.0000655,0.0000001,0.0000001
35557,0.0000655,0.0000001,0.0000001
35558,0.0000655,0.0000001,0.0000001
35559,0.0000654,0.0000001,0.0000001
35560,0.0000654,0.0000001,0.0000001
35561,0.0000654,0.0000001,0.0000001
35562,0.0000654,0.0000001,0.0000001
35563,0.0000654,0.0000001,0.0000001
35564,0.0000654,0.0000001,0.0000001
35565,0.0000654,0.0000001,0.0000001
35566,0.0000654,0.0000001,0.0000001
35567,0.0000654,0.0000001,0.0000001
35568,0.0000653,0.0000001,0.0000001
35569,0.0000653,0.0000001,0.0000001
35570,0.0000653,0.0000001,0.0000001
35571,0.0000653,0.0000001,0.0000001
35572,0.0000653,0.0000001,0.0000001
35573,0.0000653,0.0000001,0.0000001
35574,0.0000653,0.0000001,0.0000001
35575,0.0000653,0.0000001,0.0000001
35576,0.0000653,0.0000001,0.0000001
35577,0.0000653,0.0000001,0.0000001
35578,0.0000652,0.0000001,0.0000001
35579,0.0000652,0.0000001,0.0000001
35580,0.0000652,0.0000001,0.0000001
35581,0.0000652,0.0000001,0.0000001
35582,0.0000652,0.0000001,0.0000001
35583,0.0000652,0.0000001,0.0000001
35584,0.0000652,0.0000001,0.0000001
35585,0.0000652,0.0000001,0.0000001
35586,0.0000652,0.0000001,0.0000001
35587,0.0000651,0.0000001,0.0000001
35588,0.0000651,0.0000001,0.0000001
35589,0.0000651,0.0000001,0.0000001
35590,0.0000651,0.0000001,0.0000001
35591,0.0000651,0.0000001,0.0000001
35592,0.0000651,0.0000001,0.0000001
35593,0.0000651,0.0000001,0.0000001
35594,0.0000651,0.0000001,0.0000001
35595,0.0000651,0.0000001,0.0000001
35596,0.0000651,0.0000001,0.0000001
35597,0.0000650,0.0000001,0.0000001
35598,0.0000650,0.0000001,0.0000001
35599,0.0000650,0.0000001,0.0000001
35600,0.0000650,0.0000001,0.0000001
35601,0.0000650,0.0000001,0.0000001
35602,0.0000650,0.0000001,0.0000001
35603,0.0000650,0.0000001,0.0000001
35604,0.0000650,0.0000001,0.0000001
35605,0.0000650,0.0000001,0.0000001
35606,0.0000649,0.0000001,0.0000001
35607,0.0000649,0.0000001,0.0000001
35608,0.0000649,0.0000001,0.0000001
35609,0.0000649,0.0000001,0.0000001
35610,0.0000649,0.0000001,0.0000001
35611,0.0000649,0.0000001,0.0000001
35612,0.0000649,0.0000001,0.0000001
35613,0.0000649,0.0000001,0.0000001
35614,0.0000649,0.0000001,0.0000001
35615,0.0000649,0.0000001,0.0000001
35616,0.0000648,0.0000001,0.0000001
35617,0.0000648,0.0000001,0.0000001
35618,0.0000648,0.0000001,0.0000001
35619,0.0000648,0.0000001,0.0000001
35620,0.0000648,0.0000001,0.0000001
35621,0.0000648,0.0000001,0.0000001
35622,0.0000648,0.0000001,0.0000001
35623,0.0000648,0.0000001,0.0000001
35624,0.0000648,0.0000001,0.0000001
35625,0.0000647,0.0000001,0.0000001
35626,0.0000647,0.0000001,0.0000001
35627,0.0000647,0.0000001,0.0000001
35628,0.0000647,0.0000001,0.0000001
35629,0.0000647,0.0000001,0.0000001
35630,0.0000647,0.0000001,0.0000001
35631,0.0000647,0.0000001,0.0000001
35632,0.0000647,0.0000001,0.0000001
35633,0.0000647,0.0000001,0.0000001
35634,0.0000647,0.0000001,0.0000001
35635,0.0000646,0.0000001,0.0000001
35636,0.0000646,0.0000001,0.0000001
35637,0.0000646,0.0000001,0.0000001
35638,0.0000646,0.0000001,0.0000001
35639,0.0000646,0.0000001,0.0000001
35640,0.0000646,0.0000001,0.0000001
35641,0.0000646,0.0000001,0.0000001
35642,0.0000646,0.0000001,0.0000001
35643,0.0000646,0.0000001,0.0000001
35644,0.0000646,0.0000001,0.0000001
35645,0.0000645,0.0000001,0.0000001
35646,0.0000645,0.0000001,0.0000001
35647,0.0000645,0.0000001,0.0000001
35648,0.0000645,0.0000001,0.0000001
35649,0.0000645,0.0000001,0.0000001
35650,0.0000645,0.0000001,0.0000001
35651,0.0000645,0.0000001,0.0000001
35652,0.0000645,0.0000001,0.0000001
35653,0.0000645,0.0000001,0.0000001
35654,0.0000644,0.0000001,0.0000001
35655,0.0000644,0.0000001,0.0000001
35656,0.0000644,0.0000001,0.0000001
35657,0.0000644,0.0000001,0.0000001
35658,0.0000644,0.0000001,0.0000001
35659,0.0000644,0.0000001,0.0000001
35660,0.0000644,0.0000001,0.0000001
35661,0.0000644,0.0000001,0.0000001
35662,0.0000644,0.0000001,0.0000001
35663,0.0000644,0.0000001,0.0000001
35664,0.0000643,0.0000001,0.0000001
35665,0.0000643,0.0000001,0.0000001
35666,0.0000643,0.0000001,0.0000001
35667,0.0000643,0.0000001,0.0000001
35668,0.0000643,0.0000001,0.0000001
35669,0.0000643,0.0000001,0.0000001
35670,0.0000643,0.0000001,0.0000001
35671,0.0000643,0.0000001,0.0000001
35672,0.0000643,0.0000001,0.0000001
35673,0.0000642,0.0000001,0.0000001
35674,0.0000642,0.0000001,0.0000001
35675,0.0000642,0.0000001,0.0000001
35676,0.0000642,0.0000001,0.0000001
35677,0.0000642,0.0000001,0.0000001
35678,0.0000642,0.0000001,0.0000001
35679,0.0000642,0.0000001,0.0000001
35680,0.0000642,0.0000001,0.0000001
35681,0.0000642,0.0000001,0.0000001
35682,0.0000642,0.0000001,0.0000001
35683,0.0000641,0.0000001,0.0000001
35684,0.0000641,0.0000001,0.0000001
35685,0.0000641,0.0000001,0.0000001
35686,0.0000641,0.0000001,0.0000001
35687,0.0000641,0.0000001,0.0000001
35688,0.0000641,0.0000001,0.0000001
35689,0.0000641,0.0000001,0.0000001
35690,0.0000641,0.0000001,0.0000001
35691,0.0000641,0.0000001,0.0000001
35692,0.0000641,0.0000001,0.0000001
35693,0.0000640,0.0000001,0.0000001
35694,0.0000640,0.0000001,0.0000001
35695,0.0000640,0.0000001,0.0000001
35696,0.0000640,0.0000001,0.0000001
35697,0.0000640,0.0000001,0.0000001
35698,0.0000640,0.0000001,0.0000001
35699,0.0000640,0.0000001,0.0000001
35700,0.0000640,0.0000001,0.0000001
35701,0.0000640,0.0000001,0.0000001
35702,0.0000639,0.0000001,0.0000001
35703,0.0000639,0.0000001,0.0000001
35704,0.0000639,0.0000001,0.0000001
35705,0.0000639,0.0000001,0.0000001
35706,0.0000639,0.0000001,0.0000001
35707,0.0000639,0.0000001,0.0000001
35708,0.0000639,0.0000001,0.0000001
35709,0.0000639,0.0000001,0.0000001
35710,0.0000639,0.0000001,0.0000001
35711,0.0000639,0.0000001,0.0000001
35712,0.0000638,0.0000001,0.0000001
35713,0.0000638,0.0000001,0.0000001
35714,0.0000638,0.0000001,0.0000001
35715,0.0000638,0.0000001,0.0000001
35716,0.0000638,0.0000001,0.0000001
35717,0.0000638,0.0000001,0.0000001
35718,0.0000638,0.0000001,0.0000001
35719,0.0000638,0.0000001,0.0000001
35720,0.0000638,0.0000001,0.0000001
35721,0.0000638,0.0000001,0.0000001
35722,0.0000637,0.0000001,0.0000001
35723,0.0000637,0.0000001,0.0000001
35724,0.0000637,0.0000001,0.0000001
35725,0.0000637,0.0000001,0.0000001
35726,0.0000637,0.0000001,0.0000001
35727,0.0000637,0.0000001,0.0000001
35728,0.0000637,0.0000001,0.0000001
35729,0.0000637,0.0000001,0.0000001
35730,0.0000637,0.0000001,0.0000001
35731,0.0000636,0.0000001,0.0000001
35732,0.0000636,0.0000001,0.0000001
35733,0.0000636,0.0000001,0.0000001
35734,0.0000636,0.0000001,0.0000001
35735,0.0000636,0.0000001,0.0000001
35736,0.0000636,0.0000001,0.0000001
35737,0.0000636,0.0000001,0.0000001
35738,0.0000636,0.0000001,0.0000001
35739,0.0000636,0.0000001,0.0000001
35740,0.0000636,0.0000001,0.0000001
35741,0.0000635,0.0000001,0.0000001
35742,0.0000635,0.0000001,0.0000001
35743,0.0000635,0.0000001,0.0000001
35744,0.0000635,0.0000001,0.0000001
35745,0.0000635,0.0000001,0.0000001
35746,0.0000635,0.0000001,0.0000001
35747,0.0000635,0.0000001,0.0000001
35748,0.0000635,0.0000001,0.0000001
35749,0.0000635,0.0000001,0.0000001
35750,0.0000635,0.0000001,0.0000001
35751,0.0000634,0.0000001,0.0000001
35752,0.0000634,0.0000001,0.0000001
35753,0.0000634,0.0000001,0.0000001
35754,0.0000634,0.0000001,0.0000001
35755,0.0000634,0.0000001,0.0000001
35756,0.0000634,0.0000001,0.0000001
35757,0.0000634,0.0000001,0.0000001
35758,0.0000634,0.0000001,0.0000001
35759,0.0000634,0.0000001,0.0000001
35760,0.0000634,0.0000001,0.0000001
35761,0.0000633,0.0000001,0.0000001
35762,0.0000633,0.0000001,0.0000001
35763,0.0000633,0.0000001,0.0000001
35764,0.0000633,0.0000001,0.0000001
35765,0.0000633,0.0000001,0.0000001
35766,0.0000633,0.0000001,0.0000001
35767,0.0000633,0.0000001,0.0000001
35768,0.0000633,0.0000001,0.0000001
35769,0.0000633,0.0000001,0.0000001
35770,0.0000632,0.0000001,0.0000001
35771,0.0000632,0.0000001,0.0000001
35772,0.0000632,0.0000001,0.0000001
35773,0.0000632,0.0000001,0.0000001
35774,0.0000632,0.0000001,0.0000001
35775,0.0000632,0.0000001,0.0000001
35776,0.0000632,0.0000001,0.0000001
35777,0.0000632,0.0000001,0.0000001
35778,0.0000632,0.0000001,0.0000001
35779,0.0000632,0.0000001,0.0000001
35780,0.0000631,0.0000001,0.0000001
35781,0.0000631,0.0000001,0.0000001
35782,0.0000631,0.0000001,0.0000001
35783,0.0000631,0.0000001,0.0000001
35784,0.0000631,0.0000001,0.0000001
35785,0.0000631,0.0000001,0.0000001
35786,0.0000631,0.0000001,0.0000001
35787,0.0000631,0.0000001,0.0000001
35788,0.0000631,0.0000001,0.0000001
35789,0.0000631,0.0000001,0.0000001
35790,0.0000630,0.0000001,0.0000001
35791,0.0000630,0.0000001,0.0000001
35792,0.0000630,0.0000001,0.0000001
35793,0.0000630,0.0000001,0.0000001
35794,0.0000630,0.0000001,0.0000001
35795,0.0000630,0.0000001,0.0000001
35796,0.0000630,0.0000001,0.0000001
35797,0.0000630,0.0000001,0.0000001
35798,0.0000630,0.0000001,0.0000001
35799,0.0000630,0.0000001,0.0000001
35800,0.0000629,0.0000001,0.0000001
35801,0.0000629,0.0000001,0.0000001
35802,0.0000629,0.0000001,0.0000001
35803,0.0000629,0.0000001,0.0000001
35804,0.0000629,0.0000001,0.0000001
35805,0.0000629,0.0000001,0.0000001
35806,0.0000629,0.0000001,0.0000001
35807,0.0000629,0.0000001,0.0000001
35808,0.0000629,0.0000001,0.0000001
35809,0.0000629,0.0000001,0.0000001
35810,0.0000628,0.0000001,0.0000001
35811,0.0000628,0.0000001,0.0000001
35812,0.0000628,0.0000001,0.0000001
35813,0.0000628,0.0000001,0.0000001
35814,0.0000628,0.0000001,0.0000001
35815,0.0000628,0.0000001,0.0000001
35816,0.0000628,0.0000001,0.0000001
35817,0.0000628,0.0000001,0.0000001
35818,0.0000628,0.0000001,0.0000001
35819,0.0000628,0.0000001,0.0000001
35820,0.0000627,0.0000001,0.0000001
35821,0.0000627,0.0000001,0.0000001
35822,0.0000627,0.0000001,0.0000001
35823,0.0000627,0.0000001,0.0000001
35824,0.0000627,0.0000001,0.0000001
35825,0.0000627,0.0000001,0.0000001
35826,0.0000627,0.0000001,0.0000001
35827,0.0000627,0.0000001,0.0000001
35828,0.0000627,0.0000001,0.0000001
35829,0.0000626,0.0000001,0.0000001
35830,0.0000626,0.0000001,0.0000001
35831,0.0000626,0.0000001,0.0000001
35832,0.0000626,0.0000001,0.0000001
35833,0.0000626,0.0000001,0.0000001
35834,0.0000626,0.0000001,0.0000001
35835,0.0000626,0.0000001,0.0000001
35836,0.0000626,0.0000001,0.0000001
35837,0.0000626,0.0000001,0.0000001
35838,0.0000626,0.0000001,0.0000001
35839,0.0000625,0.0000001,0.0000001
35840,0.0000625,0.0000001,0.0000001
35841,0.0000625,0.0000001,0.0000001
35842,0.0000625,0.0000001,0.0000001
35843,0.0000625,0.0000001,0.0000001
35844,0.0000625,0.0000001,0.0000001
35845,0.0000625,0.0000001,0.0000001
35846,0.0000625,0.0000001,0.0000001
35847,0.0000625,0.0000001,0.0000001
35848,0.0000625,0.0000001,0.0000001
35849,0.0000624,0.0000001,0.0000001
35850,0.0000624,0.0000001,0.0000001
35851,0.0000624,0.0000001,0.0000001
35852,0.0000624,0.0000001,0.0000001
35853,0.0000624,0.0000001,0.0000001
35854,0.0000624,0.0000001,0.0000001
35855,0.0000624,0.0000001,0.0000001
35856,0.0000624,0.0000001,0.0000001
35857,0.0000624,0.0000001,0.0000001
35858,0.0000624,0.0000001,0.0000001
35859,0.0000623,0.0000001,0.0000001
35860,0.0000623,0.0000001,0.0000001
35861,0.0000623,0.0000001,0.0000001
35862,0.0000623,0.0000001,0.0000001
35863,0.0000623,0.0000001,0.0000001
35864,0.0000623,0.0000001,0.0000001
35865,0.0000623,0.0000001,0.0000001
35866,0.0000623,0.0000001,0.0000001
35867,0.0000623,0.0000001,0.0000001
35868,0.0000623,0.0000001,0.0000001
35869,0.0000622,0.0000001,0.0000001
35870,0.0000622,0.0000001,0.0000001
35871,0.0000622,0.0000001,0.0000001
35872,0.0000622,0.0000001,0.0000001
35873,0.0000622,0.0000001,0.0000001
35874,0.0000622,0.0000001,0.0000001
35875,0.0000622,0.0000001,0.0000001
35876,0.0000622,0.0000001,0.0000001
35877,0.0000622,0.0000001,0.0000001
35878,0.0000622,0.0000001,0.0000001
35879,0.0000621,0.0000001,0.0000001
35880,0.0000621,0.0000001,0.0000001
35881,0.0000621,0.0000001,0.0000001
35882,0.0000621,0.0000001,0.0000001
35883,0.0000621,0.0000001,0.0000001
35884,0.0000621,0.0000001,0.0000001
35885,0.0000621,0.0000001,0.0000001
35886,0.0000621,0.0000001,0.0000001
35887,0.0000621,0.0000001,0.0000001
35888,0.0000621,0.0000001,0.0000001
35889,0.0000620,0.0000001,0.0000001
35890,0.0000620,0.0000001,0.0000001
35891,0.0000620,0.0000001,0.0000001
35892,0.0000620,0.0000001,0.0000001
35893,0.0000620,0.0000001,0.0000001
35894,0.0000620,0.0000001,0.0000001
35895,0.0000620,0.0000001,0.0000001
35896,0.0000620,0.0000001,0.0000001
35897,0.0000620,0.0000001,0.0000001
35898,0.0000620,0.0000001,0.0000001
35899,0.0000619,0.0000001,0.0000001
35900,0.0000619,0.0000001,0.0000001
35901,0.0000619,0.0000001,0.0000001
35902,0.0000619,0.0000001,0.0000001
35903,0.0000619,0.0000001,0.0000001
35904,0.0000619,0.0000001,0.0000001
35905,0.0000619,0.0000001,0.0000001
35906,0.0000619,0.0000001,0.0000001
35907,0.0000619,0.0000001,0.0000001
35908,0.0000619,0.0000001,0.0000001
35909,0.0000618,0.0000001,0.0000001
35910,0.0000618,0.0000001,0.0000001
35911,0.0000618,0.0000001,0.0000001
35912,0.0000618,0.0000001,0.0000001
35913,0.0000618,0.0000001,0.0000001
35914,0.0000618,0.0000001,0.0000001
35915,0.0000618,0.0000001,0.0000001
35916,0.0000618,0.0000001,0.0000001
35917,0.0000618,0.0000001,0.0000001
35918,0.0000618,0.0000001,0.0000001
35919,0.0000617,0.0000001,0.0000001
35920,0.0000617,0.0000001,0.0000001
35921,0.0000617,0.0000001,0.0000001
35922,0.0000617,0.0000001,0.0000001
35923,0.0000617,0.0000001,0.0000001
35924,0.0000617,0.0000001,0.0000001
35925,0.0000617,0.0000001,0.0000001
35926,0.0000617,0.0000001,0.0000001
35927,0.0000617,0.0000001,0.0000001
35928,0.0000617,0.0000001,0.0000001
35929,0.0000616,0.0000001,0.0000001
35930,0.0000616,0.0000001,0.0000001
35931,0.0000616,0.0000001,0.0000001
35932,0.0000616,0.0000001,0.0000001
35933,0.0000616,0.0000001,0.0000001
35934,0.0000616,0.0000001,0.0000001
35935,0.0000616,0.0000001,0.0000001
35936,0.0000616,0.0000001,0.0000001
35937,0.0000616,0.0000001,0.0000001
35938,0.0000616,0.0000001,0.0000001
35939,0.0000615,0.0000001,0.0000001
35940,0.0000615,0.0000001,0.0000001
35941,0.0000615,0.0000001,0.0000001
35942,0.0000615,0.0000001,0.0000001
35943,0.0000615,0.0000001,0.0000001
35944,0.0000615,0.0000001,0.0000001
35945,0.0000615,0.0000001,0.0000001
35946,0.0000615,0.0000001,0.0000001
35947,0.0000615,0.0000001,0.0000001
35948,0.0000615,0.0000001,0.0000001
35949,0.0000614,0.0000001,0.0000001
35950,0.0000614,0.0000001,0.0000001
35951,0.0000614,0.0000001,0.0000001
35952,0.0000614,0.0000001,0.0000001
35953,0.0000614,0.0000001,0.0000001
35954,0.0000614,0.0000001,0.0000001
35955,0.0000614,0.0000001,0.0000001
35956,0.0000614,0.0000001,0.0000001
35957,0.0000614,0.0000001,0.0000001
35958,0.0000614,0.0000001,0.0000001
35959,0.0000613,0.0000001,0.0000001
35960,0.0000613,0.0000001,0.0000001
35961,0.0000613,0.0000001,0.0000001
35962,0.0000613,0.0000001,0.0000001
35963,0.0000613,0.0000001,0.0000001
35964,0.0000613,0.0000001,0.0000001
35965,0.0000613,0.0000001,0.0000001
35966,0.0000613,0.0000001,0.0000001
35967,0.0000613,0.0000001,0.0000001
35968,0.0000613,0.0000001,0.0000001
35969,0.0000612,0.0000001,0.0000001
35970,0.0000612,0.0000001,0.0000001
35971,0.0000612,0.0000001,0.0000001
35972,0.0000612,0.0000001,0.0000001
35973,0.0000612,0.0000001,0.0000001
35974,0.0000612,0.0000001,0.0000001
35975,0.0000612,0.0000001,0.0000001
35976,0.0000612,0.0000001,0.0000001
35977,0.0000612,0.0000001,0.0000001
35978,0.0000612,0.0000001,0.0000001
35979,0.0000612,0.0000001,0.0000001
35980,0.0000611,0.0000001,0.0000001
35981,0.0000611,0.0000001,0.0000001
35982,0.0000611,0.0000001,0.0000001
35983,0.0000611,0.0000001,0.0000001
35984,0.0000611,0.0000001,0.0000001
35985,0.0000611,0.0000001,0.0000001
35986,0.0000611,0.0000001,0.0000001
35987,0.0000611,0.0000001,0.0000001
35988,0.0000611,0.0000001,0.0000001
35989,0.0000611,0.0000001,0.0000001
35990,0.0000610,0.0000001,0.0000001
35991,0.0000610,0.0000001,0.0000001
35992,0.0000610,0.0000001,0.0000001
35993,0.0000610,0.0000001,0.0000001
35994,0.0000610,0.0000001,0.0000001
35995,0.0000610,0.0000001,0.0000001
35996,0.0000610,0.0000001,0.0000001
35997,0.0000610,0.0000001,0.0000001
35998,0.0000610,0.0000001,0.0000001
35999,0.0000610,0.0000001,0.0000001
36000,0.0000609,0.0000001,0.0000001
36001,0.0000609,0.0000001,0.0000001
36002,0.0000609,0.0000001,0.0000001
36003,0.0000609,0.0000001,0.0000001
36004,0.0000609,0.0000001,0.0000001
36005,0.0000609,0.0000001,0.0000001
36006,0.0000609,0.0000001,0.0000001
36007,0.0000609,0.0000001,0.0000001
36008,0.0000609,0.0000001,0.0000001
36009,0.0000609,0.0000001,0.0000001
36010,0.0000608,0.0000001,0.0000001
36011,0.0000608,0.0000001,0.0000001
36012,0.0000608,0.0000001,0.0000001
36013,0.0000608,0.0000001,0.0000001
36014,0.0000608,0.0000001,0.0000001
36015,0.0000608,0.0000001,0.0000001
36016,0.0000608,0.0000001,0.0000001
36017,0.0000608,0.0000001,0.0000001
36018,0.0000608,0.0000001,0.0000001
36019,0.0000608,0.0000001,0.0000001
36020,0.0000607,0.0000001,0.0000001
36021,0.0000607,0.0000001,0.0000001
36022,0.0000607,0.0000001,0.0000001
36023,0.0000607,0.0000001,0.0000001
36024,0.0000607,0.0000001,0.0000001
36025,0.0000607,0.0000001,0.0000001
36026,0.0000607,0.0000001,0.0000001
36027,0.0000607,0.0000001,0.0000001
36028,0.0000607,0.0000001,0.0000001
36029,0.0000607,0.0000001,0.0000001
36030,0.0000606,0.0000001,0.0000001
36031,0.0000606,0.0000001,0.0000001
36032,0.0000606,0.0000001,0.0000001
36033,0.0000606,0.0000001,0.0000001
36034,0.0000606,0.0000001,0.0000001
36035,0.0000606,0.0000001,0.0000001
36036,0.0000606,0.0000001,0.0000001
36037,0.0000606,0.0000001,0.0000001
36038,0.0000606,0.0000001,0.0000001
36039,0.0000606,0.0000001,0.0000001
36040,0.0000606,0.0000001,0.0000001
36041,0.0000605,0.0000001,0.0000001
36042,0.0000605,0.0000001,0.0000001
36043,0.0000605,0.0000001,0.0000001
36044,0.0000605,0.0000001,0.0000001
36045,0.0000605,0.0000001,0.0000001
36046,0.0000605,0.0000001,0.0000001
36047,0.0000605,0.0000001,0.0000001
36048,0.0000605,0.0000001,0.0000001
36049,0.0000605,0.0000001,0.0000001
36050,0.0000605,0.0000001,0.0000001
36051,0.0000604,0.0000001,0.0000001
36052,0.0000604,0.0000001,0.0000001
36053,0.0000604,0.0000001,0.0000001
36054,0.0000604,0.0000001,0.0000001
36055,0.0000604,0.0000001,0.0000001
36056,0.0000604,0.0000001,0.0000001
36057,0.0000604,0.0000001,0.0000000
36058,0.0000604,0.0000001,0.0000000
36059,0.0000604,0.0000001,0.0000000
36060,0.0000604,0.0000001,0.0000000
36061,0.0000603,0.0000001,0.0000000
36062,0.0000603,0.0000001,0.0000000
36063,0.0000603,0.0000001,0.0000000
36064,0.0000603,0.0000001,0.0000000
36065,0.0000603,0.0000001,0.0000000
36066,0.0000603,0.0000001,0.0000000
36067,0.0000603,0.0000001,0.0000000
36068,0.0000603,0.0000001,0.0000000
36069,0.0000603,0.0000001,0.0000000
36070,0.0000603,0.0000001,0.0000000
36071,0.0000602,0.0000001,0.0000000
36072,0.0000602,0.0000001,0.0000000
36073,0.0000602,0.0000001,0.0000000
36074,0.0000602,0.0000001,0.0000000
36075,0.0000602,0.0000001,0.0000000
36076,0.0000602,0.0000001,0.0000000
36077,0.0000602,0.0000001,0.0000000
36078,0.0000602,0.0000001,0.0000000
36079,0.0000602,0.0000001,0.0000000
36080,0.0000602,0.0000001,0.0000000
36081,0.0000602,0.0000001,0.0000000
36082,0.0000601,0.0000001,0.0000000
36083,0.0000601,0.0000001,0.0000000
36084,0.0000601,0.0000001,0.0000000
36085,0.0000601,0.0000001,0.0000000
36086,0.0000601,0.0000001,0.0000000
36087,0.0000601,0.0000001,0.0000000
36088,0.0000601,0.0000001,0.0000000
36089,0.0000601,0.0000001,0.0000000
36090,0.0000601,0.0000001,0.0000000
36091,0.0000601,0.0000001,0.0000000
36092,0.0000600,0.0000001,0.0000000
36093,0.0000600,0.0000001,0.0000000
36094,0.0000600,0.0000001,0.0000000
36095,0.0000600,0.0000001,0.0000000
36096,0.0000600,0.0000001,0.0000000
36097,0.0000600,0.0000001,0.0000000
36098,0.0000600,0.0000001,0.0000000
36099,0.0000600,0.0000001,0.0000000
36100,0.0000600,0.0000001,0.0000000
36101,0.0000600,0.0000001,0.0000000
36102,0.0000599,0.0000001,0.0000000
36103,0.0000599,0.0000001,0.0000000
36104,0.0000599,0.0000001,0.0000000
36105,0.0000599,0.0000001,0.0000000
36106,0.0000599,0.0000001,0.0000000
36107,0.0000599,0.0000001,0.0000000
36108,0.0000599,0.0000001,0.0000000
36109,0.0000599,0.0000001,0.0000000
36110,0.0000599,0.0000001,0.0000000
36111,0.0000599,0.0000001,0.0000000
36112,0.0000599,0.0000001,0.0000000
36113,0.0000598,0.0000001,0.0000000
36114,0.0000598,0.0000001,0.0000000
36115,0.0000598,0.0000001,0.0000000
36116,0.0000598,0.0000001,0.0000000
36117,0.0000598,0.0000001,0.0000000
36118,0.0000598,0.0000001,0.0000000
36119,0.0000598,0.0000001,0.0000000
36120,0.0000598,0.0000001,0.0000000
36121,0.0000598,0.0000001,0.0000000
36122,0.0000598,0.0000001,0.0000000
36123,0.0000597,0.0000001,0.0000000
36124,0.0000597,0.0000001,0.0000000
36125,0.0000597,0.0000001,0.0000000
36126,0.0000597,0.0000001,0.0000000
36127,0.0000597,0.0000001,0.0000000
36128,0.0000597,0.0000001,0.0000000
36129,0.0000597,0.0000001,0.0000000
36130,0.0000597,0.0000001,0.0000000
36131,0.0000597,0.0000001,0.0000000
36132,0.0000597,0.0000001,0.0000000
36133,0.0000596,0.0000001,0.0000000
36134,0.0000596,0.0000001,0.0000000
36135,0.0000596,0.0000001,0.0000000
36136,0.0000596,0.0000001,0.0000000
36137,0.0000596,0.0000001,0.0000000
36138,0.0000596,0.0000001,0.0000000
36139,0.0000596,0.0000001,0.0000000
36140,0.0000596,0.0000001,0.0000000
36141,0.0000596,0.0000001,0.0000000
36142,0.0000596,0.0000001,0.0000000
36143,0.0000596,0.0000001,0.0000000
36144,0.0000595,0.0000001,0.0000000
36145,0.0000595,0.0000001,0.0000000
36146,0.0000595,0.0000001,0.0000000
36147,0.0000595,0.0000001,0.0000000
36148,0.0000595,0.0000001,0.0000000
36149,0.0000595,0.0000001,0.0000000
36150,0.0000595,0.0000001,0.0000000
36151,0.0000595,0.0000001,0.0000000
36152,0.0000595,0.0000001,0.0000000
36153,0.0000595,0.0000001,0.0000000
36154,0.0000594,0.0000001,0.0000000
36155,0.0000594,0.0000001,0.0000000
36156,0.0000594,0.0000001,0.0000000
36157,0.0000594,0.0000001,0.0000000
36158,0.0000594,0.0000001,0.0000000
36159,0.0000594,0.0000001,0.0000000
36160,0.0000594,0.0000001,0.0000000
36161,0.0000594,0.0000001,0.0000000
36162,0.0000594,0.0000001,0.0000000
36163,0.0000594,0.0000001,0.0000000
36164,0.0000594,0.0000001,0.0000000
36165,0.0000593,0.0000001,0.0000000
36166,0.0000593,0.0000001,0.0000000
36167,0.0000593,0.0000001,0.0000000
36168,0.0000593,0.0000001,0.0000000
36169,0.0000593,0.0000001,0.0000000
36170,0.0000593,0.0000001,0.0000000
36171,0.0000593,0.0000001,0.0000000
36172,0.0000593,0.0000001,0.0000000
36173,0.0000593,0.0000001,0.0000000
36174,0.0000593,0.0000001,0.0000000
36175,0.0000592,0.0000001,0.0000000
36176,0.0000592,0.0000001,0.0000000
36177,0.0000592,0.0000001,0.0000000
36178,0.0000592,0.0000001,0.0000000
36179,0.0000592,0.0000001,0.0000000
36180,0.0000592,0.0000001,0.0000000
36181,0.0000592,0.0000001,0.0000000
36182,0.0000592,0.0000001,0.0000000
36183,0.0000592,0.0000001,0.0000000
36184,0.0000592,0.0000001,0.0000000
36185,0.0000592,0.0000001,0.0000000
36186,0.0000591,0.0000001,0.0000000
36187,0.0000591,0.0000001,0.0000000
36188,0.0000591,0.0000001,0.0000000
36189,0.0000591,0.0000001,0.0000000
36190,0.0000591,0.0000001,0.0000000
36191,0.0000591,0.0000001,0.0000000
36192,0.0000591,0.0000001,0.0000000
36193,0.0000591,0.0000001,0.0000000
36194,0.0000591,0.0000001,0.0000000
36195,0.0000591,0.0000001,0.0000000
36196,0.0000590,0.0000001,0.0000000
36197,0.0000590,0.0000001,0.0000000
36198,0.0000590,0.0000001,0.0000000
36199,0.0000590,0.0000001,0.0000000
36200,0.0000590,0.0000001,0.0000000
36201,0.0000590,0.0000001,0.0000000
36202,0.0000590,0.0000001,0.0000000
36203,0.0000590,0.0000001,0.0000000
36204,0.0000590,0.0000001,0.0000000
36205,0.0000590,0.0000001,0.0000000
36206,0.0000590,0.0000001,0.0000000
36207,0.0000589,0.0000001,0.0000000
36208,0.0000589,0.0000001,0.0000000
36209,0.0000589,0.0000001,0.0000000
36210,0.0000589,0.0000001,0.0000000
36211,0.0000589,0.0000001,0.0000000
36212,0.0000589,0.0000001,0.0000000
36213,0.0000589,0.0000001,0.0000000
36214,0.0000589,0.0000001,0.0000000
36215,0.0000589,0.0000001,0.0000000
36216,0.0000589,0.0000001,0.0000000
36217,0.0000588,0.0000001,0.0000000
36218,0.0000588,0.0000001,0.0000000
36219,0.0000588,0.0000001,0.0000000
36220,0.0000588,0.0000001,0.0000000
36221,0.0000588,0.0000001,0.0000000
36222,0.0000588,0.0000001,0.0000000
36223,0.0000588,0.0000001,0.0000000
36224,0.0000588,0.0000001,0.0000000
36225,0.0000588,0.0000001,0.0000000
36226,0.0000588,0.0000001,0.0000000
36227,0.0000588,0.0000001,0.0000000
36228,0.0000587,0.0000001,0.0000000
36229,0.0000587,0.0000001,0.0000000
36230,0.0000587,0.0000001,0.0000000
36231,0.0000587,0.0000001,0.0000000
36232,0.0000587,0.0000001,0.0000000
36233,0.0000587,0.0000001,0.0000000
36234,0.0000587,0.0000001,0.0000000
36235,0.0000587,0.0000001,0.0000000
36236,0.0000587,0.0000001,0.0000000
36237,0.0000587,0.0000001,0.0000000
36238,0.0000586,0.0000001,0.0000000
36239,0.0000586,0.0000001,0.0000000
36240,0.0000586,0.0000001,0.0000000
36241,0.0000586,0.0000001,0.0000000
36242,0.0000586,0.0000001,0.0000000
36243,0.0000586,0.0000001,0.0000000
36244,0.0000586,0.0000001,0.0000000
36245,0.0000586,0.0000001,0.0000000
36246,0.0000586,0.0000001,0.0000000
36247,0.0000586,0.0000001,0.0000000
36248,0.0000586,0.0000001,0.0000000
36249,0.0000585,0.0000001,0.0000000
36250,0.0000585,0.0000001,0.0000000
36251,0.0000585,0.0000001,0.0000000
36252,0.0000585,0.0000001,0.0000000
36253,0.0000585,0.0000001,0.0000000
36254,0.0000585,0.0000001,0.0000000
36255,0.0000585,0.0000001,0.0000000
36256,0.0000585,0.0000001,0.0000000
36257,0.0000585,0.0000001,0.0000000
36258,0.0000585,0.0000001,0.0000000
36259,0.0000585,0.0000001,0.0000000
36260,0.0000584,0.0000001,0.0000000
36261,0.0000584,0.0000001,0.0000000
36262,0.0000584,0.0000001,0.0000000
36263,0.0000584,0.0000001,0.0000000
36264,0.0000584,0.0000001,0.0000000
36265,0.0000584,0.0000001,0.0000000
36266,0.0000584,0.0000001,0.0000000
36267,0.0000584,0.0000001,0.0000000
36268,0.0000584,0.0000001,0.0000000
36269,0.0000584,0.0000001,0.0000000
36270,0.0000583,0.0000001,0.0000000
36271,0.0000583,0.0000001,0.0000000
36272,0.0000583,0.0000001,0.0000000
36273,0.0000583,0.0000001,0.0000000
36274,0.0000583,0.0000001,0.0000000
36275,0.0000583,0.0000001,0.0000000
36276,0.0000583,0.0000001,0.0000000
36277,0.0000583,0.0000001,0.0000000
36278,0.0000583,0.0000001,0.0000000
36279,0.0000583,0.0000001,0.0000000
36280,0.0000583,0.0000001,0.0000000
36281,0.0000582,0.0000001,0.0000000
36282,0.0000582,0.0000001,0.0000000
36283,0.0000582,0.0000001,0.0000000
36284,0.0000582,0.0000001,0.0000000
36285,0.0000582,0.0000001,0.0000000
36286,0.0000582,0.0000001,0.0000000
36287,0.0000582,0.0000001,0.0000000
36288,0.0000582,0.0000001,0.0000000
36289,0.0000582,0.0000001,0.0000000
36290,0.0000582,0.0000001,0.0000000
36291,0.0000581,0.0000001,0.0000000
36292,0.0000581,0.0000001,0.0000000
36293,0.0000581,0.0000001,0.0000000
36294,0.0000581,0.0000001,0.0000000
36295,0.0000581,0.0000001,0.0000000
36296,0.0000581,0.0000001,0.0000000
36297,0.0000581,0.0000001,0.0000000
36298,0.0000581,0.0000001,0.0000000
36299,0.0000581,0.0000001,0.0000000
36300,0.0000581,0.0000001,0.0000000
36301,0.0000581,0.0000001,0.0000000
36302,0.0000580,0.0000001,0.0000000
36303,0.0000580,0.0000001,0.0000000
36304,0.0000580,0.0000001,0.0000000
36305,0.0000580,0.0000001,0.0000000
36306,0.0000580,0.0000001,0.0000000
36307,0.0000580,0.0000001,0.0000000
36308,0.0000580,0.0000001,0.0000000
36309,0.0000580,0.0000001,0.0000000
36310,0.0000580,0.0000001,0.0000000
36311,0.0000580,0.0000001,0.0000000
36312,0.0000580,0.0000001,0.0000000
36313,0.0000579,0.0000001,0.0000000
36314,0.0000579,0.0000001,0.0000000
36315,0.0000579,0.0000001,0.0000000
36316,0.0000579,0.0000001,0.0000000
36317,0.0000579,0.0000001,0.0000000
36318,0.0000579,0.0000001,0.0000000
36319,0.0000579,0.0000001,0.0000000
36320,0.0000579,0.0000001,0.0000000
36321,0.0000579,0.0000001,0.0000000
36322,0.0000579,0.0000001,0.0000000
36323,0.0000579,0.0000001,0.0000000
36324,0.0000578,0.0000001,0.0000000
36325,0.0000578,0.0000001,0.0000000
36326,0.0000578,0.0000001,0.0000000
36327,0.0000578,0.0000001,0.0000000
36328,0.0000578,0.0000001,0.0000000
36329,0.0000578,0.0000001,0.0000000
36330,0.0000578,0.0000001,0.0000000
36331,0.0000578,0.0000001,0.0000000
36332,0.0000578,0.0000001,0.0000000
36333,0.0000578,0.0000001,0.0000000
36334,0.0000577,0.0000001,0.0000000
36335,0.0000577,0.0000001,0.0000000
36336,0.0000577,0.0000001,0.0000000
36337,0.0000577,0.0000001,0.0000000
36338,0.0000577,0.0000001,0.0000000
36339,0.0000577,0.0000001,0.0000000
36340,0.0000577,0.0000001,0.0000000
36341,0.0000577,0.0000001,0.0000000
36342,0.0000577,0.0000001,0.0000000
36343,0.0000577,0.0000001,0.0000000
36344,0.0000577,0.0000001,0.0000000
36345,0.0000576,0.0000001,0.0000000
36346,0.0000576,0.0000001,0.0000000
36347,0.0000576,0.0000001,0.0000000
36348,0.0000576,0.0000001,0.0000000
36349,0.0000576,0.0000001,0.0000000
36350,0.0000576,0.0000001,0.0000000
36351,0.0000576,0.0000001,0.0000000
36352,0.0000576,0.0000001,0.0000000
36353,0.0000576,0.0000001,0.0000000
36354,0.0000576,0.0000001,0.0000000
36355,0.0000576,0.0000001,0.0000000
36356,0.0000575,0.0000001,0.0000000
36357,0.0000575,0.0000001,0.0000000
36358,0.0000575,0.0000001,0.0000000
36359,0.0000575,0.0000001,0.0000000
36360,0.0000575,0.0000001,0.0000000
36361,0.0000575,0.0000001,0.0000000
36362,0.0000575,0.0000001,0.0000000
36363,0.0000575,0.0000001,0.0000000
36364,0.0000575,0.0000001,0.0000000
36365,0.0000575,0.0000001,0.0000000
36366,0.0000575,0.0000001,0.0000000
36367,0.0000574,0.0000001,0.0000000
36368,0.0000574,0.0000001,0.0000000
36369,0.0000574,0.0000001,0.0000000
36370,0.0000574,0.0000001,0.0000000
36371,0.0000574,0.0000001,0.0000000
36372,0.0000574,0.0000001,0.0000000
36373,0.0000574,0.0000001,0.0000000
36374,0.0000574,0.0000001,0.0000000
36375,0.0000574,0.0000001,0.0000000
36376,0.0000574,0.0000001,0.0000000
36377,0.0000573,0.0000001,0.0000000
36378,0.0000573,0.0000001,0.0000000
36379,0.0000573,0.0000001,0.0000000
36380,0.0000573,0.0000001,0.0000000
36381,0.0000573,0.0000001,0.0000000
36382,0.0000573,0.0000001,0.0000000
36383,0.0000573,0.0000001,0.0000000
36384,0.0000573,0.0000001,0.0000000
36385,0.0000573,0.0000001,0.0000000
36386,0.0000573,0.0000001,0.0000000
36387,0.0000573,0.0000001,0.0000000
36388,0.0000572,0.0000001,0.0000000
36389,0.0000572,0.0000001,0.0000000
36390,0.0000572,0.0000001,0.0000000
36391,0.0000572,0.0000001,0.0000000
36392,0.0000572,0.0000001,0.0000000
36393,0.0000572,0.0000001,0.0000000
36394,0.0000572,0.0000001,0.0000000
36395,0.0000572,0.0000001,0.0000000
36396,0.0000572,0.0000001,0.0000000
36397,0.0000572,0.0000001,0.0000000
36398,0.0000572,0.0000001,0.0000000
36399,0.0000571,0.0000001,0.0000000
36400,0.0000571,0.0000001,0.0000000
36401,0.0000571,0.0000001,0.0000000
36402,0.0000571,0.0000001,0.0000000
36403,0.0000571,0.0000001,0.0000000
36404,0.0000571,0.0000001,0.0000000
36405,0.0000571,0.0000001,0.0000000
36406,0.0000571,0.0000001,0.0000000
36407,0.0000571,0.0000001,0.0000000
36408,0.0000571,0.0000001,0.0000000
36409,0.0000571,0.0000001,0.0000000
36410,0.0000570,0.0000001,0.0000000
36411,0.0000570,0.0000001,0.0000000
36412,0.0000570,0.0000001,0.0000000
36413,0.0000570,0.0000001,0.0000000
36414,0.0000570,0.0000001,0.0000000
36415,0.0000570,0.0000001,0.0000000
36416,0.0000570,0.0000001,0.0000000
36417,0.0000570,0.0000001,0.0000000
36418,0.0000570,0.0000001,0.0000000
36419,0.0000570,0.0000001,0.0000000
36420,0.0000570,0.0000001,0.0000000
36421,0.0000569,0.0000001,0.0000000
36422,0.0000569,0.0000001,0.0000000
36423,0.0000569,0.0000001,0.0000000
36424,0.0000569,0.0000001,0.0000000
36425,0.0000569,0.0000001,0.0000000
36426,0.0000569,0.0000001,0.0000000
36427,0.0000569,0.0000001,0.0000000
36428,0.0000569,0.0000001,0.0000000
36429,0.0000569,0.0000001,0.0000000
36430,0.0000569,0.0000001,0.0000000
36431,0.0000569,0.0000001,0.0000000
36432,0.0000568,0.0000001,0.0000000
36433,0.0000568,0.0000001,0.0000000
36434,0.0000568,0.0000001,0.0000000
36435,0.0000568,0.0000001,0.0000000
36436,0.0000568,0.0000001,0.0000000
36437,0.0000568,0.0000001,0.0000000
36438,0.0000568,0.0000001,0.0000000
36439,0.0000568,0.0000001,0.0000000
36440,0.0000568,0.0000001,0.0000000
36441,0.0000568,0.0000001,0.0000000
36442,0.0000568,0.0000001,0.0000000
36443,0.0000567,0.0000001,0.0000000
36444,0.0000567,0.0000001,0.0000000
36445,0.0000567,0.0000001,0.0000000
36446,0.0000567,0.0000001,0.0000000
36447,0.0000567,0.0000001,0.0000000
36448,0.0000567,0.0000001,0.0000000
36449,0.0000567,0.0000001,0.0000000
36450,0.0000567,0.0000001,0.0000000
36451,0.0000567,0.0000001,0.0000000
36452,0.0000567,0.0000001,0.0000000
36453,0.0000567,0.0000001,0.0000000
36454,0.0000566,0.0000001,0.0000000
36455,0.0000566,0.0000001,0.0000000
36456,0.0000566,0.0000001,0.0000000
36457,0.0000566,0.0000001,0.0000000
36458,0.0000566,0.0000001,0.0000000
36459,0.0000566,0.0000001,0.0000000
36460,0.0000566,0.0000001,0.0000000
36461,0.0000566,0.0000001,0.0000000
36462,0.0000566,0.0000001,0.0000000
36463,0.0000566,0.0000001,0.0000000
36464,0.0000566,0.0000001,0.0000000
36465,0.0000565,0.0000001,0.0000000
36466,0.0000565,0.0000001,0.0000000
36467,0.0000565,0.0000001,0.0000000
36468,0.0000565,0.0000001,0.0000000
36469,0.0000565,0.0000001,0.0000000
36470,0.0000565,0.0000001,0.0000000
36471,0.0000565,0.0000001,0.0000000
36472,0.0000565,0.0000001,0.0000000
36473,0.0000565,0.0000001,0.0000000
36474,0.0000565,0.0000001,0.0000000
36475,0.0000565,0.0000001,0.0000000
36476,0.0000564,0.0000001,0.0000000
36477,0.0000564,0.0000001,0.0000000
36478,0.0000564,0.0000001,0.0000000
36479,0.0000564,0.0000001,0.0000000
36480,0.0000564,0.0000001,0.0000000
36481,0.0000564,0.0000001,0.0000000
36482,0.0000564,0.0000001,0.0000000
36483,0.0000564,0.0000001,0.0000000
36484,0.0000564,0.0000001,0.0000000
36485,0.0000564,0.0000001,0.0000000
36486,0.0000564,0.0000001,0.0000000
36487,0.0000563,0.0000001,0.0000000
36488,0.0000563,0.0000001,0.0000000
36489,0.0000563,0.0000001,0.0000000
36490,0.0000563,0.0000001,0.0000000
36491,0.0000563,0.0000001,0.0000000
36492,0.0000563,0.0000001,0.0000000
36493,0.0000563,0.0000001,0.0000000
36494,0.0000563,0.0000001,0.0000000
36495,0.0000563,0.0000001,0.0000000
36496,0.0000563,0.0000001,0.0000000
36497,0.0000563,0.0000001,0.0000000
36498,0.0000562,0.0000001,0.0000000
36499,0.0000562,0.0000001,0.0000000
36500,0.0000562,0.0000001,0.0000000
36501,0.0000562,0.0000001,0.0000000
36502,0.0000562,0.0000001,0.0000000
36503,0.0000562,0.0000001,0.0000000
36504,0.0000562,0.0000001,0.0000000
36505,0.0000562,0.0000001,0.0000000
36506,0.0000562,0.0000001,0.0000000
36507,0.0000562,0.0000001,0.0000000
36508,0.0000562,0.0000001,0.0000000
36509,0.0000561,0.0000001,0.0000000
36510,0.0000561,0.0000001,0.0000000
36511,0.0000561,0.0000001,0.0000000
36512,0.0000561,0.0000001,0.0000000
36513,0.0000561,0.0000001,0.0000000
36514,0.0000561,0.0000001,0.0000000
36515,0.0000561,0.0000001,0.0000000
36516,0.0000561,0.0000001,0.0000000
36517,0.0000561,0.0000001,0.0000000
36518,0.0000561,0.0000001,0.0000000
36519,0.0000561,0.0000001,0.0000000
36520,0.0000560,0.0000001,0.0000000
36521,0.0000560,0.0000001,0.0000000
36522,0.0000560,0.0000001,0.0000000
36523,0.0000560,0.0000001,0.0000000
36524,0.0000560,0.0000001,0.0000000
36525,0.0000560,0.0000001,0.0000000
36526,0.0000560,0.0000001,0.0000000
36527,0.0000560,0.0000001,0.0000000
36528,0.0000560,0.0000001,0.0000000
36529,0.0000560,0.0000001,0.0000000
36530,0.0000560,0.0000001,0.0000000
36531,0.0000559,0.0000001,0.0000000
36532,0.0000559,0.0000001,0.0000000
36533,0.0000559,0.0000001,0.0000000
36534,0.0000559,0.0000001,0.0000000
36535,0.0000559,0.0000001,0.0000000
36536,0.0000559,0.0000001,0.0000000
36537,0.0000559,0.0000001,0.0000000
36538,0.0000559,0.0000001,0.0000000
36539,0.0000559,0.0000001,0.0000000
36540,0.0000559,0.0000001,0.0000000
36541,0.0000559,0.0000001,0.0000000
36542,0.0000558,0.0000001,0.0000000
36543,0.0000558,0.0000001,0.0000000
36544,0.0000558,0.0000001,0.0000000
36545,0.0000558,0.0000001,0.0000000
36546,0.0000558,0.0000001,0.0000000
36547,0.0000558,0.0000001,0.0000000
36548,0.0000558,0.0000001,0.0000000
36549,0.0000558,0.0000001,0.0000000
36550,0.0000558,0.0000001,0.0000000
36551,0.0000558,0.0000001,0.0000000
36552,0.0000558,0.0000001,0.0000000
36553,0.0000557,0.0000001,0.0000000
36554,0.0000557,0.0000001,0.0000000
36555,0.0000557,0.0000001,0.0000000
36556,0.0000557,0.0000001,0.0000000
36557,0.0000557,0.0000001,0.0000000
36558,0.0000557,0.0000001,0.0000000
36559,0.0000557,0.0000001,0.0000000
36560,0.0000557,0.0000001,0.0000000
36561,0.0000557,0.0000001,0.0000000
36562,0.0000557,0.0000001,0.0000000
36563,0.0000557,0.0000001,0.0000000
36564,0.0000556,0.0000001,0.0000000
36565,0.0000556,0.0000001,0.0000000
36566,0.0000556,0.0000001,0.0000000
36567,0.0000556,0.0000001,0.0000000
36568,0.0000556,0.0000001,0.0000000
36569,0.0000556,0.0000001,0.0000000
36570,0.0000556,0.0000001,0.0000000
36571,0.0000556,0.0000001,0.0000000
36572,0.0000556,0.0000001,0.0000000
36573,0.0000556,0.0000001,0.0000000
36574,0.0000556,0.0000001,0.0000000
36575,0.0000556,0.0000001,0.0000000
36576,0.0000555,0.0000001,0.0000000
36577,0.0000555,0.0000001,0.0000000
36578,0.0000555,0.0000001,0.0000000
36579,0.0000555,0.0000001,0.0000000
36580,0.0000555,0.0000001,0.0000000
36581,0.0000555,0.0000001,0.0000000
36582,0.0000555,0.0000001,0.0000000
36583,0.0000555,0.0000001,0.0000000
36584,0.0000555,0.0000001,0.0000000
36585,0.0000555,0.0000001,0.0000000
36586,0.0000555,0.0000001,0.0000000
36587,0.0000554,0.0000001,0.0000000
36588,0.0000554,0.0000001,0.0000000
36589,0.0000554,0.0000001,0.0000000
36590,0.0000554,0.0000001,0.0000000
36591,0.0000554,0.0000001,0.0000000
36592,0.0000554,0.0000001,0.0000000
36593,0.0000554,0.0000001,0.0000000
36594,0.0000554,0.0000001,0.0000000
36595,0.0000554,0.0000001,0.0000000
36596,0.0000554,0.0000001,0.0000000
36597,0.0000554,0.0000001,0.0000000
36598,0.0000553,0.0000001,0.0000000
36599,0.0000553,0.0000001,0.0000000
36600,0.0000553,0.0000001,0.0000000
36601,0.0000553,0.0000001,0.0000000
36602,0.0000553,0.0000001,0.0000000
36603,0.0000553,0.0000001,0.0000000
36604,0.0000553,0.0000001,0.0000000
36605,0.0000553,0.0000001,0.0000000
36606,0.0000553,0.0000001,0.0000000
36607,0.0000553,0.0000001,0.0000000
36608,0.0000553,0.0000001,0.0000000
36609,0.0000552,0.0000001,0.0000000
36610,0.0000552,0.0000001,0.0000000
36611,0.0000552,0.0000001,0.0000000
36612,0.0000552,0.0000001,0.0000000
36613,0.0000552,0.0000001,0.0000000
36614,0.0000552,0.0000001,0.0000000
36615,0.0000552,0.0000001,0.0000000
36616,0.0000552,0.0000001,0.0000000
36617,0.0000552,0.0000001,0.0000000
36618,0.0000552,0.0000001,0.0000000
36619,0.0000552,0.0000001,0.0000000
36620,0.0000551,0.0000001,0.0000000
36621,0.0000551,0.0000001,0.0000000
36622,0.0000551,0.0000001,0.0000000
36623,0.0000551,0.0000001,0.0000000
36624,0.0000551,0.0000001,0.0000000
36625,0.0000551,0.0000001,0.0000000
36626,0.0000551,0.0000001,0.0000000
36627,0.0000551,0.0000001,0.0000000
36628,0.0000551,0.0000001,0.0000000
36629,0.0000551,0.0000001,0.0000000
36630,0.0000551,0.0000001,0.0000000
36631,0.0000551,0.0000001,0.0000000
36632,0.0000550,0.0000001,0.0000000
36633,0.0000550,0.0000001,0.0000000
36634,0.0000550,0.0000001,0.0000000
36635,0.0000550,0.0000001,0.0000000
36636,0.0000550,0.0000001,0.0000000
36637,0.0000550,0.0000001,0.0000000
36638,0.0000550,0.0000001,0.0000000
36639,0.0000550,0.0000001,0.0000000
36640,0.0000550,0.0000001,0.0000000
36641,0.0000550,0.0000001,0.0000000
36642,0.0000550,0.0000001,0.0000000
36643,0.0000549,0.0000001,0.0000000
36644,0.0000549,0.0000001,0.0000000
36645,0.0000549,0.0000001,0.0000000
36646,0.0000549,0.0000001,0.0000000
36647,0.0000549,0.0000001,0.0000000
36648,0.0000549,0.0000001,0.0000000
36649,0.0000549,0.0000001,0.0000000
36650,0.0000549,0.0000001,0.0000000
36651,0.0000549,0.0000001,0.0000000
36652,0.0000549,0.0000001,0.0000000
36653,0.0000549,0.0000001,0.0000000
36654,0.0000548,0.0000001,0.0000000
36655,0.0000548,0.0000001,0.0000000
36656,0.0000548,0.0000001,0.0000000
36657,0.0000548,0.0000001,0.0000000
36658,0.0000548,0.0000001,0.0000000
36659,0.0000548,0.0000001,0.0000000
36660,0.0000548,0.0000001,0.0000000
36661,0.0000548,0.0000001,0.0000000
36662,0.0000548,0.0000001,0.0000000
36663,0.0000548,0.0000001,0.0000000
36664,0.0000548,0.0000001,0.0000000
36665,0.0000548,0.0000001,0.0000000
36666,0.0000547,0.0000001,0.0000000
36667,0.0000547,0.0000001,0.0000000
36668,0.0000547,0.0000001,0.0000000
36669,0.0000547,0.0000001,0.0000000
36670,0.0000547,0.0000001,0.0000000
36671,0.0000547,0.0000001,0.0000000
36672,0.0000547,0.0000001,0.0000000
36673,0.0000547,0.0000001,0.0000000
36674,0.0000547,0.0000001,0.0000000
36675,0.0000547,0.0000001,0.0000000
36676,0.0000547,0.0000001,0.0000000
36677,0.0000546,0.0000001,0.0000000
36678,0.0000546,0.0000001,0.0000000
36679,0.0000546,0.0000001,0.0000000
36680,0.0000546,0.0000001,0.0000000
36681,0.0000546,0.0000001,0.0000000
36682,0.0000546,0.0000001,0.0000000
36683,0.0000546,0.0000001,0.0000000
36684,0.0000546,0.0000001,0.0000000
36685,0.0000546,0.0000001,0.0000000
36686,0.0000546,0.0000001,0.0000000
36687,0.0000546,0.0000001,0.0000000
36688,0.0000545,0.0000001,0.0000000
36689,0.0000545,0.0000001,0.0000000
36690,0.0000545,0.0000001,0.0000000
36691,0.0000545,0.0000001,0.0000000
36692,0.0000545,0.0000001,0.0000000
36693,0.0000545,0.0000001,0.0000000
36694,0.0000545,0.0000001,0.0000000
36695,0.0000545,0.0000001,0.0000000
36696,0.0000545,0.0000001,0.0000000
36697,0.0000545,0.0000001,0.0000000
36698,0.0000545,0.0000001,0.0000000
36699,0.0000545,0.0000001,0.0000000
36700,0.0000544,0.0000001,0.0000000
36701,0.0000544,0.0000001,0.0000000
36702,0.0000544,0.0000001,0.0000000
36703,0.0000544,0.0000001,0.0000000
36704,0.0000544,0.0000001,0.0000000
36705,0.0000544,0.0000001,0.0000000
36706,0.0000544,0.0000001,0.0000000
36707,0.0000544,0.0000001,0.0000000
36708,0.0000544,0.0000001,0.0000000
36709,0.0000544,0.0000001,0.0000000
36710,0.0000544,0.0000001,0.0000000
36711,0.0000543,0.0000001,0.0000000
36712,0.0000543,0.0000001,0.0000000
36713,0.0000543,0.0000001,0.0000000
36714,0.0000543,0.0000001,0.0000000
36715,0.0000543,0.0000001,0.0000000
36716,0.0000543,0.0000001,0.0000000
36717,0.0000543,0.0000001,0.0000000
36718,0.0000543,0.0000001,0.0000000
36719,0.0000543,0.0000001,0.0000000
36720,0.0000543,0.0000001,0.0000000
36721,0.0000543,0.0000001,0.0000000
36722,0.0000543,0.0000001,0.0000000
36723,0.0000542,0.0000001,0.0000000
36724,0.0000542,0.0000001,0.0000000
36725,0.0000542,0.0000001,0.0000000
36726,0.0000542,0.0000001,0.0000000
36727,0.0000542,0.0000001,0.0000000
36728,0.0000542,0.0000001,0.0000000
36729,0.0000542,0.0000001,0.0000000
36730,0.0000542,0.0000001,0.0000000
36731,0.0000542,0.0000001,0.0000000
36732,0.0000542,0.0000001,0.0000000
36733,0.0000542,0.0000001,0.0000000
36734,0.0000541,0.0000001,0.0000000
36735,0.0000541,0.0000001,0.0000000
36736,0.0000541,0.0000001,0.0000000
36737,0.0000541,0.0000001,0.0000000
36738,0.0000541,0.0000001,0.0000000
36739,0.0000541,0.0000001,0.0000000
36740,0.0000541,0.0000001,0.0000000
36741,0.0000541,0.0000001,0.0000000
36742,0.0000541,0.0000001,0.0000000
36743,0.0000541,0.0000001,0.0000000
36744,0.0000541,0.0000001,0.0000000
36745,0.0000541,0.0000001,0.0000000
36746,0.0000540,0.0000001,0.0000000
36747,0.0000540,0.0000001,0.0000000
36748,0.0000540,0.0000001,0.0000000
36749,0.0000540,0.0000001,0.0000000
36750,0.0000540,0.0000001,0.0000000
36751,0.0000540,0.0000001,0.0000000
36752,0.0000540,0.0000001,0.0000000
36753,0.0000540,0.0000001,0.0000000
36754,0.0000540,0.0000001,0.0000000
36755,0.0000540,0.0000001,0.0000000
36756,0.0000540,0.0000001,0.0000000
36757,0.0000539,0.0000001,0.0000000
36758,0.0000539,0.0000001,0.0000000
36759,0.0000539,0.0000001,0.0000000
36760,0.0000539,0.0000001,0.0000000
36761,0.0000539,0.0000001,0.0000000
36762,0.0000539,0.0000001,0.0000000
36763,0.0000539,0.0000001,0.0000000
36764,0.0000539,0.0000001,0.0000000
36765,0.0000539,0.0000001,0.0000000
36766,0.0000539,0.0000001,0.0000000
36767,0.0000539,0.0000001,0.0000000
36768,0.0000539,0.0000001,0.0000000
36769,0.0000538,0.0000001,0.0000000
36770,0.0000538,0.0000001,0.0000000
36771,0.0000538,0.0000001,0.0000000
36772,0.0000538,0.0000001,0.0000000
36773,0.0000538,0.0000001,0.0000000
36774,0.0000538,0.0000001,0.0000000
36775,0.0000538,0.0000001,0.0000000
36776,0.0000538,0.0000001,0.0000000
36777,0.0000538,0.0000001,0.0000000
36778,0.0000538,0.0000001,0.0000000
36779,0.0000538,0.0000001,0.0000000
36780,0.0000537,0.0000001,0.0000000
36781,0.0000537,0.0000001,0.0000000
36782,0.0000537,0.0000001,0.0000000
36783,0.0000537,0.0000001,0.0000000
36784,0.0000537,0.0000001,0.0000000
36785,0.0000537,0.0000001,0.0000000
36786,0.0000537,0.0000001,0.0000000
36787,0.0000537,0.0000001,0.0000000
36788,0.0000537,0.0000001,0.0000000
36789,0.0000537,0.0000001,0.0000000
36790,0.0000537,0.0000001,0.0000000
36791,0.0000537,0.0000001,0.0000000
36792,0.0000536,0.0000001,0.0000000
36793,0.0000536,0.0000001,0.0000000
36794,0.0000536,0.0000001,0.0000000
36795,0.0000536,0.0000001,0.0000000
36796,0.0000536,0.0000001,0.0000000
36797,0.0000536,0.0000001,0.0000000
36798,0.0000536,0.0000001,0.0000000
36799,0.0000536,0.0000001,0.0000000
36800,0.0000536,0.0000001,0.0000000
36801,0.0000536,0.0000001,0.0000000
36802,0.0000536,0.0000001,0.0000000
36803,0.0000536,0.0000001,0.0000000
36804,0.0000535,0.0000001,0.0000000
36805,0.0000535,0.0000001,0.0000000
36806,0.0000535,0.0000001,0.0000000
36807,0.0000535,0.0000001,0.0000000
36808,0.0000535,0.0000001,0.0000000
36809,0.0000535,0.0000001,0.0000000
36810,0.0000535,0.0000001,0.0000000
36811,0.0000535,0.0000001,0.0000000
36812,0.0000535,0.0000001,0.0000000
36813,0.0000535,0.0000001,0.0000000
36814,0.0000535,0.0000001,0.0000000
36815,0.0000534,0.0000001,0.0000000
36816,0.0000534,0.0000001,0.0000000
36817,0.0000534,0.0000001,0.0000000
36818,0.0000534,0.0000001,0.0000000
36819,0.0000534,0.0000001,0.0000000
36820,0.0000534,0.0000001,0.0000000
36821,0.0000534,0.0000001,0.0000000
36822,0.0000534,0.0000001,0.0000000
36823,0.0000534,0.0000001,0.0000000
36824,0.0000534,0.0000001,0.0000000
36825,0.0000534,0.0000001,0.0000000
36826,0.0000534,0.0000001,0.0000000
36827,0.0000533,0.0000001,0.0000000
36828,0.0000533,0.0000001,0.0000000
36829,0.0000533,0.0000001,0.0000000
36830,0.0000533,0.0000001,0.0000000
36831,0.0000533,0.0000001,0.0000000
36832,0.0000533,0.0000001,0.0000000
36833,0.0000533,0.0000001,0.0000000
36834,0.0000533,0.0000001,0.0000000
36835,0.0000533,0.0000001,0.0000000
36836,0.0000533,0.0000001,0.0000000
36837,0.0000533,0.0000001,0.0000000
36838,0.0000533,0.0000001,0.0000000
36839,0.0000532,0.0000001,0.0000000
36840,0.0000532,0.0000001,0.0000000
36841,0.0000532,0.0000001,0.0000000
36842,0.0000532,0.0000001,0.0000000
36843,0.0000532,0.0000001,0.0000000
36844,0.0000532,0.0000001,0.0000000
36845,0.0000532,0.0000001,0.0000000
36846,0.0000532,0.0000001,0.0000000
36847,0.0000532,0.0000001,0.0000000
36848,0.0000532,0.0000001,0.0000000
36849,0.0000532,0.0000001,0.0000000
36850,0.0000531,0.0000001,0.0000000
36851,0.0000531,0.0000001,0.0000000
36852,0.0000531,0.0000001,0.0000000
36853,0.0000531,0.0000001,0.0000000
36854,0.0000531,0.0000001,0.0000000
36855,0.0000531,0.0000001,0.0000000
36856,0.0000531,0.0000001,0.0000000
36857,0.0000531,0.0000001,0.0000000
36858,0.0000531,0.0000001,0.0000000
36859,0.0000531,0.0000001,0.0000000
36860,0.0000531,0.0000001,0.0000000
36861,0.0000531,0.0000001,0.0000000
36862,0.0000530,0.0000001,0.0000000
36863,0.0000530,0.0000001,0.0000000
36864,0.0000530,0.0000001,0.0000000
36865,0.0000530,0.0000001,0.0000000
36866,0.0000530,0.0000001,0.0000000
36867,0.0000530,0.0000001,0.0000000
36868,0.0000530,0.0000001,0.0000000
36869,0.0000530,0.0000001,0.0000000
36870,0.0000530,0.0000001,0.0000000
36871,0.0000530,0.0000001,0.0000000
36872,0.0000530,0.0000001,0.0000000
36873,0.0000530,0.0000001,0.0000000
36874,0.0000529,0.0000001,0.0000000
36875,0.0000529,0.0000001,0.0000000
36876,0.0000529,0.0000001,0.0000000
36877,0.0000529,0.0000001,0.0000000
36878,0.0000529,0.0000001,0.0000000
36879,0.0000529,0.0000001,0.0000000
36880,0.0000529,0.0000001,0.0000000
36881,0.0000529,0.0000001,0.0000000
36882,0.0000529,0.0000001,0.0000000
36883,0.0000529,0.0000001,0.0000000
36884,0.0000529,0.0000001,0.0000000
36885,0.0000528,0.0000001,0.0000000
36886,0.0000528,0.0000001,0.0000000
36887,0.0000528,0.0000001,0.0000000
36888,0.0000528,0.0000001,0.0000000
36889,0.0000528,0.0000001,0.0000000
36890,0.0000528,0.0000001,0.0000000
36891,0.0000528,0.0000001,0.0000000
36892,0.0000528,0.0000001,0.0000000
36893,0.0000528,0.0000001,0.0000000
36894,0.0000528,0.0000001,0.0000000
36895,0.0000528,0.0000001,0.0000000
36896,0.0000528,0.0000001,0.0000000
36897,0.0000527,0.0000001,0.0000000
36898,0.0000527,0.0000001,0.0000000
36899,0.0000527,0.0000001,0.0000000
36900,0.0000527,0.0000001,0.0000000
36901,0.0000527,0.0000001,0.0000000
36902,0.0000527,0.0000001,0.0000000
36903,0.0000527,0.0000001,0.0000000
36904,0.0000527,0.0000001,0.0000000
36905,0.0000527,0.0000001,0.0000000
36906,0.0000527,0.0000001,0.0000000
36907,0.0000527,0.0000001,0.0000000
36908,0.0000527,0.0000001,0.0000000
36909,0.0000526,0.0000001,0.0000000
36910,0.0000526,0.0000001,0.0000000
36911,0.0000526,0.0000001,0.0000000
36912,0.0000526,0.0000001,0.0000000
36913,0.0000526,0.0000001,0.0000000
36914,0.0000526,0.0000001,0.0000000
36915,0.0000526,0.0000001,0.0000000
36916,0.0000526,0.0000001,0.0000000
36917,0.0000526,0.0000001,0.0000000
36918,0.0000526,0.0000001,0.0000000
36919,0.0000526,0.0000001,0.0000000
36920,0.0000526,0.0000001,0.0000000
36921,0.0000525,0.0000001,0.0000000
36922,0.0000525,0.0000001,0.0000000
36923,0.0000525,0.0000001,0.0000000
36924,0.0000525,0.0000001,0.0000000
36925,0.0000525,0.0000001,0.0000000
36926,0.0000525,0.0000001,0.0000000
36927,0.0000525,0.0000001,0.0000000
36928,0.0000525,0.0000001,0.0000000
36929,0.0000525,0.0000001,0.0000000
36930,0.0000525,0.0000001,0.0000000
36931,0.0000525,0.0000001,0.0000000
36932,0.0000525,0.0000001,0.0000000
36933,0.0000524,0.0000001,0.0000000
36934,0.0000524,0.0000001,0.0000000
36935,0.0000524,0.0000001,0.0000000
36936,0.0000524,0.0000001,0.0000000
36937,0.0000524,0.0000001,0.0000000
36938,0.0000524,0.0000001,0.0000000
36939,0.0000524,0.0000001,0.0000000
36940,0.0000524,0.0000001,0.0000000
36941,0.0000524,0.0000001,0.0000000
36942,0.0000524,0.0000001,0.0000000
36943,0.0000524,0.0000001,0.0000000
36944,0.0000524,0.0000001,0.0000000
36945,0.0000523,0.0000001,0.0000000
36946,0.0000523,0.0000001,0.0000000
36947,0.0000523,0.0000001,0.0000000
36948,0.0000523,0.0000001,0.0000000
36949,0.0000523,0.0000001,0.0000000
36950,0.0000523,0.0000001,0.0000000
36951,0.0000523,0.0000001,0.0000000
36952,0.0000523,0.0000001,0.0000000
36953,0.0000523,0.0000001,0.0000000
36954,0.0000523,0.0000001,0.0000000
36955,0.0000523,0.0000001,0.0000000
36956,0.0000523,0.0000001,0.0000000
36957,0.0000522,0.0000001,0.0000000
36958,0.0000522,0.0000001,0.0000000
36959,0.0000522,0.0000001,0.0000000
36960,0.0000522,0.0000001,0.0000000
36961,0.0000522,0.0000001,0.0000000
36962,0.0000522,0.0000001,0.0000000
36963,0.0000522,0.0000001,0.0000000
36964,0.0000522,0.0000001,0.0000000
36965,0.0000522,0.0000001,0.0000000
36966,0.0000522,0.0000001,0.0000000
36967,0.0000522,0.0000001,0.0000000
36968,0.0000521,0.0000001,0.0000000
36969,0.0000521,0.0000001,0.0000000
36970,0.0000521,0.0000001,0.0000000
36971,0.0000521,0.0000001,0.0000000
36972,0.0000521,0.0000001,0.0000000
36973,0.0000521,0.0000001,0.0000000
36974,0.0000521,0.0000001,0.0000000
36975,0.0000521,0.0000001,0.0000000
36976,0.0000521,0.0000001,0.0000000
36977,0.0000521,0.0000001,0.0000000
36978,0.0000521,0.0000001,0.0000000
36979,0.0000521,0.0000001,0.0000000
36980,0.0000520,0.0000001,0.0000000
36981,0.0000520,0.0000001,0.0000000
36982,0.0000520,0.0000001,0.0000000
36983,0.0000520,0.0000001,0.0000000
36984,0.0000520,0.0000001,0.0000000
36985,0.0000520,0.0000001,0.0000000
36986,0.0000520,0.0000001,0.0000000
36987,0.0000520,0.0000001,0.0000000
36988,0.0000520,0.0000001,0.0000000
36989,0.0000520,0.0000001,0.0000000
36990,0.0000520,0.0000001,0.0000000
36991,0.0000520,0.0000001,0.0000000
36992,0.0000519,0.0000001,0.0000000
36993,0.0000519,0.0000001,0.0000000
36994,0.0000519,0.0000001,0.0000000
36995,0.0000519,0.0000001,0.0000000
36996,0.0000519,0.0000001,0.0000000
36997,0.0000519,0.0000001,0.0000000
36998,0.0000519,0.0000001,0.0000000
36999,0.0000519,0.0000001,0.0000000
37000,0.0000519,0.0000001,0.0000000
37001,0.0000519,0.0000001,0.0000000
37002,0.0000519,0.0000001,0.0000000
37003,0.0000519,0.0000001,0.0000000
37004,0.0000518,0.0000001,0.0000000
37005,0.0000518,0.0000001,0.0000000
37006,0.0000518,0.0000001,0.0000000
37007,0.0000518,0.0000001,0.0000000
37008,0.0000518,0.0000001,0.0000000
37009,0.0000518,0.0000001,0.0000000
37010,0.0000518,0.0000001,0.0000000
37011,0.0000518,0.0000001,0.0000000
37012,0.0000518,0.0000001,0.0000000
37013,0.0000518,0.0000001,0.0000000
37014,0.0000518,0.0000001,0.0000000
37015,0.0000518,0.0000001,0.0000000
37016,0.0000517,0.0000001,0.0000000
37017,0.0000517,0.0000001,0.0000000
37018,0.0000517,0.0000001,0.0000000
37019,0.0000517,0.0000001,0.0000000
37020,0.0000517,0.0000001,0.0000000
37021,0.0000517,0.0000001,0.0000000
37022,0.0000517,0.0000001,0.0000000
37023,0.0000517,0.0000001,0.0000000
37024,0.0000517,0.0000001,0.0000000
37025,0.0000517,0.0000001,0.0000000
37026,0.0000517,0.0000001,0.0000000
37027,0.0000517,0.0000001,0.0000000
37028,0.0000516,0.0000001,0.0000000
37029,0.0000516,0.0000001,0.0000000
37030,0.0000516,0.0000001,0.0000000
37031,0.0000516,0.0000001,0.0000000
37032,0.0000516,0.0000001,0.0000000
37033,0.0000516,0.0000001,0.0000000
37034,0.0000516,0.0000001,0.0000000
37035,0.0000516,0.0000001,0.0000000
37036,0.0000516,0.0000001,0.0000000
37037,0.0000516,0.0000001,0.0000000
37038,0.0000516,0.0000001,0.0000000
37039,0.0000516,0.0000001,0.0000000
37040,0.0000516,0.0000001,0.0000000
37041,0.0000515,0.0000001,0.0000000
37042,0.0000515,0.0000001,0.0000000
37043,0.0000515,0.0000001,0.0000000
37044,0.0000515,0.0000001,0.0000000
37045,0.0000515,0.0000001,0.0000000
37046,0.0000515,0.0000001,0.0000000
37047,0.0000515,0.0000001,0.0000000
37048,0.0000515,0.0000001,0.0000000
37049,0.0000515,0.0000001,0.0000000
37050,0.0000515,0.0000001,0.0000000
37051,0.0000515,0.0000001,0.0000000
37052,0.0000515,0.0000001,0.0000000
37053,0.0000514,0.0000001,0.0000000
37054,0.0000514,0.0000001,0.0000000
37055,0.0000514,0.0000001,0.0000000
37056,0.0000514,0.0000001,0.0000000
37057,0.0000514,0.0000001,0.0000000
37058,0.0000514,0.0000001,0.0000000
37059,0.0000514,0.0000001,0.0000000
37060,0.0000514,0.0000001,0.0000000
37061,0.0000514,0.0000001,0.0000000
37062,0.0000514,0.0000001,0.0000000
37063,0.0000514,0.0000001,0.0000000
37064,0.0000514,0.0000001,0.0000000
37065,0.0000513,0.0000001,0.0000000
37066,0.0000513,0.0000001,0.0000000
37067,0.0000513,0.0000001,0.0000000
37068,0.0000513,0.0000001,0.0000000
37069,0.0000513,0.0000001,0.0000000
37070,0.0000513,0.0000001,0.0000000
37071,0.0000513,0.0000001,0.0000000
37072,0.0000513,0.0000001,0.0000000
37073,0.0000513,0.0000001,0.0000000
37074,0.0000513,0.0000001,0.0000000
37075,0.0000513,0.0000001,0.0000000
37076,0.0000513,0.0000001,0.0000000
37077,0.0000512,0.0000001,0.0000000
37078,0.0000512,0.0000001,0.0000000
37079,0.0000512,0.0000001,0.0000000
37080,0.0000512,0.0000001,0.0000000
37081,0.0000512,0.0000001,0.0000000
37082,0.0000512,0.0000001,0.0000000
37083,0.0000512,0.0000001,0.0000000
37084,0.0000512,0.0000001,0.0000000
37085,0.0000512,0.0000001,0.0000000
37086,0.0000512,0.0000001,0.0000000
37087,0.0000512,0.0000001,0.0000000
37088,0.0000512,0.0000001,0.0000000
37089,0.0000511,0.0000001,0.0000000
37090,0.0000511,0.0000001,0.0000000
37091,0.0000511,0.0000001,0.0000000
37092,0.0000511,0.0000001,0.0000000
37093,0.0000511,0.0000001,0.0000000
37094,0.0000511,0.0000001,0.0000000
37095,0.0000511,0.0000001,0.0000000
37096,0.0000511,0.0000001,0.0000000
37097,0.0000511,0.0000001,0.0000000
37098,0.0000511,0.0000001,0.0000000
37099,0.0000511,0.0000001,0.0000000
37100,0.0000511,0.0000001,0.0000000
37101,0.0000510,0.0000001,0.0000000
37102,0.0000510,0.0000001,0.0000000
37103,0.0000510,0.0000001,0.0000000
37104,0.0000510,0.0000001,0.0000000
37105,0.0000510,0.0000001,0.0000000
37106,0.0000510,0.0000001,0.0000000
37107,0.0000510,0.0000001,0.0000000
37108,0.0000510,0.0000001,0.0000000
37109,0.0000510,0.0000001,0.0000000
37110,0.0000510,0.0000001,0.0000000
37111,0.0000510,0.0000001,0.0000000
37112,0.0000510,0.0000001,0.0000000
37113,0.0000510,0.0000001,0.0000000
37114,0.0000509,0.0000001,0.0000000
37115,0.0000509,0.0000001,0.0000000
37116,0.0000509,0.0000001,0.0000000
37117,0.0000509,0.0000001,0.0000000
37118,0.0000509,0.0000001,0.0000000
37119,0.0000509,0.0000001,0.0000000
37120,0.0000509,0.0000001,0.0000000
37121,0.0000509,0.0000001,0.0000000
37122,0.0000509,0.0000001,0.0000000
37123,0.0000509,0.0000001,0.0000000
37124,0.0000509,0.0000001,0.0000000
37125,0.0000509,0.0000001,0.0000000
37126,0.0000508,0.0000001,0.0000000
37127,0.0000508,0.0000001,0.0000000
37128,0.0000508,0.0000001,0.0000000
37129,0.0000508,0.0000001,0.0000000
37130,0.0000508,0.0000001,0.0000000
37131,0.0000508,0.0000001,0.0000000
37132,0.0000508,0.0000001,0.0000000
37133,0.0000508,0.0000001,0.0000000
37134,0.0000508,0.0000001,0.0000000
37135,0.0000508,0.0000001,0.0000000
37136,0.0000508,0.0000001,0.0000000
37137,0.0000508,0.0000001,0.0000000
37138,0.0000507,0.0000001,0.0000000
37139,0.0000507,0.0000001,0.0000000
37140,0.0000507,0.0000001,0.0000000
37141,0.0000507,0.0000001,0.0000000
37142,0.0000507,0.0000001,0.0000000
37143,0.0000507,0.0000001,0.0000000
37144,0.0000507,0.0000001,0.0000000
37145,0.0000507,0.0000001,0.0000000
37146,0.0000507,0.0000001,0.0000000
37147,0.0000507,0.0000001,0.0000000
37148,0.0000507,0.0000001,0.0000000
37149,0.0000507,0.0000001,0.0000000
37150,0.0000506,0.0000001,0.0000000
37151,0.0000506,0.0000001,0.0000000
37152,0.0000506,0.0000001,0.0000000
37153,0.0000506,0.0000001,0.0000000
37154,0.0000506,0.0000001,0.0000000
37155,0.0000506,0.0000001,0.0000000
37156,0.0000506,0.0000001,0.0000000
37157,0.0000506,0.0000001,0.0000000
37158,0.0000506,0.0000001,0.0000000
37159,0.0000506,0.0000001,0.0000000
37160,0.0000506,0.0000001,0.0000000
37161,0.0000506,0.0000001,0.0000000
37162,0.0000506,0.0000001,0.0000000
37163,0.0000505,0.0000001,0.0000000
37164,0.0000505,0.0000001,0.0000000
37165,0.0000505,0.0000001,0.0000000
37166,0.0000505,0.0000001,0.0000000
37167,0.0000505,0.0000001,0.0000000
37168,0.0000505,0.0000001,0.0000000
37169,0.0000505,0.0000001,0.0000000
37170,0.0000505,0.0000001,0.0000000
37171,0.0000505,0.0000001,0.0000000
37172,0.0000505,0.0000001,0.0000000
37173,0.0000505,0.0000001,0.0000000
37174,0.0000505,0.0000001,0.0000000
37175,0.0000504,0.0000001,0.0000000
37176,0.0000504,0.0000001,0.0000000
37177,0.0000504,0.0000001,0.0000000
37178,0.0000504,0.0000001,0.0000000
37179,0.0000504,0.0000001,0.0000000
37180,0.0000504,0.0000001,0.0000000
37181,0.0000504,0.0000001,0.0000000
37182,0.0000504,0.0000001,0.0000000
37183,0.0000504,0.0000001,0.0000000
37184,0.0000504,0.0000001,0.0000000
37185,0.0000504,0.0000001,0.0000000
37186,0.0000504,0.0000001,0.0000000
37187,0.0000503,0.0000001,0.0000000
37188,0.0000503,0.0000001,0.0000000
37189,0.0000503,0.0000001,0.0000000
37190,0.0000503,0.0000001,0.0000000
37191,0.0000503,0.0000001,0.0000000
37192,0.0000503,0.0000001,0.0000000
37193,0.0000503,0.0000001,0.0000000
37194,0.0000503,0.0000001,0.0000000
37195,0.0000503,0.0000001,0.0000000
37196,0.0000503,0.0000001,0.0000000
37197,0.0000503,0.0000001,0.0000000
37198,0.0000503,0.0000001,0.0000000
37199,0.0000503,0.0000001,0.0000000
37200,0.0000502,0.0000001,0.0000000
37201,0.0000502,0.0000001,0.0000000
37202,0.0000502,0.0000001,0.0000000
37203,0.0000502,0.0000001,0.0000000
37204,0.0000502,0.0000001,0.0000000
37205,0.0000502,0.0000001,0.0000000
37206,0.0000502,0.0000001,0.0000000
37207,0.0000502,0.0000001,0.0000000
37208,0.0000502,0.0000001,0.0000000
37209,0.0000502,0.0000001,0.0000000
37210,0.0000502,0.0000001,0.0000000
37211,0.0000502,0.0000001,0.0000000
37212,0.0000501,0.0000001,0.0000000
37213,0.0000501,0.0000001,0.0000000
37214,0.0000501,0.0000001,0.0000000
37215,0.0000501,0.0000001,0.0000000
37216,0.0000501,0.0000001,0.0000000
37217,0.0000501,0.0000001,0.0000000
37218,0.0000501,0.0000001,0.0000000
37219,0.0000501,0.0000001,0.0000000
37220,0.0000501,0.0000001,0.0000000
37221,0.0000501,0.0000001,0.0000000
37222,0.0000501,0.0000001,0.0000000
37223,0.0000501,0.0000001,0.0000000
37224,0.0000501,0.0000001,0.0000000
37225,0.0000500,0.0000001,0.0000000
37226,0.0000500,0.0000001,0.0000000
37227,0.0000500,0.0000001,0.0000000
37228,0.0000500,0.0000001,0.0000000
37229,0.0000500,0.0000001,0.0000000
37230,0.0000500,0.0000001,0.0000000
37231,0.0000500,0.0000001,0.0000000
37232,0.0000500,0.0000001,0.0000000
37233,0.0000500,0.0000001,0.0000000
37234,0.0000500,0.0000001,0.0000000
37235,0.0000500,0.0000001,0.0000000
37236,0.0000500,0.0000001,0.0000000
37237,0.0000499,0.0000001,0.0000000
37238,0.0000499,0.0000001,0.0000000
37239,0.0000499,0.0000001,0.0000000
37240,0.0000499,0.0000001,0.0000000
37241,0.0000499,0.0000001,0.0000000
37242,0.0000499,0.0000001,0.0000000
37243,0.0000499,0.0000001,0.0000000
37244,0.0000499,0.0000001,0.0000000
37245,0.0000499,0.0000001,0.0000000
37246,0.0000499,0.0000001,0.0000000
37247,0.0000499,0.0000001,0.0000000
37248,0.0000499,0.0000001,0.0000000
37249,0.0000499,0.0000001,0.0000000
37250,0.0000498,0.0000001,0.0000000
37251,0.0000498,0.0000001,0.0000000
37252,0.0000498,0.0000001,0.0000000
37253,0.0000498,0.0000001,0.0000000
37254,0.0000498,0.0000001,0.0000000
37255,0.0000498,0.0000001,0.0000000
37256,0.0000498,0.0000001,0.0000000
37257,0.0000498,0.0000001,0.0000000
37258,0.0000498,0.0000001,0.0000000
37259,0.0000498,0.0000001,0.0000000
37260,0.0000498,0.0000001,0.0000000
37261,0.0000498,0.0000001,0.0000000
37262,0.0000497,0.0000001,0.0000000
37263,0.0000497,0.0000001,0.0000000
37264,0.0000497,0.0000001,0.0000000
37265,0.0000497,0.0000001,0.0000000
37266,0.0000497,0.0000001,0.0000000
37267,0.0000497,0.0000001,0.0000000
37268,0.0000497,0.0000001,0.0000000
37269,0.0000497,0.0000001,0.0000000
37270,0.0000497,0.0000001,0.0000000
37271,0.0000497,0.0000001,0.0000000
37272,0.0000497,0.0000001,0.0000000
37273,0.0000497,0.0000001,0.0000000
37274,0.0000497,0.0000001,0.0000000
37275,0.0000496,0.0000001,0.0000000
37276,0.0000496,0.0000001,0.0000000
37277,0.0000496,0.0000001,0.0000000
37278,0.0000496,0.0000001,0.0000000
37279,0.0000496,0.0000001,0.0000000
37280,0.0000496,0.0000001,0.0000000
37281,0.0000496,0.0000001,0.0000000
37282,0.0000496,0.0000001,0.0000000
37283,0.0000496,0.0000001,0.0000000
37284,0.0000496,0.0000001,0.0000000
37285,0.0000496,0.0000001,0.0000000
37286,0.0000496,0.0000001,0.0000000
37287,0.0000495,0.0000001,0.0000000
37288,0.0000495,0.0000001,0.0000000
37289,0.0000495,0.0000001,0.0000000
37290,0.0000495,0.0000001,0.0000000
37291,0.0000495,0.0000001,0.0000000
37292,0.0000495,0.0000001,0.0000000
37293,0.0000495,0.0000001,0.0000000
37294,0.0000495,0.0000001,0.0000000
37295,0.0000495,0.0000001,0.0000000
37296,0.0000495,0.0000001,0.0000000
37297,0.0000495,0.0000001,0.0000000
37298,0.0000495,0.0000001,0.0000000
37299,0.0000495,0.0000001,0.0000000
37300,0.0000494,0.0000001,0.0000000
37301,0.0000494,0.0000001,0.0000000
37302,0.0000494,0.0000001,0.0000000
37303,0.0000494,0.0000001,0.0000000
37304,0.0000494,0.0000001,0.0000000
37305,0.0000494,0.0000001,0.0000000
37306,0.0000494,0.0000001,0.0000000
37307,0.0000494,0.0000001,0.0000000
37308,0.0000494,0.0000001,0.0000000
37309,0.0000494,0.0000001,0.0000000
37310,0.0000494,0.0000001,0.0000000
37311,0.0000494,0.0000001,0.0000000
37312,0.0000493,0.0000001,0.0000000
37313,0.0000493,0.0000001,0.0000000
37314,0.0000493,0.0000001,0.0000000
37315,0.0000493,0.0000001,0.0000000
37316,0.0000493,0.0000001,0.0000000
37317,0.0000493,0.0000001,0.0000000
37318,0.0000493,0.0000001,0.0000000
37319,0.0000493,0.0000001,0.0000000
37320,0.0000493,0.0000001,0.0000000
37321,0.0000493,0.0000001,0.0000000
37322,0.0000493,0.0000001,0.0000000
37323,0.0000493,0.0000001,0.0000000
37324,0.0000493,0.0000001,0.0000000
37325,0.0000492,0.0000001,0.0000000
37326,0.0000492,0.0000001,0.0000000
37327,0.0000492,0.0000001,0.0000000
37328,0.0000492,0.0000001,0.0000000
37329,0.0000492,0.0000001,0.0000000
37330,0.0000492,0.0000001,0.0000000
37331,0.0000492,0.0000001,0.0000000
37332,0.0000492,0.0000001,0.0000000
37333,0.0000492,0.0000001,0.0000000
37334,0.0000492,0.0000001,0.0000000
37335,0.0000492,0.0000001,0.0000000
37336,0.0000492,0.0000001,0.0000000
37337,0.0000492,0.0000001,0.0000000
37338,0.0000491,0.0000001,0.0000000
37339,0.0000491,0.0000001,0.0000000
37340,0.0000491,0.0000001,0.0000000
37341,0.0000491,0.0000001,0.0000000
37342,0.0000491,0.0000001,0.0000000
37343,0.0000491,0.0000001,0.0000000
37344,0.0000491,0.0000001,0.0000000
37345,0.0000491,0.0000001,0.0000000
37346,0.0000491,0.0000001,0.0000000
37347,0.0000491,0.0000001,0.0000000
37348,0.0000491,0.0000001,0.0000000
37349,0.0000491,0.0000001,0.0000000
37350,0.0000491,0.0000001,0.0000000
37351,0.0000490,0.0000001,0.0000000
37352,0.0000490,0.0000001,0.0000000
37353,0.0000490,0.0000001,0.0000000
37354,0.0000490,0.0000001,0.0000000
37355,0.0000490,0.0000001,0.0000000
37356,0.0000490,0.0000001,0.0000000
37357,0.0000490,0.0000001,0.0000000
37358,0.0000490,0.0000001,0.0000000
37359,0.0000490,0.0000001,0.0000000
37360,0.0000490,0.0000001,0.0000000
37361,0.0000490,0.0000001,0.0000000
37362,0.0000490,0.0000001,0.0000000
37363,0.0000489,0.0000001,0.0000000
37364,0.0000489,0.0000001,0.0000000
37365,0.0000489,0.0000001,0.0000000
37366,0.0000489,0.0000001,0.0000000
37367,0.0000489,0.0000001,0.0000000
37368,0.0000489,0.0000001,0.0000000
37369,0.0000489,0.0000001,0.0000000
37370,0.0000489,0.0000001,0.0000000
37371,0.0000489,0.0000001,0.0000000
37372,0.0000489,0.0000001,0.0000000
37373,0.0000489,0.0000001,0.0000000
37374,0.0000489,0.0000001,0.0000000
37375,0.0000489,0.0000001,0.0000000
37376,0.0000488,0.0000001,0.0000000
37377,0.0000488,0.0000001,0.0000000
37378,0.0000488,0.0000001,0.0000000
37379,0.0000488,0.0000001,0.0000000
37380,0.0000488,0.0000001,0.0000000
37381,0.0000488,0.0000001,0.0000000
37382,0.0000488,0.0000001,0.0000000
37383,0.0000488,0.0000001,0.0000000
37384,0.0000488,0.0000001,0.0000000
37385,0.0000488,0.0000001,0.0000000
37386,0.0000488,0.0000001,0.0000000
37387,0.0000488,0.0000001,0.0000000
37388,0.0000488,0.0000001,0.0000000
37389,0.0000487,0.0000001,0.0000000
37390,0.0000487,0.0000001,0.0000000
37391,0.0000487,0.0000001,0.0000000
37392,0.0000487,0.0000001,0.0000000
37393,0.0000487,0.0000001,0.0000000
37394,0.0000487,0.0000001,0.0000000
37395,0.0000487,0.0000001,0.0000000
37396,0.0000487,0.0000001,0.0000000
37397,0.0000487,0.0000001,0.0000000
37398,0.0000487,0.0000001,0.0000000
37399,0.0000487,0.0000001,0.0000000
37400,0.0000487,0.0000001,0.0000000
37401,0.0000487,0.0000001,0.0000000
37402,0.0000486,0.0000001,0.0000000
37403,0.0000486,0.0000001,0.0000000
37404,0.0000486,0.0000001,0.0000000
37405,0.0000486,0.0000001,0.0000000
37406,0.0000486,0.0000001,0.0000000
37407,0.0000486,0.0000001,0.0000000
37408,0.0000486,0.0000001,0.0000000
37409,0.0000486,0.0000001,0.0000000
37410,0.0000486,0.0000001,0.0000000
37411,0.0000486,0.0000001,0.0000000
37412,0.0000486,0.0000001,0.0000000
37413,0.0000486,0.0000001,0.0000000
37414,0.0000485,0.0000001,0.0000000
37415,0.0000485,0.0000001,0.0000000
37416,0.0000485,0.0000001,0.0000000
37417,0.0000485,0.0000001,0.0000000
37418,0.0000485,0.0000001,0.0000000
37419,0.0000485,0.0000001,0.0000000
37420,0.0000485,0.0000001,0.0000000
37421,0.0000485,0.0000001,0.0000000
37422,0.0000485,0.0000001,0.0000000
37423,0.0000485,0.0000001,0.0000000
37424,0.0000485,0.0000001,0.0000000
37425,0.0000485,0.0000001,0.0000000
37426,0.0000485,0.0000001,0.0000000
37427,0.0000484,0.0000001,0.0000000
37428,0.0000484,0.0000001,0.0000000
37429,0.0000484,0.0000001,0.0000000
37430,0.0000484,0.0000001,0.0000000
37431,0.0000484,0.0000001,0.0000000
37432,0.0000484,0.0000001,0.0000000
37433,0.0000484,0.0000001,0.0000000
37434,0.0000484,0.0000001,0.0000000
37435,0.0000484,0.0000001,0.0000000
37436,0.0000484,0.0000001,0.0000000
37437,0.0000484,0.0000001,0.0000000
37438,0.0000484,0.0000001,0.0000000
37439,0.0000484,0.0000001,0.0000000
37440,0.0000483,0.0000001,0.0000000
37441,0.0000483,0.0000001,0.0000000
37442,0.0000483,0.0000001,0.0000000
37443,0.0000483,0.0000001,0.0000000
37444,0.0000483,0.0000001,0.0000000
37445,0.0000483,0.0000001,0.0000000
37446,0.0000483,0.0000001,0.0000000
37447,0.0000483,0.0000001,0.0000000
37448,0.0000483,0.0000001,0.0000000
37449,0.0000483,0.0000001,0.0000000
37450,0.0000483,0.0000001,0.0000000
37451,0.0000483,0.0000001,0.0000000
37452,0.0000483,0.0000001,0.0000000
37453,0.0000482,0.0000001,0.0000000
37454,0.0000482,0.0000001,0.0000000
37455,0.0000482,0.0000001,0.0000000
37456,0.0000482,0.0000001,0.0000000
37457,0.0000482,0.0000001,0.0000000
37458,0.0000482,0.0000001,0.0000000
37459,0.0000482,0.0000001,0.0000000
37460,0.0000482,0.0000001,0.0000000
37461,0.0000482,0.0000001,0.0000000
37462,0.0000482,0.0000001,0.0000000
37463,0.0000482,0.0000001,0.0000000
37464,0.0000482,0.0000001,0.0000000
37465,0.0000482,0.0000001,0.0000000
37466,0.0000481,0.0000001,0.0000000
37467,0.0000481,0.0000001,0.0000000
37468,0.0000481,0.0000001,0.0000000
37469,0.0000481,0.0000001,0.0000000
37470,0.0000481,0.0000001,0.0000000
37471,0.0000481,0.0000001,0.0000000
37472,0.0000481,0.0000001,0.0000000
37473,0.0000481,0.0000001,0.0000000
37474,0.0000481,0.0000001,0.0000000
37475,0.0000481,0.0000001,0.0000000
37476,0.0000481,0.0000001,0.0000000
37477,0.0000481,0.0000001,0.0000000
37478,0.0000481,0.0000001,0.0000000
37479,0.0000480,0.0000001,0.0000000
37480,0.0000480,0.0000001,0.0000000
37481,0.0000480,0.0000001,0.0000000
37482,0.0000480,0.0000001,0.0000000
37483,0.0000480,0.0000001,0.0000000
37484,0.0000480,0.0000001,0.0000000
37485,0.0000480,0.0000001,0.0000000
37486,0.0000480,0.0000001,0.0000000
37487,0.0000480,0.0000001,0.0000000
37488,0.0000480,0.0000001,0.0000000
37489,0.0000480,0.0000001,0.0000000
37490,0.0000480,0.0000001,0.0000000
37491,0.0000480,0.0000001,0.0000000
37492,0.0000479,0.0000001,0.0000000
37493,0.0000479,0.0000001,0.0000000
37494,0.0000479,0.0000001,0.0000000
37495,0.0000479,0.0000001,0.0000000
37496,0.0000479,0.0000001,0.0000000
37497,0.0000479,0.0000001,0.0000000
37498,0.0000479,0.0000001,0.0000000
37499,0.0000479,0.0000001,0.0000000
37500,0.0000479,0.0000001,0.0000000
37501,0.0000479,0.0000001,0.0000000
37502,0.0000479,0.0000001,0.0000000
37503,0.0000479,0.0000001,0.0000000
37504,0.0000479,0.0000001,0.0000000
37505,0.0000478,0.0000001,0.0000000
37506,0.0000478,0.0000001,0.0000000
37507,0.0000478,0.0000001,0.0000000
37508,0.0000478,0.0000001,0.0000000
37509,0.0000478,0.0000001,0.0000000
37510,0.0000478,0.0000001,0.0000000
37511,0.0000478,0.0000001,0.0000000
37512,0.0000478,0.0000001,0.0000000
37513,0.0000478,0.0000001,0.0000000
37514,0.0000478,0.0000001,0.0000000
37515,0.0000478,0.0000001,0.0000000
37516,0.0000478,0.0000001,0.0000000
37517,0.0000478,0.0000001,0.0000000
37518,0.0000477,0.0000001,0.0000000
37519,0.0000477,0.0000001,0.0000000
37520,0.0000477,0.0000001,0.0000000
37521,0.0000477,0.0000001,0.0000000
37522,0.0000477,0.0000001,0.0000000
37523,0.0000477,0.0000001,0.0000000
37524,0.0000477,0.0000001,0.0000000
37525,0.0000477,0.0000001,0.0000000
37526,0.0000477,0.0000001,0.0000000
37527,0.0000477,0.0000001,0.0000000
37528,0.0000477,0.0000001,0.0000000
37529,0.0000477,0.0000001,0.0000000
37530,0.0000477,0.0000001,0.0000000
37531,0.0000476,0.0000001,0.0000000
37532,0.0000476,0.0000001,0.0000000
37533,0.0000476,0.0000001,0.0000000
37534,0.0000476,0.0000001,0.0000000
37535,0.0000476,0.0000001,0.0000000
37536,0.0000476,0.0000001,0.0000000
37537,0.0000476,0.0000001,0.0000000
37538,0.0000476,0.0000001,0.0000000
37539,0.0000476,0.0000001,0.0000000
37540,0.0000476,0.0000001,0.0000000
37541,0.0000476,0.0000001,0.0000000
37542,0.0000476,0.0000001,0.0000000
37543,0.0000476,0.0000001,0.0000000
37544,0.0000475,0.0000001,0.0000000
37545,0.0000475,0.0000001,0.0000000
37546,0.0000475,0.0000001,0.0000000
37547,0.0000475,0.0000001,0.0000000
37548,0.0000475,0.0000001,0.0000000
37549,0.0000475,0.0000001,0.0000000
37550,0.0000475,0.0000001,0.0000000
37551,0.0000475,0.0000001,0.0000000
37552,0.0000475,0.0000001,0.0000000
37553,0.0000475,0.0000001,0.0000000
37554,0.0000475,0.0000001,0.0000000
37555,0.0000475,0.0000001,0.0000000
37556,0.0000475,0.0000001,0.0000000
37557,0.0000475,0.0000001,0.0000000
37558,0.0000474,0.0000001,0.0000000
37559,0.0000474,0.0000001,0.0000000
37560,0.0000474,0.0000001,0.0000000
37561,0.0000474,0.0000001,0.0000000
37562,0.0000474,0.0000001,0.0000000
37563,0.0000474,0.0000001,0.0000000
37564,0.0000474,0.0000001,0.0000000
37565,0.0000474,0.0000001,0.0000000
37566,0.0000474,0.0000001,0.0000000
37567,0.0000474,0.0000001,0.0000000
37568,0.0000474,0.0000001,0.0000000
37569,0.0000474,0.0000001,0.0000000
37570,0.0000474,0.0000001,0.0000000
37571,0.0000473,0.0000001,0.0000000
37572,0.0000473,0.0000001,0.0000000
37573,0.0000473,0.0000001,0.0000000
37574,0.0000473,0.0000001,0.0000000
37575,0.0000473,0.0000001,0.0000000
37576,0.0000473,0.0000001,0.0000000
37577,0.0000473,0.0000001,0.0000000
37578,0.0000473,0.0000001,0.0000000
37579,0.0000473,0.0000001,0.0000000
37580,0.0000473,0.0000001,0.0000000
37581,0.0000473,0.0000001,0.0000000
37582,0.0000473,0.0000001,0.0000000
37583,0.0000473,0.0000001,0.0000000
37584,0.0000472,0.0000001,0.0000000
37585,0.0000472,0.0000001,0.0000000
37586,0.0000472,0.0000001,0.0000000
37587,0.0000472,0.0000001,0.0000000
37588,0.0000472,0.0000001,0.0000000
37589,0.0000472,0.0000001,0.0000000
37590,0.0000472,0.0000001,0.0000000
37591,0.0000472,0.0000001,0.0000000
37592,0.0000472,0.0000001,0.0000000
37593,0.0000472,0.0000001,0.0000000
37594,0.0000472,0.0000001,0.0000000
37595,0.0000472,0.0000001,0.0000000
37596,0.0000472,0.0000001,0.0000000
37597,0.0000471,0.0000001,0.0000000
37598,0.0000471,0.0000001,0.0000000
37599,0.0000471,0.0000001,0.0000000
37600,0.0000471,0.0000001,0.0000000
37601,0.0000471,0.0000001,0.0000000
37602,0.0000471,0.0000001,0.0000000
37603,0.0000471,0.0000001,0.0000000
37604,0.0000471,0.0000001,0.0000000
37605,0.0000471,0.0000001,0.0000000
37606,0.0000471,0.0000001,0.0000000
37607,0.0000471,0.0000001,0.0000000
37608,0.0000471,0.0000001,0.0000000
37609,0.0000471,0.0000001,0.0000000
37610,0.0000470,0.0000001,0.0000000
37611,0.0000470,0.0000001,0.0000000
37612,0.0000470,0.0000001,0.0000000
37613,0.0000470,0.0000001,0.0000000
37614,0.0000470,0.0000001,0.0000000
37615,0.0000470,0.0000001,0.0000000
37616,0.0000470,0.0000001,0.0000000
37617,0.0000470,0.0000001,0.0000000
37618,0.0000470,0.0000001,0.0000000
37619,0.0000470,0.0000001,0.0000000
37620,0.0000470,0.0000001,0.0000000
37621,0.0000470,0.0000001,0.0000000
37622,0.0000470,0.0000001,0.0000000
37623,0.0000470,0.0000001,0.0000000
37624,0.0000469,0.0000001,0.0000000
37625,0.0000469,0.0000001,0.0000000
37626,0.0000469,0.0000001,0.0000000
37627,0.0000469,0.0000001,0.0000000
37628,0.0000469,0.0000001,0.0000000
37629,0.0000469,0.0000001,0.0000000
37630,0.0000469,0.0000001,0.0000000
37631,0.0000469,0.0000001,0.0000000
37632,0.0000469,0.0000001,0.0000000
37633,0.0000469,0.0000001,0.0000000
37634,0.0000469,0.0000001,0.0000000
37635,0.0000469,0.0000001,0.0000000
37636,0.0000469,0.0000001,0.0000000
37637,0.0000468,0.0000001,0.0000000
37638,0.0000468,0.0000001,0.0000000
37639,0.0000468,0.0000001,0.0000000
37640,0.0000468,0.0000001,0.0000000
37641,0.0000468,0.0000001,0.0000000
37642,0.0000468,0.0000001,0.0000000
37643,0.0000468,0.0000001,0.0000000
37644,0.0000468,0.0000001,0.0000000
37645,0.0000468,0.0000001,0.0000000
37646,0.0000468,0.0000001,0.0000000
37647,0.0000468,0.0000001,0.0000000
37648,0.0000468,0.0000001,0.0000000
37649,0.0000468,0.0000001,0.0000000
37650,0.0000467,0.0000001,0.0000000
37651,0.0000467,0.0000001,0.0000000
37652,0.0000467,0.0000001,0.0000000
37653,0.0000467,0.0000001,0.0000000
37654,0.0000467,0.0000001,0.0000000
37655,0.0000467,0.0000001,0.0000000
37656,0.0000467,0.0000001,0.0000000
37657,0.0000467,0.0000001,0.0000000
37658,0.0000467,0.0000001,0.0000000
37659,0.0000467,0.0000001,0.0000000
37660,0.0000467,0.0000001,0.0000000
37661,0.0000467,0.0000001,0.0000000
37662,0.0000467,0.0000001,0.0000000
37663,0.0000467,0.0000001,0.0000000
37664,0.0000466,0.0000001,0.0000000
37665,0.0000466,0.0000001,0.0000000
37666,0.0000466,0.0000001,0.0000000
37667,0.0000466,0.0000001,0.0000000
37668,0.0000466,0.0000001,0.0000000
37669,0.0000466,0.0000001,0.0000000
37670,0.0000466,0.0000001,0.0000000
37671,0.0000466,0.0000001,0.0000000
37672,0.0000466,0.0000001,0.0000000
37673,0.0000466,0.0000001,0.0000000
37674,0.0000466,0.0000001,0.0000000
37675,0.0000466,0.0000001,0.0000000
37676,0.0000466,0.0000001,0.0000000
37677,0.0000465,0.0000001,0.0000000
37678,0.0000465,0.0000001,0.0000000
37679,0.0000465,0.0000001,0.0000000
37680,0.0000465,0.0000001,0.0000000
37681,0.0000465,0.0000001,0.0000000
37682,0.0000465,0.0000001,0.0000000
37683,0.0000465,0.0000001,0.0000000
37684,0.0000465,0.0000001,0.0000000
37685,0.0000465,0.0000001,0.0000000
37686,0.0000465,0.0000001,0.0000000
37687,0.0000465,0.0000001,0.0000000
37688,0.0000465,0.0000001,0.0000000
37689,0.0000465,0.0000001,0.0000000
37690,0.0000465,0.0000001,0.0000000
37691,0.0000464,0.0000001,0.0000000
37692,0.0000464,0.0000001,0.0000000
37693,0.0000464,0.0000001,0.0000000
37694,0.0000464,0.0000001,0.0000000
37695,0.0000464,0.0000001,0.0000000
37696,0.0000464,0.0000001,0.0000000
37697,0.0000464,0.0000001,0.0000000
37698,0.0000464,0.0000001,0.0000000
37699,0.0000464,0.0000001,0.0000000
37700,0.0000464,0.0000001,0.0000000
37701,0.0000464,0.0000001,0.0000000
37702,0.0000464,0.0000001,0.0000000
37703,0.0000464,0.0000001,0.0000000
37704,0.0000463,0.0000001,0.0000000
37705,0.0000463,0.0000001,0.0000000
37706,0.0000463,0.0000001,0.0000000
37707,0.0000463,0.0000001,0.0000000
37708,0.0000463,0.0000001,0.0000000
37709,0.0000463,0.0000001,0.0000000
37710,0.0000463,0.0000001,0.0000000
37711,0.0000463,0.0000001,0.0000000
37712,0.0000463,0.0000001,0.0000000
37713,0.0000463,0.0000001,0.0000000
37714,0.0000463,0.0000001,0.0000000
37715,0.0000463,0.0000001,0.0000000
37716,0.0000463,0.0000001,0.0000000
37717,0.0000463,0.0000001,0.0000000
37718,0.0000462,0.0000001,0.0000000
37719,0.0000462,0.0000001,0.0000000
37720,0.0000462,0.0000001,0.0000000
37721,0.0000462,0.0000001,0.0000000
37722,0.0000462,0.0000001,0.0000000
37723,0.0000462,0.0000001,0.0000000
37724,0.0000462,0.0000001,0.0000000
37725,0.0000462,0.0000001,0.0000000
37726,0.0000462,0.0000001,0.0000000
37727,0.0000462,0.0000001,0.0000000
37728,0.0000462,0.0000001,0.0000000
37729,0.0000462,0.0000001,0.0000000
37730,0.0000462,0.0000001,0.0000000
37731,0.0000461,0.0000001,0.0000000
37732,0.0000461,0.0000001,0.0000000
37733,0.0000461,0.0000001,0.0000000
37734,0.0000461,0.0000001,0.0000000
37735,0.0000461,0.0000001,0.0000000
37736,0.0000461,0.0000001,0.0000000
37737,0.0000461,0.0000001,0.0000000
37738,0.0000461,0.0000001,0.0000000
37739,0.0000461,0.0000001,0.0000000
37740,0.0000461,0.0000001,0.0000000
37741,0.0000461,0.0000001,0.0000000
37742,0.0000461,0.0000001,0.0000000
37743,0.0000461,0.0000001,0.0000000
37744,0.0000461,0.0000001,0.0000000
37745,0.0000460,0.0000001,0.0000000
37746,0.0000460,0.0000001,0.0000000
37747,0.0000460,0.0000001,0.0000000
37748,0.0000460,0.0000001,0.0000000
37749,0.0000460,0.0000001,0.0000000
37750,0.0000460,0.0000001,0.0000000
37751,0.0000460,0.0000001,0.0000000
37752,0.0000460,0.0000001,0.0000000
37753,0.0000460,0.0000001,0.0000000
37754,0.0000460,0.0000001,0.0000000
37755,0.0000460,0.0000001,0.0000000
37756,0.0000460,0.0000001,0.0000000
37757,0.0000460,0.0000001,0.0000000
37758,0.0000459,0.0000001,0.0000000
37759,0.0000459,0.0000001,0.0000000
37760,0.0000459,0.0000001,0.0000000
37761,0.0000459,0.0000001,0.0000000
37762,0.0000459,0.0000001,0.0000000
37763,0.0000459,0.0000001,0.0000000
37764,0.0000459,0.0000001,0.0000000
37765,0.0000459,0.0000001,0.0000000
37766,0.0000459,0.0000001,0.0000000
37767,0.0000459,0.0000001,0.0000000
37768,0.0000459,0.0000001,0.0000000
37769,0.0000459,0.0000001,0.0000000
37770,0.0000459,0.0000001,0.0000000
37771,0.0000459,0.0000001,0.0000000
37772,0.0000458,0.0000001,0.0000000
37773,0.0000458,0.0000001,0.0000000
37774,0.0000458,0.0000001,0.0000000
37775,0.0000458,0.0000001,0.0000000
37776,0.0000458,0.0000001,0.0000000
37777,0.0000458,0.0000001,0.0000000
37778,0.0000458,0.0000001,0.0000000
37779,0.0000458,0.0000001,0.0000000
37780,0.0000458,0.0000001,0.0000000
37781,0.0000458,0.0000001,0.0000000
37782,0.0000458,0.0000001,0.0000000
37783,0.0000458,0.0000001,0.0000000
37784,0.0000458,0.0000001,0.0000000
37785,0.0000458,0.0000001,0.0000000
37786,0.0000457,0.0000001,0.0000000
37787,0.0000457,0.0000001,0.0000000
37788,0.0000457,0.0000001,0.0000000
37789,0.0000457,0.0000001,0.0000000
37790,0.0000457,0.0000001,0.0000000
37791,0.0000457,0.0000001,0.0000000
37792,0.0000457,0.0000001,0.0000000
37793,0.0000457,0.0000001,0.0000000
37794,0.0000457,0.0000001,0.0000000
37795,0.0000457,0.0000001,0.0000000
37796,0.0000457,0.0000001,0.0000000
37797,0.0000457,0.0000001,0.0000000
37798,0.0000457,0.0000001,0.0000000
37799,0.0000456,0.0000001,0.0000000
37800,0.0000456,0.0000001,0.0000000
37801,0.0000456,0.0000001,0.0000000
37802,0.0000456,0.0000001,0.0000000
37803,0.0000456,0.0000001,0.0000000
37804,0.0000456,0.0000001,0.0000000
37805,0.0000456,0.0000001,0.0000000
37806,0.0000456,0.0000001,0.0000000
37807,0.0000456,0.0000001,0.0000000
37808,0.0000456,0.0000001,0.0000000
37809,0.0000456,0.0000001,0.0000000
37810,0.0000456,0.0000001,0.0000000
37811,0.0000456,0.0000001,0.0000000
37812,0.0000456,0.0000001,0.0000000
37813,0.0000455,0.0000001,0.0000000
37814,0.0000455,0.0000001,0.0000000
37815,0.0000455,0.0000001,0.0000000
37816,0.0000455,0.0000001,0.0000000
37817,0.0000455,0.0000001,0.0000000
37818,0.0000455,0.0000001,0.0000000
37819,0.0000455,0.0000001,0.0000000
37820,0.0000455,0.0000001,0.0000000
37821,0.0000455,0.0000001,0.0000000
37822,0.0000455,0.0000001,0.0000000
37823,0.0000455,0.0000001,0.0000000
37824,0.0000455,0.0000001,0.0000000
37825,0.0000455,0.0000001,0.0000000
37826,0.0000455,0.0000001,0.0000000
37827,0.0000454,0.0000001,0.0000000
37828,0.0000454,0.0000001,0.0000000
37829,0.0000454,0.0000001,0.0000000
37830,0.0000454,0.0000001,0.0000000
37831,0.0000454,0.0000001,0.0000000
37832,0.0000454,0.0000001,0.0000000
37833,0.0000454,0.0000001,0.0000000
37834,0.0000454,0.0000001,0.0000000
37835,0.0000454,0.0000001,0.0000000
37836,0.0000454,0.0000001,0.0000000
37837,0.0000454,0.0000001,0.0000000
37838,0.0000454,0.0000001,0.0000000
37839,0.0000454,0.0000001,0.0000000
37840,0.0000453,0.0000001,0.0000000
37841,0.0000453,0.0000001,0.0000000
37842,0.0000453,0.0000001,0.0000000
37843,0.0000453,0.0000001,0.0000000
37844,0.0000453,0.0000001,0.0000000
37845,0.0000453,0.0000001,0.0000000
37846,0.0000453,0.0000001,0.0000000
37847,0.0000453,0.0000001,0.0000000
37848,0.0000453,0.0000001,0.0000000
37849,0.0000453,0.0000001,0.0000000
37850,0.0000453,0.0000001,0.0000000
37851,0.0000453,0.0000001,0.0000000
37852,0.0000453,0.0000001,0.0000000
37853,0.0000453,0.0000001,0.0000000
37854,0.0000452,0.0000001,0.0000000
37855,0.0000452,0.0000001,0.0000000
37856,0.0000452,0.0000001,0.0000000
37857,0.0000452,0.0000001,0.0000000
37858,0.0000452,0.0000001,0.0000000
37859,0.0000452,0.0000001,0.0000000
37860,0.0000452,0.0000001,0.0000000
37861,0.0000452,0.0000001,0.0000000
37862,0.0000452,0.0000001,0.0000000
37863,0.0000452,0.0000001,0.0000000
37864,0.0000452,0.0000001,0.0000000
37865,0.0000452,0.0000001,0.0000000
37866,0.0000452,0.0000001,0.0000000
37867,0.0000452,0.0000001,0.0000000
37868,0.0000451,0.0000001,0.0000000
37869,0.0000451,0.0000001,0.0000000
37870,0.0000451,0.0000001,0.0000000
37871,0.0000451,0.0000001,0.0000000
37872,0.0000451,0.0000001,0.0000000
37873,0.0000451,0.0000001,0.0000000
37874,0.0000451,0.0000001,0.0000000
37875,0.0000451,0.0000001,0.0000000
37876,0.0000451,0.0000001,0.0000000
37877,0.0000451,0.0000001,0.0000000
37878,0.0000451,0.0000001,0.0000000
37879,0.0000451,0.0000001,0.0000000
37880,0.0000451,0.0000001,0.0000000
37881,0.0000451,0.0000001,0.0000000
37882,0.0000450,0.0000001,0.0000000
37883,0.0000450,0.0000001,0.0000000
37884,0.0000450,0.0000001,0.0000000
37885,0.0000450,0.0000001,0.0000000
37886,0.0000450,0.0000001,0.0000000
37887,0.0000450,0.0000001,0.0000000
37888,0.0000450,0.0000001,0.0000000
37889,0.0000450,0.0000001,0.0000000
37890,0.0000450,0.0000001,0.0000000
37891,0.0000450,0.0000001,0.0000000
37892,0.0000450,0.0000001,0.0000000
37893,0.0000450,0.0000001,0.0000000
37894,0.0000450,0.0000001,0.0000000
37895,0.0000450,0.0000001,0.0000000
37896,0.0000449,0.0000001,0.0000000
37897,0.0000449,0.0000001,0.0000000
37898,0.0000449,0.0000001,0.0000000
37899,0.0000449,0.0000001,0.0000000
37900,0.0000449,0.0000001,0.0000000
37901,0.0000449,0.0000001,0.0000000
37902,0.0000449,0.0000001,0.0000000
37903,0.0000449,0.0000001,0.0000000
37904,0.0000449,0.0000001,0.0000000
37905,0.0000449,0.0000001,0.0000000
37906,0.0000449,0.0000001,0.0000000
37907,0.0000449,0.0000001,0.0000000
37908,0.0000449,0.0000001,0.0000000
37909,0.0000449,0.0000001,0.0000000
37910,0.0000448,0.0000001,0.0000000
37911,0.0000448,0.0000001,0.0000000
37912,0.0000448,0.0000001,0.0000000
37913,0.0000448,0.0000001,0.0000000
37914,0.0000448,0.0000001,0.0000000
37915,0.0000448,0.0000001,0.0000000
37916,0.0000448,0.0000001,0.0000000
37917,0.0000448,0.0000001,0.0000000
37918,0.0000448,0.0000001,0.0000000
37919,0.0000448,0.0000001,0.0000000
37920,0.0000448,0.0000001,0.0000000
37921,0.0000448,0.0000001,0.0000000
37922,0.0000448,0.0000001,0.0000000
37923,0.0000448,0.0000001,0.0000000
37924,0.0000447,0.0000001,0.0000000
37925,0.0000447,0.0000001,0.0000000
37926,0.0000447,0.0000001,0.0000000
37927,0.0000447,0.0000001,0.0000000
37928,0.0000447,0.0000001,0.0000000
37929,0.0000447,0.0000001,0.0000000
37930,0.0000447,0.0000001,0.0000000
37931,0.0000447,0.0000001,0.0000000
37932,0.0000447,0.0000001,0.0000000
37933,0.0000447,0.0000001,0.0000000
37934,0.0000447,0.0000001,0.0000000
37935,0.0000447,0.0000001,0.0000000
37936,0.0000447,0.0000001,0.0000000
37937,0.0000447,0.0000001,0.0000000
37938,0.0000446,0.0000001,0.0000000
37939,0.0000446,0.0000001,0.0000000
37940,0.0000446,0.0000001,0.0000000
37941,0.0000446,0.0000001,0.0000000
37942,0.0000446,0.0000001,0.0000000
37943,0.0000446,0.0000001,0.0000000
37944,0.0000446,0.0000001,0.0000000
37945,0.0000446,0.0000001,0.0000000
37946,0.0000446,0.0000001,0.0000000
37947,0.0000446,0.0000001,0.0000000
37948,0.0000446,0.0000001,0.0000000
37949,0.0000446,0.0000001,0.0000000
37950,0.0000446,0.0000001,0.0000000
37951,0.0000446,0.0000001,0.0000000
37952,0.0000445,0.0000001,0.0000000
37953,0.0000445,0.0000001,0.0000000
37954,0.0000445,0.0000001,0.0000000
37955,0.0000445,0.0000001,0.0000000
37956,0.0000445,0.0000001,0.0000000
37957,0.0000445,0.0000001,0.0000000
37958,0.0000445,0.0000001,0.0000000
37959,0.0000445,0.0000001,0.0000000
37960,0.0000445,0.0000001,0.0000000
37961,0.0000445,0.0000001,0.0000000
37962,0.0000445,0.0000001,0.0000000
37963,0.0000445,0.0000001,0.0000000
37964,0.0000445,0.0000001,0.0000000
37965,0.0000445,0.0000001,0.0000000
37966,0.0000444,0.0000001,0.0000000
37967,0.0000444,0.0000001,0.0000000
37968,0.0000444,0.0000001,0.0000000
37969,0.0000444,0.0000001,0.0000000
37970,0.0000444,0.0000001,0.0000000
37971,0.0000444,0.0000001,0.0000000
37972,0.0000444,0.0000001,0.0000000
37973,0.0000444,0.0000001,0.0000000
37974,0.0000444,0.0000001,0.0000000
37975,0.0000444,0.0000001,0.0000000
37976,0.0000444,0.0000001,0.0000000
37977,0.0000444,0.0000001,0.0000000
37978,0.0000444,0.0000001,0.0000000
37979,0.0000444,0.0000001,0.0000000
37980,0.0000443,0.0000001,0.0000000
37981,0.0000443,0.0000001,0.0000000
37982,0.0000443,0.0000001,0.0000000
37983,0.0000443,0.0000001,0.0000000
37984,0.0000443,0.0000001,0.0000000
37985,0.0000443,0.0000001,0.0000000
37986,0.0000443,0.0000001,0.0000000
37987,0.0000443,0.0000001,0.0000000
37988,0.0000443,0.0000001,0.0000000
37989,0.0000443,0.0000001,0.0000000
37990,0.0000443,0.0000001,0.0000000
37991,0.0000443,0.0000001,0.0000000
37992,0.0000443,0.0000001,0.0000000
37993,0.0000443,0.0000001,0.0000000
37994,0.0000442,0.0000001,0.0000000
37995,0.0000442,0.0000001,0.0000000
37996,0.0000442,0.0000001,0.0000000
37997,0.0000442,0.0000001,0.0000000
37998,0.0000442,0.0000001,0.0000000
37999,0.0000442,0.0000001,0.0000000
38000,0.0000442,0.0000001,0.0000000
38001,0.0000442,0.0000001,0.0000000
38002,0.0000442,0.0000001,0.0000000
38003,0.0000442,0.0000001,0.0000000
38004,0.0000442,0.0000001,0.0000000
38005,0.0000442,0.0000001,0.0000000
38006,0.0000442,0.0000001,0.0000000
38007,0.0000442,0.0000001,0.0000000
38008,0.0000441,0.0000001,0.0000000
38009,0.0000441,0.0000001,0.0000000
38010,0.0000441,0.0000001,0.0000000
38011,0.0000441,0.0000001,0.0000000
38012,0.0000441,0.0000001,0.0000000
38013,0.0000441,0.0000001,0.0000000
38014,0.0000441,0.0000001,0.0000000
38015,0.0000441,0.0000001,0.0000000
38016,0.0000441,0.0000001,0.0000000
38017,0.0000441,0.0000001,0.0000000
38018,0.0000441,0.0000001,0.0000000
38019,0.0000441,0.0000001,0.0000000
38020,0.0000441,0.0000001,0.0000000
38021,0.0000441,0.0000001,0.0000000
38022,0.0000441,0.0000001,0.0000000
38023,0.0000440,0.0000001,0.0000000
38024,0.0000440,0.0000001,0.0000000
38025,0.0000440,0.0000001,0.0000000
38026,0.0000440,0.0000001,0.0000000
38027,0.0000440,0.0000001,0.0000000
38028,0.0000440,0.0000001,0.0000000
38029,0.0000440,0.0000001,0.0000000
38030,0.0000440,0.0000001,0.0000000
38031,0.0000440,0.0000001,0.0000000
38032,0.0000440,0.0000001,0.0000000
38033,0.0000440,0.0000001,0.0000000
38034,0.0000440,0.0000001,0.0000000
38035,0.0000440,0.0000001,0.0000000
38036,0.0000440,0.0000001,0.0000000
38037,0.0000439,0.0000001,0.0000000
38038,0.0000439,0.0000001,0.0000000
38039,0.0000439,0.0000001,0.0000000
38040,0.0000439,0.0000001,0.0000000
38041,0.0000439,0.0000001,0.0000000
38042,0.0000439,0.0000001,0.0000000
38043,0.0000439,0.0000001,0.0000000
38044,0.0000439,0.0000001,0.0000000
38045,0.0000439,0.0000001,0.0000000
38046,0.0000439,0.0000001,0.0000000
38047,0.0000439,0.0000001,0.0000000
38048,0.0000439,0.0000001,0.0000000
38049,0.0000439,0.0000001,0.0000000
38050,0.0000439,0.0000001,0.0000000
38051,0.0000438,0.0000001,0.0000000
38052,0.0000438,0.0000001,0.0000000
38053,0.0000438,0.0000001,0.0000000
38054,0.0000438,0.0000001,0.0000000
38055,0.0000438,0.0000001,0.0000000
38056,0.0000438,0.0000001,0.0000000
38057,0.0000438,0.0000001,0.0000000
38058,0.0000438,0.0000001,0.0000000
38059,0.0000438,0.0000001,0.0000000
38060,0.0000438,0.0000001,0.0000000
38061,0.0000438,0.0000001,0.0000000
38062,0.0000438,0.0000001,0.0000000
38063,0.0000438,0.0000001,0.0000000
38064,0.0000438,0.0000001,0.0000000
38065,0.0000437,0.0000001,0.0000000
38066,0.0000437,0.0000001,0.0000000
38067,0.0000437,0.0000001,0.0000000
38068,0.0000437,0.0000001,0.0000000
38069,0.0000437,0.0000001,0.0000000
38070,0.0000437,0.0000001,0.0000000
38071,0.0000437,0.0000001,0.0000000
38072,0.0000437,0.0000001,0.0000000
38073,0.0000437,0.0000001,0.0000000
38074,0.0000437,0.0000001,0.0000000
38075,0.0000437,0.0000001,0.0000000
38076,0.0000437,0.0000001,0.0000000
38077,0.0000437,0.0000001,0.0000000
38078,0.0000437,0.0000001,0.0000000
38079,0.0000437,0.0000001,0.0000000
38080,0.0000436,0.0000001,0.0000000
38081,0.0000436,0.0000001,0.0000000
38082,0.0000436,0.0000001,0.0000000
38083,0.0000436,0.0000001,0.0000000
38084,0.0000436,0.0000001,0.0000000
38085,0.0000436,0.0000001,0.0000000
38086,0.0000436,0.0000001,0.0000000
38087,0.0000436,0.0000001,0.0000000
38088,0.0000436,0.0000001,0.0000000
38089,0.0000436,0.0000001,0.0000000
38090,0.0000436,0.0000001,0.0000000
38091,0.0000436,0.0000001,0.0000000
38092,0.0000436,0.0000001,0.0000000
38093,0.0000436,0.0000001,0.0000000
38094,0.0000435,0.0000001,0.0000000
38095,0.0000435,0.0000001,0.0000000
38096,0.0000435,0.0000001,0.0000000
38097,0.0000435,0.0000001,0.0000000
38098,0.0000435,0.0000001,0.0000000
38099,0.0000435,0.0000001,0.0000000
38100,0.0000435,0.0000001,0.0000000
38101,0.0000435,0.0000001,0.0000000
38102,0.0000435,0.0000001,0.0000000
38103,0.0000435,0.0000001,0.0000000
38104,0.0000435,0.0000001,0.0000000
38105,0.0000435,0.0000001,0.0000000
38106,0.0000435,0.0000001,0.0000000
38107,0.0000435,0.0000001,0.0000000
38108,0.0000434,0.0000001,0.0000000
38109,0.0000434,0.0000001,0.0000000
38110,0.0000434,0.0000001,0.0000000
38111,0.0000434,0.0000001,0.0000000
38112,0.0000434,0.0000001,0.0000000
38113,0.0000434,0.0000001,0.0000000
38114,0.0000434,0.0000001,0.0000000
38115,0.0000434,0.0000001,0.0000000
38116,0.0000434,0.0000001,0.0000000
38117,0.0000434,0.0000001,0.0000000
38118,0.0000434,0.0000001,0.0000000
38119,0.0000434,0.0000001,0.0000000
38120,0.0000434,0.0000001,0.0000000
38121,0.0000434,0.0000001,0.0000000
38122,0.0000434,0.0000001,0.0000000
38123,0.0000433,0.0000001,0.0000000
38124,0.0000433,0.0000001,0.0000000
38125,0.0000433,0.0000001,0.0000000
38126,0.0000433,0.0000001,0.0000000
38127,0.0000433,0.0000001,0.0000000
38128,0.0000433,0.0000001,0.0000000
38129,0.0000433,0.0000001,0.0000000
38130,0.0000433,0.0000001,0.0000000
38131,0.0000433,0.0000001,0.0000000
38132,0.0000433,0.0000001,0.0000000
38133,0.0000433,0.0000001,0.0000000
38134,0.0000433,0.0000001,0.0000000
38135,0.0000433,0.0000001,0.0000000
38136,0.0000433,0.0000001,0.0000000
38137,0.0000432,0.0000001,0.0000000
38138,0.0000432,0.0000001,0.0000000
38139,0.0000432,0.0000001,0.0000000
38140,0.0000432,0.0000001,0.0000000
38141,0.0000432,0.0000001,0.0000000
38142,0.0000432,0.0000001,0.0000000
38143,0.0000432,0.0000001,0.0000000
38144,0.0000432,0.0000001,0.0000000
38145,0.0000432,0.0000001,0.0000000
38146,0.0000432,0.0000001,0.0000000
38147,0.0000432,0.0000001,0.0000000
38148,0.0000432,0.0000001,0.0000000
38149,0.0000432,0.0000001,0.0000000
38150,0.0000432,0.0000001,0.0000000
38151,0.0000432,0.0000001,0.0000000
38152,0.0000431,0.0000001,0.0000000
38153,0.0000431,0.0000001,0.0000000
38154,0.0000431,0.0000001,0.0000000
38155,0.0000431,0.0000001,0.0000000
38156,0.0000431,0.0000001,0.0000000
38157,0.0000431,0.0000001,0.0000000
38158,0.0000431,0.0000001,0.0000000
38159,0.0000431,0.0000001,0.0000000
38160,0.0000431,0.0000001,0.0000000
38161,0.0000431,0.0000001,0.0000000
38162,0.0000431,0.0000001,0.0000000
38163,0.0000431,0.0000001,0.0000000
38164,0.0000431,0.0000001,0.0000000
38165,0.0000431,0.0000001,0.0000000
38166,0.0000430,0.0000001,0.0000000
38167,0.0000430,0.0000001,0.0000000
38168,0.0000430,0.0000001,0.0000000
38169,0.0000430,0.0000001,0.0000000
38170,0.0000430,0.0000001,0.0000000
38171,0.0000430,0.0000001,0.0000000
38172,0.0000430,0.0000001,0.0000000
38173,0.0000430,0.0000001,0.0000000
38174,0.0000430,0.0000001,0.0000000
38175,0.0000430,0.0000001,0.0000000
38176,0.0000430,0.0000001,0.0000000
38177,0.0000430,0.0000001,0.0000000
38178,0.0000430,0.0000001,0.0000000
38179,0.0000430,0.0000001,0.0000000
38180,0.0000430,0.0000001,0.0000000
38181,0.0000429,0.0000001,0.0000000
38182,0.0000429,0.0000001,0.0000000
38183,0.0000429,0.0000001,0.0000000
38184,0.0000429,0.0000001,0.0000000
38185,0.0000429,0.0000001,0.0000000
38186,0.0000429,0.0000001,0.0000000
38187,0.0000429,0.0000001,0.0000000
38188,0.0000429,0.0000001,0.0000000
38189,0.0000429,0.0000001,0.0000000
38190,0.0000429,0.0000001,0.0000000
38191,0.0000429,0.0000001,0.0000000
38192,0.0000429,0.0000001,0.0000000
38193,0.0000429,0.0000001,0.0000000
38194,0.0000429,0.0000001,0.0000000
38195,0.0000428,0.0000001,0.0000000
38196,0.0000428,0.0000001,0.0000000
38197,0.0000428,0.0000001,0.0000000
38198,0.0000428,0.0000001,0.0000000
38199,0.0000428,0.0000001,0.0000000
38200,0.0000428,0.0000001,0.0000000
38201,0.0000428,0.0000001,0.0000000
38202,0.0000428,0.0000001,0.0000000
38203,0.0000428,0.0000001,0.0000000
38204,0.0000428,0.0000001,0.0000000
38205,0.0000428,0.0000001,0.0000000
38206,0.0000428,0.0000001,0.0000000
38207,0.0000428,0.0000001,0.0000000
38208,0.0000428,0.0000001,0.0000000
38209,0.0000428,0.0000001,0.0000000
38210,0.0000427,0.0000001,0.0000000
38211,0.0000427,0.0000001,0.0000000
38212,0.0000427,0.0000001,0.0000000
38213,0.0000427,0.0000001,0.0000000
38214,0.0000427,0.0000001,0.0000000
38215,0.0000427,0.0000001,0.0000000
38216,0.0000427,0.0000001,0.0000000
38217,0.0000427,0.0000001,0.0000000
38218,0.0000427,0.0000001,0.0000000
38219,0.0000427,0.0000001,0.0000000
38220,0.0000427,0.0000001,0.0000000
38221,0.0000427,0.0000001,0.0000000
38222,0.0000427,0.0000001,0.0000000
38223,0.0000427,0.0000001,0.0000000
38224,0.0000427,0.0000001,0.0000000
38225,0.0000426,0.0000001,0.0000000
38226,0.0000426,0.0000001,0.0000000
38227,0.0000426,0.0000001,0.0000000
38228,0.0000426,0.0000001,0.0000000
38229,0.0000426,0.0000001,0.0000000
38230,0.0000426,0.0000001,0.0000000
38231,0.0000426,0.0000001,0.0000000
38232,0.0000426,0.0000001,0.0000000
38233,0.0000426,0.0000001,0.0000000
38234,0.0000426,0.0000001,0.0000000
38235,0.0000426,0.0000001,0.0000000
38236,0.0000426,0.0000001,0.0000000
38237,0.0000426,0.0000001,0.0000000
38238,0.0000426,0.0000001,0.0000000
38239,0.0000426,0.0000001,0.0000000
38240,0.0000425,0.0000001,0.0000000
38241,0.0000425,0.0000001,0.0000000
38242,0.0000425,0.0000001,0.0000000
38243,0.0000425,0.0000001,0.0000000
38244,0.0000425,0.0000001,0.0000000
38245,0.0000425,0.0000001,0.0000000
38246,0.0000425,0.0000001,0.0000000
38247,0.0000425,0.0000001,0.0000000
38248,0.0000425,0.0000001,0.0000000
38249,0.0000425,0.0000001,0.0000000
38250,0.0000425,0.0000001,0.0000000
38251,0.0000425,0.0000001,0.0000000
38252,0.0000425,0.0000001,0.0000000
38253,0.0000425,0.0000001,0.0000000
38254,0.0000424,0.0000001,0.0000000
38255,0.0000424,0.0000001,0.0000000
38256,0.0000424,0.0000001,0.0000000
38257,0.0000424,0.0000001,0.0000000
38258,0.0000424,0.0000001,0.0000000
38259,0.0000424,0.0000001,0.0000000
38260,0.0000424,0.0000001,0.0000000
38261,0.0000424,0.0000001,0.0000000
38262,0.0000424,0.0000001,0.0000000
38263,0.0000424,0.0000001,0.0000000
38264,0.0000424,0.0000001,0.0000000
38265,0.0000424,0.0000001,0.0000000
38266,0.0000424,0.0000001,0.0000000
38267,0.0000424,0.0000001,0.0000000
38268,0.0000424,0.0000001,0.0000000
38269,0.0000423,0.0000001,0.0000000
38270,0.0000423,0.0000001,0.0000000
38271,0.0000423,0.0000001,0.0000000
38272,0.0000423,0.0000001,0.0000000
38273,0.0000423,0.0000001,0.0000000
38274,0.0000423,0.0000001,0.0000000
38275,0.0000423,0.0000001,0.0000000
38276,0.0000423,0.0000001,0.0000000
38277,0.0000423,0.0000001,0.0000000
38278,0.0000423,0.0000001,0.0000000
38279,0.0000423,0.0000001,0.0000000
38280,0.0000423,0.0000001,0.0000000
38281,0.0000423,0.0000001,0.0000000
38282,0.0000423,0.0000001,0.0000000
38283,0.0000423,0.0000001,0.0000000
38284,0.0000422,0.0000001,0.0000000
38285,0.0000422,0.0000001,0.0000000
38286,0.0000422,0.0000001,0.0000000
38287,0.0000422,0.0000001,0.0000000
38288,0.0000422,0.0000001,0.0000000
38289,0.0000422,0.0000001,0.0000000
38290,0.0000422,0.0000001,0.0000000
38291,0.0000422,0.0000001,0.0000000
38292,0.0000422,0.0000001,0.0000000
38293,0.0000422,0.0000001,0.0000000
38294,0.0000422,0.0000001,0.0000000
38295,0.0000422,0.0000001,0.0000000
38296,0.0000422,0.0000001,0.0000000
38297,0.0000422,0.0000001,0.0000000
38298,0.0000422,0.0000001,0.0000000
38299,0.0000421,0.0000001,0.0000000
38300,0.0000421,0.0000001,0.0000000
38301,0.0000421,0.0000001,0.0000000
38302,0.0000421,0.0000001,0.0000000
38303,0.0000421,0.0000001,0.0000000
38304,0.0000421,0.0000001,0.0000000
38305,0.0000421,0.0000001,0.0000000
38306,0.0000421,0.0000001,0.0000000
38307,0.0000421,0.0000001,0.0000000
38308,0.0000421,0.0000001,0.0000000
38309,0.0000421,0.0000001,0.0000000
38310,0.0000421,0.0000001,0.0000000
38311,0.0000421,0.0000001,0.0000000
38312,0.0000421,0.0000001,0.0000000
38313,0.0000421,0.0000001,0.0000000
38314,0.0000420,0.0000001,0.0000000
38315,0.0000420,0.0000001,0.0000000
38316,0.0000420,0.0000001,0.0000000
38317,0.0000420,0.0000001,0.0000000
38318,0.0000420,0.0000001,0.0000000
38319,0.0000420,0.0000001,0.0000000
38320,0.0000420,0.0000001,0.0000000
38321,0.0000420,0.0000001,0.0000000
38322,0.0000420,0.0000001,0.0000000
38323,0.0000420,0.0000001,0.0000000
38324,0.0000420,0.0000001,0.0000000
38325,0.0000420,0.0000001,0.0000000
38326,0.0000420,0.0000001,0.0000000
38327,0.0000420,0.0000001,0.0000000
38328,0.0000420,0.0000001,0.0000000
38329,0.0000419,0.0000001,0.0000000
38330,0.0000419,0.0000001,0.0000000
38331,0.0000419,0.0000001,0.0000000
38332,0.0000419,0.0000001,0.0000000
38333,0.0000419,0.0000001,0.0000000
38334,0.0000419,0.0000001,0.0000000
38335,0.0000419,0.0000001,0.0000000
38336,0.0000419,0.0000001,0.0000000
38337,0.0000419,0.0000001,0.0000000
38338,0.0000419,0.0000001,0.0000000
38339,0.0000419,0.0000001,0.0000000
38340,0.0000419,0.0000001,0.0000000
38341,0.0000419,0.0000001,0.0000000
38342,0.0000419,0.0000001,0.0000000
38343,0.0000419,0.0000001,0.0000000
38344,0.0000418,0.0000001,0.0000000
38345,0.0000418,0.0000001,0.0000000
38346,0.0000418,0.0000001,0.0000000
38347,0.0000418,0.0000001,0.0000000
38348,0.0000418,0.0000001,0.0000000
38349,0.0000418,0.0000001,0.0000000
38350,0.0000418,0.0000001,0.0000000
38351,0.0000418,0.0000001,0.0000000
38352,0.0000418,0.0000001,0.0000000
38353,0.0000418,0.0000001,0.0000000
38354,0.0000418,0.0000001,0.0000000
38355,0.0000418,0.0000001,0.0000000
38356,0.0000418,0.0000001,0.0000000
38357,0.0000418,0.0000001,0.0000000
38358,0.0000418,0.0000001,0.0000000
38359,0.0000417,0.0000001,0.0000000
38360,0.0000417,0.0000001,0.0000000
38361,0.0000417,0.0000001,0.0000000
38362,0.0000417,0.0000001,0.0000000
38363,0.0000417,0.0000001,0.0000000
38364,0.0000417,0.0000001,0.0000000
38365,0.0000417,0.0000001,0.0000000
38366,0.0000417,0.0000001,0.0000000
38367,0.0000417,0.0000001,0.0000000
38368,0.0000417,0.0000001,0.0000000
38369,0.0000417,0.0000001,0.0000000
38370,0.0000417,0.0000001,0.0000000
38371,0.0000417,0.0000001,0.0000000
38372,0.0000417,0.0000001,0.0000000
38373,0.0000417,0.0000001,0.0000000
38374,0.0000416,0.0000001,0.0000000
38375,0.0000416,0.0000001,0.0000000
38376,0.0000416,0.0000001,0.0000000
38377,0.0000416,0.0000001,0.0000000
38378,0.0000416,0.0000001,0.0000000
38379,0.0000416,0.0000001,0.0000000
38380,0.0000416,0.0000001,0.0000000
38381,0.0000416,0.0000001,0.0000000
38382,0.0000416,0.0000001,0.0000000
38383,0.0000416,0.0000001,0.0000000
38384,0.0000416,0.0000001,0.0000000
38385,0.0000416,0.0000001,0.0000000
38386,0.0000416,0.0000001,0.0000000
38387,0.0000416,0.0000001,0.0000000
38388,0.0000416,0.0000001,0.0000000
38389,0.0000415,0.0000001,0.0000000
38390,0.0000415,0.0000001,0.0000000
38391,0.0000415,0.0000001,0.0000000
38392,0.0000415,0.0000001,0.0000000
38393,0.0000415,0.0000001,0.0000000
38394,0.0000415,0.0000001,0.0000000
38395,0.0000415,0.0000001,0.0000000
38396,0.0000415,0.0000001,0.0000000
38397,0.0000415,0.0000001,0.0000000
38398,0.0000415,0.0000001,0.0000000
38399,0.0000415,0.0000001,0.0000000
38400,0.0000415,0.0000001,0.0000000
38401,0.0000415,0.0000001,0.0000000
38402,0.0000415,0.0000001,0.0000000
38403,0.0000415,0.0000001,0.0000000
38404,0.0000414,0.0000001,0.0000000
38405,0.0000414,0.0000001,0.0000000
38406,0.0000414,0.0000001,0.0000000
38407,0.0000414,0.0000001,0.0000000
38408,0.0000414,0.0000001,0.0000000
38409,0.0000414,0.0000001,0.0000000
38410,0.0000414,0.0000001,0.0000000
38411,0.0000414,0.0000001,0.0000000
38412,0.0000414,0.0000001,0.0000000
38413,0.0000414,0.0000001,0.0000000
38414,0.0000414,0.0000001,0.0000000
38415,0.0000414,0.0000001,0.0000000
38416,0.0000414,0.0000001,0.0000000
38417,0.0000414,0.0000001,0.0000000
38418,0.0000414,0.0000001,0.0000000
38419,0.0000413,0.0000001,0.0000000
38420,0.0000413,0.0000001,0.0000000
38421,0.0000413,0.0000001,0.0000000
38422,0.0000413,0.0000001,0.0000000
38423,0.0000413,0.0000001,0.0000000
38424,0.0000413,0.0000001,0.0000000
38425,0.0000413,0.0000001,0.0000000
38426,0.0000413,0.0000001,0.0000000
38427,0.0000413,0.0000001,0.0000000
38428,0.0000413,0.0000001,0.0000000
38429,0.0000413,0.0000001,0.0000000
38430,0.0000413,0.0000001,0.0000000
38431,0.0000413,0.0000001,0.0000000
38432,0.0000413,0.0000001,0.0000000
38433,0.0000413,0.0000001,0.0000000
38434,0.0000412,0.0000001,0.0000000
38435,0.0000412,0.0000001,0.0000000
38436,0.0000412,0.0000001,0.0000000
38437,0.0000412,0.0000001,0.0000000
38438,0.0000412,0.0000001,0.0000000
38439,0.0000412,0.0000001,0.0000000
38440,0.0000412,0.0000001,0.0000000
38441,0.0000412,0.0000001,0.0000000
38442,0.0000412,0.0000001,0.0000000
38443,0.0000412,0.0000001,0.0000000
38444,0.0000412,0.0000001,0.0000000
38445,0.0000412,0.0000001,0.0000000
38446,0.0000412,0.0000001,0.0000000
38447,0.0000412,0.0000001,0.0000000
38448,0.0000412,0.0000001,0.0000000
38449,0.0000411,0.0000001,0.0000000
38450,0.0000411,0.0000001,0.0000000
38451,0.0000411,0.0000001,0.0000000
38452,0.0000411,0.0000001,0.0000000
38453,0.0000411,0.0000001,0.0000000
38454,0.0000411,0.0000001,0.0000000
38455,0.0000411,0.0000001,0.0000000
38456,0.0000411,0.0000001,0.0000000
38457,0.0000411,0.0000001,0.0000000
38458,0.0000411,0.0000001,0.0000000
38459,0.0000411,0.0000001,0.0000000
38460,0.0000411,0.0000001,0.0000000
38461,0.0000411,0.0000001,0.0000000
38462,0.0000411,0.0000001,0.0000000
38463,0.0000411,0.0000001,0.0000000
38464,0.0000411,0.0000001,0.0000000
38465,0.0000410,0.0000001,0.0000000
38466,0.0000410,0.0000001,0.0000000
38467,0.0000410,0.0000001,0.0000000
38468,0.0000410,0.0000001,0.0000000
38469,0.0000410,0.0000001,0.0000000
38470,0.0000410,0.0000001,0.0000000
38471,0.0000410,0.0000001,0.0000000
38472,0.0000410,0.0000001,0.0000000
38473,0.0000410,0.0000001,0.0000000
38474,0.0000410,0.0000001,0.0000000
38475,0.0000410,0.0000001,0.0000000
38476,0.0000410,0.0000001,0.0000000
38477,0.0000410,0.0000001,0.0000000
38478,0.0000410,0.0000001,0.0000000
38479,0.0000410,0.0000001,0.0000000
38480,0.0000409,0.0000001,0.0000000
38481,0.0000409,0.0000001,0.0000000
38482,0.0000409,0.0000001,0.0000000
38483,0.0000409,0.0000001,0.0000000
38484,0.0000409,0.0000001,0.0000000
38485,0.0000409,0.0000001,0.0000000
38486,0.0000409,0.0000001,0.0000000
38487,0.0000409,0.0000001,0.0000000
38488,0.0000409,0.0000001,0.0000000
38489,0.0000409,0.0000001,0.0000000
38490,0.0000409,0.0000001,0.0000000
38491,0.0000409,0.0000001,0.0000000
38492,0.0000409,0.0000001,0.0000000
38493,0.0000409,0.0000001,0.0000000
38494,0.0000409,0.0000001,0.0000000
38495,0.0000408,0.0000001,0.0000000
38496,0.0000408,0.0000001,0.0000000
38497,0.0000408,0.0000001,0.0000000
38498,0.0000408,0.0000001,0.0000000
38499,0.0000408,0.0000001,0.0000000
38500,0.0000408,0.0000001,0.0000000
38501,0.0000408,0.0000001,0.0000000
38502,0.0000408,0.0000001,0.0000000
38503,0.0000408,0.0000001,0.0000000
38504,0.0000408,0.0000001,0.0000000
38505,0.0000408,0.0000001,0.0000000
38506,0.0000408,0.0000001,0.0000000
38507,0.0000408,0.0000001,0.0000000
38508,0.0000408,0.0000001,0.0000000
38509,0.0000408,0.0000001,0.0000000
38510,0.0000408,0.0000001,0.0000000
38511,0.0000407,0.0000001,0.0000000
38512,0.0000407,0.0000001,0.0000000
38513,0.0000407,0.0000001,0.0000000
38514,0.0000407,0.0000001,0.0000000
38515,0.0000407,0.0000001,0.0000000
38516,0.0000407,0.0000001,0.0000000
38517,0.0000407,0.0000001,0.0000000
38518,0.0000407,0.0000001,0.0000000
38519,0.0000407,0.0000001,0.0000000
38520,0.0000407,0.0000001,0.0000000
38521,0.0000407,0.0000001,0.0000000
38522,0.0000407,0.0000001,0.0000000
38523,0.0000407,0.0000001,0.0000000
38524,0.0000407,0.0000001,0.0000000
38525,0.0000407,0.0000001,0.0000000
38526,0.0000406,0.0000001,0.0000000
38527,0.0000406,0.0000001,0.0000000
38528,0.0000406,0.0000001,0.0000000
38529,0.0000406,0.0000001,0.0000000
38530,0.0000406,0.0000001,0.0000000
38531,0.0000406,0.0000001,0.0000000
38532,0.0000406,0.0000001,0.0000000
38533,0.0000406,0.0000001,0.0000000
38534,0.0000406,0.0000001,0.0000000
38535,0.0000406,0.0000001,0.0000000
38536,0.0000406,0.0000001,0.0000000
38537,0.0000406,0.0000001,0.0000000
38538,0.0000406,0.0000001,0.0000000
38539,0.0000406,0.0000001,0.0000000
38540,0.0000406,0.0000001,0.0000000
38541,0.0000405,0.0000001,0.0000000
38542,0.0000405,0.0000001,0.0000000
38543,0.0000405,0.0000001,0.0000000
38544,0.0000405,0.0000001,0.0000000
38545,0.0000405,0.0000001,0.0000000
38546,0.0000405,0.0000001,0.0000000
38547,0.0000405,0.0000001,0.0000000
38548,0.0000405,0.0000001,0.0000000
38549,0.0000405,0.0000001,0.0000000
38550,0.0000405,0.0000001,0.0000000
38551,0.0000405,0.0000001,0.0000000
38552,0.0000405,0.0000001,0.0000000
38553,0.0000405,0.0000001,0.0000000
38554,0.0000405,0.0000001,0.0000000
38555,0.0000405,0.0000001,0.0000000
38556,0.0000405,0.0000001,0.0000000
38557,0.0000404,0.0000001,0.0000000
38558,0.0000404,0.0000001,0.0000000
38559,0.0000404,0.0000001,0.0000000
38560,0.0000404,0.0000001,0.0000000
38561,0.0000404,0.0000001,0.0000000
38562,0.0000404,0.0000001,0.0000000
38563,0.0000404,0.0000001,0.0000000
38564,0.0000404,0.0000001,0.0000000
38565,0.0000404,0.0000001,0.0000000
38566,0.0000404,0.0000001,0.0000000
38567,0.0000404,0.0000001,0.0000000
38568,0.0000404,0.0000001,0.0000000
38569,0.0000404,0.0000001,0.0000000
38570,0.0000404,0.0000001,0.0000000
38571,0.0000404,0.0000001,0.0000000
38572,0.0000404,0.0000001,0.0000000
38573,0.0000403,0.0000001,0.0000000
38574,0.0000403,0.0000001,0.0000000
38575,0.0000403,0.0000001,0.0000000
38576,0.0000403,0.0000001,0.0000000
38577,0.0000403,0.0000001,0.0000000
38578,0.0000403,0.0000001,0.0000000
38579,0.0000403,0.0000001,0.0000000
38580,0.0000403,0.0000001,0.0000000
38581,0.0000403,0.0000001,0.0000000
38582,0.0000403,0.0000001,0.0000000
38583,0.0000403,0.0000001,0.0000000
38584,0.0000403,0.0000001,0.0000000
38585,0.0000403,0.0000001,0.0000000
38586,0.0000403,0.0000001,0.0000000
38587,0.0000403,0.0000001,0.0000000
38588,0.0000402,0.0000001,0.0000000
38589,0.0000402,0.0000001,0.0000000
38590,0.0000402,0.0000001,0.0000000
38591,0.0000402,0.0000001,0.0000000
38592,0.0000402,0.0000001,0.0000000
38593,0.0000402,0.0000001,0.0000000
38594,0.0000402,0.0000001,0.0000000
38595,0.0000402,0.0000001,0.0000000
38596,0.0000402,0.0000001,0.0000000
38597,0.0000402,0.0000001,0.0000000
38598,0.0000402,0.0000001,0.0000000
38599,0.0000402,0.0000001,0.0000000
38600,0.0000402,0.0000001,0.0000000
38601,0.0000402,0.0000001,0.0000000
38602,0.0000402,0.0000001,0.0000000
38603,0.0000402,0.0000001,0.0000000
38604,0.0000401,0.0000001,0.0000000
38605,0.0000401,0.0000001,0.0000000
38606,0.0000401,0.0000001,0.0000000
38607,0.0000401,0.0000001,0.0000000
38608,0.0000401,0.0000001,0.0000000
38609,0.0000401,0.0000001,0.0000000
38610,0.0000401,0.0000001,0.0000000
38611,0.0000401,0.0000001,0.0000000
38612,0.0000401,0.0000001,0.0000000
38613,0.0000401,0.0000001,0.0000000
38614,0.0000401,0.0000001,0.0000000
38615,0.0000401,0.0000001,0.0000000
38616,0.0000401,0.0000001,0.0000000
38617,0.0000401,0.0000001,0.0000000
38618,0.0000401,0.0000001,0.0000000
38619,0.0000400,0.0000001,0.0000000
38620,0.0000400,0.0000001,0.0000000
38621,0.0000400,0.0000001,0.0000000
38622,0.0000400,0.0000001,0.0000000
38623,0.0000400,0.0000001,0.0000000
38624,0.0000400,0.0000001,0.0000000
38625,0.0000400,0.0000001,0.0000000
38626,0.0000400,0.0000001,0.0000000
38627,0.0000400,0.0000001,0.0000000
38628,0.0000400,0.0000001,0.0000000
38629,0.0000400,0.0000001,0.0000000
38630,0.0000400,0.0000001,0.0000000
38631,0.0000400,0.0000001,0.0000000
38632,0.0000400,0.0000001,0.0000000
38633,0.0000400,0.0000001,0.0000000
38634,0.0000400,0.0000001,0.0000000
38635,0.0000399,0.0000001,0.0000000
38636,0.0000399,0.0000001,0.0000000
38637,0.0000399,0.0000001,0.0000000
38638,0.0000399,0.0000001,0.0000000
38639,0.0000399,0.0000001,0.0000000
38640,0.0000399,0.0000001,0.0000000
38641,0.0000399,0.0000001,0.0000000
38642,0.0000399,0.0000001,0.0000000
38643,0.0000399,0.0000001,0.0000000
38644,0.0000399,0.0000001,0.0000000
38645,0.0000399,0.0000001,0.0000000
38646,0.0000399,0.0000001,0.0000000
38647,0.0000399,0.0000001,0.0000000
38648,0.0000399,0.0000001,0.0000000
38649,0.0000399,0.0000001,0.0000000
38650,0.0000399,0.0000001,0.0000000
38651,0.0000398,0.0000001,0.0000000
38652,0.0000398,0.0000001,0.0000000
38653,0.0000398,0.0000001,0.0000000
38654,0.0000398,0.0000001,0.0000000
38655,0.0000398,0.0000001,0.0000000
38656,0.0000398,0.0000001,0.0000000
38657,0.0000398,0.0000001,0.0000000
38658,0.0000398,0.0000001,0.0000000
38659,0.0000398,0.0000001,0.0000000
38660,0.0000398,0.0000001,0.0000000
38661,0.0000398,0.0000001,0.0000000
38662,0.0000398,0.0000001,0.0000000
38663,0.0000398,0.0000001,0.0000000
38664,0.0000398,0.0000001,0.0000000
38665,0.0000398,0.0000001,0.0000000
38666,0.0000398,0.0000001,0.0000000
38667,0.0000397,0.0000001,0.0000000
38668,0.0000397,0.0000001,0.0000000
38669,0.0000397,0.0000001,0.0000000
38670,0.0000397,0.0000001,0.0000000
38671,0.0000397,0.0000001,0.0000000
38672,0.0000397,0.0000001,0.0000000
38673,0.0000397,0.0000001,0.0000000
38674,0.0000397,0.0000001,0.0000000
38675,0.0000397,0.0000001,0.0000000
38676,0.0000397,0.0000001,0.0000000
38677,0.0000397,0.0000001,0.0000000
38678,0.0000397,0.0000001,0.0000000
38679,0.0000397,0.0000001,0.0000000
38680,0.0000397,0.0000001,0.0000000
38681,0.0000397,0.0000001,0.0000000
38682,0.0000396,0.0000001,0.0000000
38683,0.0000396,0.0000001,0.0000000
38684,0.0000396,0.0000001,0.0000000
38685,0.0000396,0.0000001,0.0000000
38686,0.0000396,0.0000001,0.0000000
38687,0.0000396,0.0000001,0.0000000
38688,0.0000396,0.0000001,0.0000000
38689,0.0000396,0.0000001,0.0000000
38690,0.0000396,0.0000001,0.0000000
38691,0.0000396,0.0000001,0.0000000
38692,0.0000396,0.0000001,0.0000000
38693,0.0000396,0.0000001,0.0000000
38694,0.0000396,0.0000001,0.0000000
38695,0.0000396,0.0000001,0.0000000
38696,0.0000396,0.0000001,0.0000000
38697,0.0000396,0.0000001,0.0000000
38698,0.0000395,0.0000001,0.0000000
38699,0.0000395,0.0000001,0.0000000
38700,0.0000395,0.0000001,0.0000000
38701,0.0000395,0.0000001,0.0000000
38702,0.0000395,0.0000001,0.0000000
38703,0.0000395,0.0000001,0.0000000
38704,0.0000395,0.0000001,0.0000000
38705,0.0000395,0.0000001,0.0000000
38706,0.0000395,0.0000001,0.0000000
38707,0.0000395,0.0000001,0.0000000
38708,0.0000395,0.0000001,0.0000000
38709,0.0000395,0.0000001,0.0000000
38710,0.0000395,0.0000001,0.0000000
38711,0.0000395,0.0000001,0.0000000
38712,0.0000395,0.0000001,0.0000000
38713,0.0000395,0.0000001,0.0000000
38714,0.0000394,0.0000001,0.0000000
38715,0.0000394,0.0000001,0.0000000
38716,0.0000394,0.0000001,0.0000000
38717,0.0000394,0.0000001,0.0000000
38718,0.0000394,0.0000001,0.0000000
38719,0.0000394,0.0000001,0.0000000
38720,0.0000394,0.0000001,0.0000000
38721,0.0000394,0.0000001,0.0000000
38722,0.0000394,0.0000001,0.0000000
38723,0.0000394,0.0000001,0.0000000
38724,0.0000394,0.0000001,0.0000000
38725,0.0000394,0.0000001,0.0000000
38726,0.0000394,0.0000001,0.0000000
38727,0.0000394,0.0000001,0.0000000
38728,0.0000394,0.0000001,0.0000000
38729,0.0000394,0.0000001,0.0000000
38730,0.0000393,0.0000001,0.0000000
38731,0.0000393,0.0000001,0.0000000
38732,0.0000393,0.0000001,0.0000000
38733,0.0000393,0.0000001,0.0000000
38734,0.0000393,0.0000001,0.0000000
38735,0.0000393,0.0000001,0.0000000
38736,0.0000393,0.0000001,0.0000000
38737,0.0000393,0.0000001,0.0000000
38738,0.0000393,0.0000001,0.0000000
38739,0.0000393,0.0000001,0.0000000
38740,0.0000393,0.0000001,0.0000000
38741,0.0000393,0.0000001,0.0000000
38742,0.0000393,0.0000001,0.0000000
38743,0.0000393,0.0000001,0.0000000
38744,0.0000393,0.0000001,0.0000000
38745,0.0000393,0.0000001,0.0000000
38746,0.0000392,0.0000001,0.0000000
38747,0.0000392,0.0000001,0.0000000
38748,0.0000392,0.0000001,0.0000000
38749,0.0000392,0.0000001,0.0000000
38750,0.0000392,0.0000001,0.0000000
38751,0.0000392,0.0000001,0.0000000
38752,0.0000392,0.0000001,0.0000000
38753,0.0000392,0.0000001,0.0000000
38754,0.0000392,0.0000001,0.0000000
38755,0.0000392,0.0000001,0.0000000
38756,0.0000392,0.0000001,0.0000000
38757,0.0000392,0.0000001,0.0000000
38758,0.0000392,0.0000001,0.0000000
38759,0.0000392,0.0000001,0.0000000
38760,0.0000392,0.0000001,0.0000000
38761,0.0000392,0.0000001,0.0000000
38762,0.0000391,0.0000001,0.0000000
38763,0.0000391,0.0000001,0.0000000
38764,0.0000391,0.0000001,0.0000000
38765,0.0000391,0.0000001,0.0000000
38766,0.0000391,0.0000001,0.0000000
38767,0.0000391,0.0000001,0.0000000
38768,0.0000391,0.0000001,0.0000000
38769,0.0000391,0.0000001,0.0000000
38770,0.0000391,0.0000001,0.0000000
38771,0.0000391,0.0000001,0.0000000
38772,0.0000391,0.0000001,0.0000000
38773,0.0000391,0.0000001,0.0000000
38774,0.0000391,0.0000001,0.0000000
38775,0.0000391,0.0000001,0.0000000
38776,0.0000391,0.0000001,0.0000000
38777,0.0000391,0.0000001,0.0000000
38778,0.0000390,0.0000001,0.0000000
38779,0.0000390,0.0000001,0.0000000
38780,0.0000390,0.0000001,0.0000000
38781,0.0000390,0.0000001,0.0000000
38782,0.0000390,0.0000001,0.0000000
38783,0.0000390,0.0000001,0.0000000
38784,0.0000390,0.0000001,0.0000000
38785,0.0000390,0.0000001,0.0000000
38786,0.0000390,0.0000001,0.0000000
38787,0.0000390,0.0000001,0.0000000
38788,0.0000390,0.0000001,0.0000000
38789,0.0000390,0.0000001,0.0000000
38790,0.0000390,0.0000001,0.0000000
38791,0.0000390,0.0000001,0.0000000
38792,0.0000390,0.0000001,0.0000000
38793,0.0000390,0.0000001,0.0000000
38794,0.0000389,0.0000001,0.0000000
38795,0.0000389,0.0000001,0.0000000
38796,0.0000389,0.0000001,0.0000000
38797,0.0000389,0.0000001,0.0000000
38798,0.0000389,0.0000001,0.0000000
38799,0.0000389,0.0000001,0.0000000
38800,0.0000389,0.0000001,0.0000000
38801,0.0000389,0.0000001,0.0000000
38802,0.0000389,0.0000001,0.0000000
38803,0.0000389,0.0000001,0.0000000
38804,0.0000389,0.0000001,0.0000000
38805,0.0000389,0.0000001,0.0000000
38806,0.0000389,0.0000001,0.0000000
38807,0.0000389,0.0000001,0.0000000
38808,0.0000389,0.0000001,0.0000000
38809,0.0000389,0.0000001,0.0000000
38810,0.0000388,0.0000001,0.0000000
38811,0.0000388,0.0000001,0.0000000
38812,0.0000388,0.0000001,0.0000000
38813,0.0000388,0.0000001,0.0000000
38814,0.0000388,0.0000001,0.0000000
38815,0.0000388,0.0000001,0.0000000
38816,0.0000388,0.0000001,0.0000000
38817,0.0000388,0.0000001,0.0000000
38818,0.0000388,0.0000001,0.0000000
38819,0.0000388,0.0000001,0.0000000
38820,0.0000388,0.0000001,0.0000000
38821,0.0000388,0.0000001,0.0000000
38822,0.0000388,0.0000001,0.0000000
38823,0.0000388,0.0000001,0.0000000
38824,0.0000388,0.0000001,0.0000000
38825,0.0000388,0.0000001,0.0000000
38826,0.0000388,0.0000001,0.0000000
38827,0.0000387,0.0000001,0.0000000
38828,0.0000387,0.0000001,0.0000000
38829,0.0000387,0.0000001,0.0000000
38830,0.0000387,0.0000001,0.0000000
38831,0.0000387,0.0000001,0.0000000
38832,0.0000387,0.0000001,0.0000000
38833,0.0000387,0.0000001,0.0000000
38834,0.0000387,0.0000001,0.0000000
38835,0.0000387,0.0000001,0.0000000
38836,0.0000387,0.0000001,0.0000000
38837,0.0000387,0.0000001,0.0000000
38838,0.0000387,0.0000001,0.0000000
38839,0.0000387,0.0000001,0.0000000
38840,0.0000387,0.0000001,0.0000000
38841,0.0000387,0.0000001,0.0000000
38842,0.0000387,0.0000001,0.0000000
38843,0.0000386,0.0000001,0.0000000
38844,0.0000386,0.0000001,0.0000000
38845,0.0000386,0.0000001,0.0000000
38846,0.0000386,0.0000001,0.0000000
38847,0.0000386,0.0000001,0.0000000
38848,0.0000386,0.0000001,0.0000000
38849,0.0000386,0.0000001,0.0000000
38850,0.0000386,0.0000001,0.0000000
38851,0.0000386,0.0000001,0.0000000
38852,0.0000386,0.0000001,0.0000000
38853,0.0000386,0.0000001,0.0000000
38854,0.0000386,0.0000001,0.0000000
38855,0.0000386,0.0000001,0.0000000
38856,0.0000386,0.0000001,0.0000000
38857,0.0000386,0.0000001,0.0000000
38858,0.0000386,0.0000001,0.0000000
38859,0.0000385,0.0000001,0.0000000
38860,0.0000385,0.0000001,0.0000000
38861,0.0000385,0.0000001,0.0000000
38862,0.0000385,0.0000001,0.0000000
38863,0.0000385,0.0000001,0.0000000
38864,0.0000385,0.0000001,0.0000000
38865,0.0000385,0.0000001,0.0000000
38866,0.0000385,0.0000001,0.0000000
38867,0.0000385,0.0000001,0.0000000
38868,0.0000385,0.0000001,0.0000000
38869,0.0000385,0.0000001,0.0000000
38870,0.0000385,0.0000001,0.0000000
38871,0.0000385,0.0000001,0.0000000
38872,0.0000385,0.0000001,0.0000000
38873,0.0000385,0.0000001,0.0000000
38874,0.0000385,0.0000001,0.0000000
38875,0.0000385,0.0000001,0.0000000
38876,0.0000384,0.0000001,0.0000000
38877,0.0000384,0.0000001,0.0000000
38878,0.0000384,0.0000001,0.0000000
38879,0.0000384,0.0000001,0.0000000
38880,0.0000384,0.0000001,0.0000000
38881,0.0000384,0.0000001,0.0000000
38882,0.0000384,0.0000001,0.0000000
38883,0.0000384,0.0000001,0.0000000
38884,0.0000384,0.0000001,0.0000000
38885,0.0000384,0.0000001,0.0000000
38886,0.0000384,0.0000001,0.0000000
38887,0.0000384,0.0000001,0.0000000
38888,0.0000384,0.0000001,0.0000000
38889,0.0000384,0.0000001,0.0000000
38890,0.0000384,0.0000001,0.0000000
38891,0.0000384,0.0000001,0.0000000
38892,0.0000383,0.0000001,0.0000000
38893,0.0000383,0.0000001,0.0000000
38894,0.0000383,0.0000001,0.0000000
38895,0.0000383,0.0000001,0.0000000
38896,0.0000383,0.0000001,0.0000000
38897,0.0000383,0.0000001,0.0000000
38898,0.0000383,0.0000001,0.0000000
38899,0.0000383,0.0000001,0.0000000
38900,0.0000383,0.0000001,0.0000000
38901,0.0000383,0.0000001,0.0000000
38902,0.0000383,0.0000001,0.0000000
38903,0.0000383,0.0000001,0.0000000
38904,0.0000383,0.0000001,0.0000000
38905,0.0000383,0.0000001,0.0000000
38906,0.0000383,0.0000001,0.0000000
38907,0.0000383,0.0000001,0.0000000
38908,0.0000382,0.0000001,0.0000000
38909,0.0000382,0.0000001,0.0000000
38910,0.0000382,0.0000001,0.0000000
38911,0.0000382,0.0000001,0.0000000
38912,0.0000382,0.0000001,0.0000000
38913,0.0000382,0.0000001,0.0000000
38914,0.0000382,0.0000001,0.0000000
38915,0.0000382,0.0000001,0.0000000
38916,0.0000382,0.0000001,0.0000000
38917,0.0000382,0.0000001,0.0000000
38918,0.0000382,0.0000001,0.0000000
38919,0.0000382,0.0000001,0.0000000
38920,0.0000382,0.0000001,0.0000000
38921,0.0000382,0.0000001,0.0000000
38922,0.0000382,0.0000001,0.0000000
38923,0.0000382,0.0000001,0.0000000
38924,0.0000382,0.0000001,0.0000000
38925,0.0000381,0.0000001,0.0000000
38926,0.0000381,0.0000001,0.0000000
38927,0.0000381,0.0000001,0.0000000
38928,0.0000381,0.0000001,0.0000000
38929,0.0000381,0.0000001,0.0000000
38930,0.0000381,0.0000001,0.0000000
38931,0.0000381,0.0000001,0.0000000
38932,0.0000381,0.0000001,0.0000000
38933,0.0000381,0.0000001,0.0000000
38934,0.0000381,0.0000001,0.0000000
38935,0.0000381,0.0000001,0.0000000
38936,0.0000381,0.0000001,0.0000000
38937,0.0000381,0.0000001,0.0000000
38938,0.0000381,0.0000001,0.0000000
38939,0.0000381,0.0000001,0.0000000
38940,0.0000381,0.0000001,0.0000000
38941,0.0000380,0.0000001,0.0000000
38942,0.0000380,0.0000001,0.0000000
38943,0.0000380,0.0000001,0.0000000
38944,0.0000380,0.0000001,0.0000000
38945,0.0000380,0.0000001,0.0000000
38946,0.0000380,0.0000001,0.0000000
38947,0.0000380,0.0000001,0.0000000
38948,0.0000380,0.0000001,0.0000000
38949,0.0000380,0.0000001,0.0000000
38950,0.0000380,0.0000001,0.0000000
38951,0.0000380,0.0000001,0.0000000
38952,0.0000380,0.0000001,0.0000000
38953,0.0000380,0.0000001,0.0000000
38954,0.0000380,0.0000001,0.0000000
38955,0.0000380,0.0000001,0.0000000
38956,0.0000380,0.0000001,0.0000000
38957,0.0000380,0.0000001,0.0000000
38958,0.0000379,0.0000001,0.0000000
38959,0.0000379,0.0000001,0.0000000
38960,0.0000379,0.0000001,0.0000000
38961,0.0000379,0.0000001,0.0000000
38962,0.0000379,0.0000001,0.0000000
38963,0.0000379,0.0000001,0.0000000
38964,0.0000379,0.0000001,0.0000000
38965,0.0000379,0.0000001,0.0000000
38966,0.0000379,0.0000001,0.0000000
38967,0.0000379,0.0000001,0.0000000
38968,0.0000379,0.0000001,0.0000000
38969,0.0000379,0.0000001,0.0000000
38970,0.0000379,0.0000001,0.0000000
38971,0.0000379,0.0000001,0.0000000
38972,0.0000379,0.0000001,0.0000000
38973,0.0000379,0.0000001,0.0000000
38974,0.0000378,0.0000001,0.0000000
38975,0.0000378,0.0000001,0.0000000
38976,0.0000378,0.0000001,0.0000000
38977,0.0000378,0.0000001,0.0000000
38978,0.0000378,0.0000001,0.0000000
38979,0.0000378,0.0000001,0.0000000
38980,0.0000378,0.0000001,0.0000000
38981,0.0000378,0.0000001,0.0000000
38982,0.0000378,0.0000001,0.0000000
38983,0.0000378,0.0000001,0.0000000
38984,0.0000378,0.0000001,0.0000000
38985,0.0000378,0.0000001,0.0000000
38986,0.0000378,0.0000001,0.0000000
38987,0.0000378,0.0000001,0.0000000
38988,0.0000378,0.0000001,0.0000000
38989,0.0000378,0.0000001,0.0000000
38990,0.0000378,0.0000001,0.0000000
38991,0.0000377,0.0000001,0.0000000
38992,0.0000377,0.0000001,0.0000000
38993,0.0000377,0.0000001,0.0000000
38994,0.0000377,0.0000001,0.0000000
38995,0.0000377,0.0000001,0.0000000
38996,0.0000377,0.0000001,0.0000000
38997,0.0000377,0.0000001,0.0000000
38998,0.0000377,0.0000001,0.0000000
38999,0.0000377,0.0000001,0.0000000
39000,0.0000377,0.0000001,0.0000000
39001,0.0000377,0.0000001,0.0000000
39002,0.0000377,0.0000001,0.0000000
39003,0.0000377,0.0000001,0.0000000
39004,0.0000377,0.0000001,0.0000000
39005,0.0000377,0.0000001,0.0000000
39006,0.0000377,0.0000001,0.0000000
39007,0.0000377,0.0000001,0.0000000
39008,0.0000376,0.0000001,0.0000000
39009,0.0000376,0.0000001,0.0000000
39010,0.0000376,0.0000001,0.0000000
39011,0.0000376,0.0000001,0.0000000
39012,0.0000376,0.0000001,0.0000000
39013,0.0000376,0.0000001,0.0000000
39014,0.0000376,0.0000001,0.0000000
39015,0.0000376,0.0000001,0.0000000
39016,0.0000376,0.0000001,0.0000000
39017,0.0000376,0.0000001,0.0000000
39018,0.0000376,0.0000001,0.0000000
39019,0.0000376,0.0000001,0.0000000
39020,0.0000376,0.0000001,0.0000000
39021,0.0000376,0.0000001,0.0000000
39022,0.0000376,0.0000001,0.0000000
39023,0.0000376,0.0000001,0.0000000
39024,0.0000375,0.0000001,0.0000000
39025,0.0000375,0.0000001,0.0000000
39026,0.0000375,0.0000001,0.0000000
39027,0.0000375,0.0000001,0.0000000
39028,0.0000375,0.0000001,0.0000000
39029,0.0000375,0.0000001,0.0000000
39030,0.0000375,0.0000001,0.0000000
39031,0.0000375,0.0000001,0.0000000
39032,0.0000375,0.0000001,0.0000000
39033,0.0000375,0.0000001,0.0000000
39034,0.0000375,0.0000001,0.0000000
39035,0.0000375,0.0000001,0.0000000
39036,0.0000375,0.0000001,0.0000000
39037,0.0000375,0.0000001,0.0000000
39038,0.0000375,0.0000001,0.0000000
39039,0.0000375,0.0000001,0.0000000
39040,0.0000375,0.0000001,0.0000000
39041,0.0000374,0.0000001,0.0000000
39042,0.0000374,0.0000001,0.0000000
39043,0.0000374,0.0000001,0.0000000
39044,0.0000374,0.0000001,0.0000000
39045,0.0000374,0.0000001,0.0000000
39046,0.0000374,0.0000001,0.0000000
39047,0.0000374,0.0000001,0.0000000
39048,0.0000374,0.0000001,0.0000000
39049,0.0000374,0.0000001,0.0000000
39050,0.0000374,0.0000001,0.0000000
39051,0.0000374,0.0000001,0.0000000
39052,0.0000374,0.0000001,0.0000000
39053,0.0000374,0.0000001,0.0000000
39054,0.0000374,0.0000001,0.0000000
39055,0.0000374,0.0000001,0.0000000
39056,0.0000374,0.0000001,0.0000000
39057,0.0000374,0.0000001,0.0000000
39058,0.0000373,0.0000001,0.0000000
39059,0.0000373,0.0000001,0.0000000
39060,0.0000373,0.0000001,0.0000000
39061,0.0000373,0.0000001,0.0000000
39062,0.0000373,0.0000001,0.0000000
39063,0.0000373,0.0000001,0.0000000
39064,0.0000373,0.0000001,0.0000000
39065,0.0000373,0.0000001,0.0000000
39066,0.0000373,0.0000001,0.0000000
39067,0.0000373,0.0000001,0.0000000
39068,0.0000373,0.0000001,0.0000000
39069,0.0000373,0.0000001,0.0000000
39070,0.0000373,0.0000001,0.0000000
39071,0.0000373,0.0000001,0.0000000
39072,0.0000373,0.0000001,0.0000000
39073,0.0000373,0.0000001,0.0000000
39074,0.0000373,0.0000001,0.0000000
39075,0.0000372,0.0000001,0.0000000
39076,0.0000372,0.0000001,0.0000000
39077,0.0000372,0.0000001,0.0000000
39078,0.0000372,0.0000001,0.0000000
39079,0.0000372,0.0000001,0.0000000
39080,0.0000372,0.0000001,0.0000000
39081,0.0000372,0.0000001,0.0000000
39082,0.0000372,0.0000001,0.0000000
39083,0.0000372,0.0000001,0.0000000
39084,0.0000372,0.0000001,0.0000000
39085,0.0000372,0.0000001,0.0000000
39086,0.0000372,0.0000001,0.0000000
39087,0.0000372,0.0000001,0.0000000
39088,0.0000372,0.0000001,0.0000000
39089,0.0000372,0.0000001,0.0000000
39090,0.0000372,0.0000001,0.0000000
39091,0.0000372,0.0000001,0.0000000
39092,0.0000371,0.0000001,0.0000000
39093,0.0000371,0.0000001,0.0000000
39094,0.0000371,0.0000001,0.0000000
39095,0.0000371,0.0000001,0.0000000
39096,0.0000371,0.0000001,0.0000000
39097,0.0000371,0.0000001,0.0000000
39098,0.0000371,0.0000001,0.0000000
39099,0.0000371,0.0000001,0.0000000
39100,0.0000371,0.0000001,0.0000000
39101,0.0000371,0.0000001,0.0000000
39102,0.0000371,0.0000001,0.0000000
39103,0.0000371,0.0000001,0.0000000
39104,0.0000371,0.0000001,0.0000000
39105,0.0000371,0.0000001,0.0000000
39106,0.0000371,0.0000001,0.0000000
39107,0.0000371,0.0000001,0.0000000
39108,0.0000371,0.0000001,0.0000000
39109,0.0000370,0.0000001,0.0000000
39110,0.0000370,0.0000001,0.0000000
39111,0.0000370,0.0000001,0.0000000
39112,0.0000370,0.0000001,0.0000000
39113,0.0000370,0.0000001,0.0000000
39114,0.0000370,0.0000001,0.0000000
39115,0.0000370,0.0000001,0.0000000
39116,0.0000370,0.0000001,0.0000000
39117,0.0000370,0.0000001,0.0000000
39118,0.0000370,0.0000001,0.0000000
39119,0.0000370,0.0000001,0.0000000
39120,0.0000370,0.0000001,0.0000000
39121,0.0000370,0.0000001,0.0000000
39122,0.0000370,0.0000001,0.0000000
39123,0.0000370,0.0000001,0.0000000
39124,0.0000370,0.0000001,0.0000000
39125,0.0000370,0.0000001,0.0000000
39126,0.0000369,0.0000001,0.0000000
39127,0.0000369,0.0000001,0.0000000
39128,0.0000369,0.0000001,0.0000000
39129,0.0000369,0.0000001,0.0000000
39130,0.0000369,0.0000001,0.0000000
39131,0.0000369,0.0000001,0.0000000
39132,0.0000369,0.0000001,0.0000000
39133,0.0000369,0.0000001,0.0000000
39134,0.0000369,0.0000001,0.0000000
39135,0.0000369,0.0000001,0.0000000
39136,0.0000369,0.0000001,0.0000000
39137,0.0000369,0.0000001,0.0000000
39138,0.0000369,0.0000001,0.0000000
39139,0.0000369,0.0000001,0.0000000
39140,0.0000369,0.0000001,0.0000000
39141,0.0000369,0.0000001,0.0000000
39142,0.0000369,0.0000001,0.0000000
39143,0.0000368,0.0000001,0.0000000
39144,0.0000368,0.0000001,0.0000000
39145,0.0000368,0.0000001,0.0000000
39146,0.0000368,0.0000001,0.0000000
39147,0.0000368,0.0000001,0.0000000
39148,0.0000368,0.0000001,0.0000000
39149,0.0000368,0.0000001,0.0000000
39150,0.0000368,0.0000001,0.0000000
39151,0.0000368,0.0000001,0.0000000
39152,0.0000368,0.0000001,0.0000000
39153,0.0000368,0.0000001,0.0000000
39154,0.0000368,0.0000001,0.0000000
39155,0.0000368,0.0000001,0.0000000
39156,0.0000368,0.0000001,0.0000000
39157,0.0000368,0.0000001,0.0000000
39158,0.0000368,0.0000001,0.0000000
39159,0.0000368,0.0000001,0.0000000
39160,0.0000367,0.0000001,0.0000000
39161,0.0000367,0.0000001,0.0000000
39162,0.0000367,0.0000001,0.0000000
39163,0.0000367,0.0000001,0.0000000
39164,0.0000367,0.0000001,0.0000000
39165,0.0000367,0.0000001,0.0000000
39166,0.0000367,0.0000001,0.0000000
39167,0.0000367,0.0000001,0.0000000
39168,0.0000367,0.0000001,0.0000000
39169,0.0000367,0.0000001,0.0000000
39170,0.0000367,0.0000001,0.0000000
39171,0.0000367,0.0000001,0.0000000
39172,0.0000367,0.0000001,0.0000000
39173,0.0000367,0.0000001,0.0000000
39174,0.0000367,0.0000001,0.0000000
39175,0.0000367,0.0000001,0.0000000
39176,0.0000367,0.0000001,0.0000000
39177,0.0000366,0.0000001,0.0000000
39178,0.0000366,0.0000001,0.0000000
39179,0.0000366,0.0000001,0.0000000
39180,0.0000366,0.0000001,0.0000000
39181,0.0000366,0.0000001,0.0000000
39182,0.0000366,0.0000001,0.0000000
39183,0.0000366,0.0000001,0.0000000
39184,0.0000366,0.0000001,0.0000000
39185,0.0000366,0.0000001,0.0000000
39186,0.0000366,0.0000001,0.0000000
39187,0.0000366,0.0000001,0.0000000
39188,0.0000366,0.0000001,0.0000000
39189,0.0000366,0.0000001,0.0000000
39190,0.0000366,0.0000001,0.0000000
39191,0.0000366,0.0000001,0.0000000
39192,0.0000366,0.0000001,0.0000000
39193,0.0000366,0.0000001,0.0000000
39194,0.0000365,0.0000001,0.0000000
39195,0.0000365,0.0000001,0.0000000
39196,0.0000365,0.0000001,0.0000000
39197,0.0000365,0.0000001,0.0000000
39198,0.0000365,0.0000001,0.0000000
39199,0.0000365,0.0000001,0.0000000
39200,0.0000365,0.0000001,0.0000000
39201,0.0000365,0.0000001,0.0000000
39202,0.0000365,0.0000001,0.0000000
39203,0.0000365,0.0000001,0.0000000
39204,0.0000365,0.0000001,0.0000000
39205,0.0000365,0.0000001,0.0000000
39206,0.0000365,0.0000001,0.0000000
39207,0.0000365,0.0000001,0.0000000
39208,0.0000365,0.0000001,0.0000000
39209,0.0000365,0.0000001,0.0000000
39210,0.0000365,0.0000001,0.0000000
39211,0.0000365,0.0000001,0.0000000
39212,0.0000364,0.0000001,0.0000000
39213,0.0000364,0.0000001,0.0000000
39214,0.0000364,0.0000001,0.0000000
39215,0.0000364,0.0000001,0.0000000
39216,0.0000364,0.0000001,0.0000000
39217,0.0000364,0.0000001,0.0000000
39218,0.0000364,0.0000001,0.0000000
39219,0.0000364,0.0000001,0.0000000
39220,0.0000364,0.0000001,0.0000000
39221,0.0000364,0.0000001,0.0000000
39222,0.0000364,0.0000001,0.0000000
39223,0.0000364,0.0000001,0.0000000
39224,0.0000364,0.0000001,0.0000000
39225,0.0000364,0.0000001,0.0000000
39226,0.0000364,0.0000001,0.0000000
39227,0.0000364,0.0000001,0.0000000
39228,0.0000364,0.0000001,0.0000000
39229,0.0000363,0.0000001,0.0000000
39230,0.0000363,0.0000001,0.0000000
39231,0.0000363,0.0000001,0.0000000
39232,0.0000363,0.0000001,0.0000000
39233,0.0000363,0.0000001,0.0000000
39234,0.0000363,0.0000001,0.0000000
39235,0.0000363,0.0000001,0.0000000
39236,0.0000363,0.0000001,0.0000000
39237,0.0000363,0.0000001,0.0000000
39238,0.0000363,0.0000001,0.0000000
39239,0.0000363,0.0000001,0.0000000
39240,0.0000363,0.0000001,0.0000000
39241,0.0000363,0.0000001,0.0000000
39242,0.0000363,0.0000001,0.0000000
39243,0.0000363,0.0000001,0.0000000
39244,0.0000363,0.0000001,0.0000000
39245,0.0000363,0.0000001,0.0000000
39246,0.0000362,0.0000001,0.0000000
39247,0.0000362,0.0000001,0.0000000
39248,0.0000362,0.0000001,0.0000000
39249,0.0000362,0.0000001,0.0000000
39250,0.0000362,0.0000001,0.0000000
39251,0.0000362,0.0000001,0.0000000
39252,0.0000362,0.0000001,0.0000000
39253,0.0000362,0.0000001,0.0000000
39254,0.0000362,0.0000001,0.0000000
39255,0.0000362,0.0000001,0.0000000
39256,0.0000362,0.0000001,0.0000000
39257,0.0000362,0.0000001,0.0000000
39258,0.0000362,0.0000001,0.0000000
39259,0.0000362,0.0000001,0.0000000
39260,0.0000362,0.0000001,0.0000000
39261,0.0000362,0.0000001,0.0000000
39262,0.0000362,0.0000001,0.0000000
39263,0.0000362,0.0000001,0.0000000
39264,0.0000361,0.0000001,0.0000000
39265,0.0000361,0.0000001,0.0000000
39266,0.0000361,0.0000001,0.0000000
39267,0.0000361,0.0000001,0.0000000
39268,0.0000361,0.0000001,0.0000000
39269,0.0000361,0.0000001,0.0000000
39270,0.0000361,0.0000001,0.0000000
39271,0.0000361,0.0000001,0.0000000
39272,0.0000361,0.0000001,0.0000000
39273,0.0000361,0.0000001,0.0000000
39274,0.0000361,0.0000001,0.0000000
39275,0.0000361,0.0000001,0.0000000
39276,0.0000361,0.0000001,0.0000000
39277,0.0000361,0.0000001,0.0000000
39278,0.0000361,0.0000001,0.0000000
39279,0.0000361,0.0000001,0.0000000
39280,0.0000361,0.0000001,0.0000000
39281,0.0000360,0.0000001,0.0000000
39282,0.0000360,0.0000001,0.0000000
39283,0.0000360,0.0000001,0.0000000
39284,0.0000360,0.0000001,0.0000000
39285,0.0000360,0.0000001,0.0000000
39286,0.0000360,0.0000001,0.0000000
39287,0.0000360,0.0000001,0.0000000
39288,0.0000360,0.0000001,0.0000000
39289,0.0000360,0.0000001,0.0000000
39290,0.0000360,0.0000001,0.0000000
39291,0.0000360,0.0000001,0.0000000
39292,0.0000360,0.0000001,0.0000000
39293,0.0000360,0.0000001,0.0000000
39294,0.0000360,0.0000001,0.0000000
39295,0.0000360,0.0000001,0.0000000
39296,0.0000360,0.0000001,0.0000000
39297,0.0000360,0.0000001,0.0000000
39298,0.0000360,0.0000001,0.0000000
39299,0.0000359,0.0000001,0.0000000
39300,0.0000359,0.0000001,0.0000000
39301,0.0000359,0.0000001,0.0000000
39302,0.0000359,0.0000001,0.0000000
39303,0.0000359,0.0000001,0.0000000
39304,0.0000359,0.0000001,0.0000000
39305,0.0000359,0.0000001,0.0000000
39306,0.0000359,0.0000001,0.0000000
39307,0.0000359,0.0000001,0.0000000
39308,0.0000359,0.0000001,0.0000000
39309,0.0000359,0.0000001,0.0000000
39310,0.0000359,0.0000001,0.0000000
39311,0.0000359,0.0000001,0.0000000
39312,0.0000359,0.0000001,0.0000000
39313,0.0000359,0.0000001,0.0000000
39314,0.0000359,0.0000001,0.0000000
39315,0.0000359,0.0000001,0.0000000
39316,0.0000358,0.0000001,0.0000000
39317,0.0000358,0.0000001,0.0000000
39318,0.0000358,0.0000001,0.0000000
39319,0.0000358,0.0000001,0.0000000
39320,0.0000358,0.0000001,0.0000000
39321,0.0000358,0.0000001,0.0000000
39322,0.0000358,0.0000001,0.0000000
39323,0.0000358,0.0000001,0.0000000
39324,0.0000358,0.0000001,0.0000000
39325,0.0000358,0.0000001,0.0000000
39326,0.0000358,0.0000001,0.0000000
39327,0.0000358,0.0000001,0.0000000
39328,0.0000358,0.0000001,0.0000000
39329,0.0000358,0.0000001,0.0000000
39330,0.0000358,0.0000001,0.0000000
39331,0.0000358,0.0000001,0.0000000
39332,0.0000358,0.0000001,0.0000000
39333,0.0000358,0.0000001,0.0000000
39334,0.0000357,0.0000001,0.0000000
39335,0.0000357,0.0000001,0.0000000
39336,0.0000357,0.0000001,0.0000000
39337,0.0000357,0.0000001,0.0000000
39338,0.0000357,0.0000001,0.0000000
39339,0.0000357,0.0000001,0.0000000
39340,0.0000357,0.0000001,0.0000000
39341,0.0000357,0.0000001,0.0000000
39342,0.0000357,0.0000001,0.0000000
39343,0.0000357,0.0000001,0.0000000
39344,0.0000357,0.0000001,0.0000000
39345,0.0000357,0.0000001,0.0000000
39346,0.0000357,0.0000001,0.0000000
39347,0.0000357,0.0000001,0.0000000
39348,0.0000357,0.0000001,0.0000000
39349,0.0000357,0.0000001,0.0000000
39350,0.0000357,0.0000001,0.0000000
39351,0.0000356,0.0000001,0.0000000
39352,0.0000356,0.0000001,0.0000000
39353,0.0000356,0.0000001,0.0000000
39354,0.0000356,0.0000001,0.0000000
39355,0.0000356,0.0000001,0.0000000
39356,0.0000356,0.0000001,0.0000000
39357,0.0000356,0.0000001,0.0000000
39358,0.0000356,0.0000001,0.0000000
39359,0.0000356,0.0000001,0.0000000
39360,0.0000356,0.0000001,0.0000000
39361,0.0000356,0.0000001,0.0000000
39362,0.0000356,0.0000001,0.0000000
39363,0.0000356,0.0000001,0.0000000
39364,0.0000356,0.0000001,0.0000000
39365,0.0000356,0.0000001,0.0000000
39366,0.0000356,0.0000001,0.0000000
39367,0.0000356,0.0000001,0.0000000
39368,0.0000356,0.0000001,0.0000000
39369,0.0000355,0.0000001,0.0000000
39370,0.0000355,0.0000001,0.0000000
39371,0.0000355,0.0000001,0.0000000
39372,0.0000355,0.0000001,0.0000000
39373,0.0000355,0.0000001,0.0000000
39374,0.0000355,0.0000001,0.0000000
39375,0.0000355,0.0000001,0.0000000
39376,0.0000355,0.0000001,0.0000000
39377,0.0000355,0.0000001,0.0000000
39378,0.0000355,0.0000001,0.0000000
39379,0.0000355,0.0000001,0.0000000
39380,0.0000355,0.0000001,0.0000000
39381,0.0000355,0.0000001,0.0000000
39382,0.0000355,0.0000001,0.0000000
39383,0.0000355,0.0000001,0.0000000
39384,0.0000355,0.0000001,0.0000000
39385,0.0000355,0.0000001,0.0000000
39386,0.0000355,0.0000001,0.0000000
39387,0.0000354,0.0000001,0.0000000
39388,0.0000354,0.0000001,0.0000000
39389,0.0000354,0.0000001,0.0000000
39390,0.0000354,0.0000001,0.0000000
39391,0.0000354,0.0000001,0.0000000
39392,0.0000354,0.0000001,0.0000000
39393,0.0000354,0.0000001,0.0000000
39394,0.0000354,0.0000001,0.0000000
39395,0.0000354,0.0000001,0.0000000
39396,0.0000354,0.0000001,0.0000000
39397,0.0000354,0.0000001,0.0000000
39398,0.0000354,0.0000001,0.0000000
39399,0.0000354,0.0000001,0.0000000
39400,0.0000354,0.0000001,0.0000000
39401,0.0000354,0.0000001,0.0000000
39402,0.0000354,0.0000001,0.0000000
39403,0.0000354,0.0000001,0.0000000
39404,0.0000354,0.0000001,0.0000000
39405,0.0000353,0.0000001,0.0000000
39406,0.0000353,0.0000001,0.0000000
39407,0.0000353,0.0000001,0.0000000
39408,0.0000353,0.0000001,0.0000000
39409,0.0000353,0.0000001,0.0000000
39410,0.0000353,0.0000001,0.0000000
39411,0.0000353,0.0000001,0.0000000
39412,0.0000353,0.0000001,0.0000000
39413,0.0000353,0.0000001,0.0000000
39414,0.0000353,0.0000001,0.0000000
39415,0.0000353,0.0000001,0.0000000
39416,0.0000353,0.0000001,0.0000000
39417,0.0000353,0.0000001,0.0000000
39418,0.0000353,0.0000001,0.0000000
39419,0.0000353,0.0000001,0.0000000
39420,0.0000353,0.0000001,0.0000000
39421,0.0000353,0.0000001,0.0000000
39422,0.0000352,0.0000001,0.0000000
39423,0.0000352,0.0000001,0.0000000
39424,0.0000352,0.0000001,0.0000000
39425,0.0000352,0.0000001,0.0000000
39426,0.0000352,0.0000001,0.0000000
39427,0.0000352,0.0000001,0.0000000
39428,0.0000352,0.0000001,0.0000000
39429,0.0000352,0.0000001,0.0000000
39430,0.0000352,0.0000001,0.0000000
39431,0.0000352,0.0000001,0.0000000
39432,0.0000352,0.0000001,0.0000000
39433,0.0000352,0.0000001,0.0000000
39434,0.0000352,0.0000001,0.0000000
39435,0.0000352,0.0000001,0.0000000
39436,0.0000352,0.0000001,0.0000000
39437,0.0000352,0.0000001,0.0000000
39438,0.0000352,0.0000001,0.0000000
39439,0.0000352,0.0000001,0.0000000
39440,0.0000351,0.0000001,0.0000000
39441,0.0000351,0.0000001,0.0000000
39442,0.0000351,0.0000001,0.0000000
39443,0.0000351,0.0000001,0.0000000
39444,0.0000351,0.0000001,0.0000000
39445,0.0000351,0.0000001,0.0000000
39446,0.0000351,0.0000001,0.0000000
39447,0.0000351,0.0000001,0.0000000
39448,0.0000351,0.0000001,0.0000000
39449,0.0000351,0.0000001,0.0000000
39450,0.0000351,0.0000001,0.0000000
39451,0.0000351,0.0000001,0.0000000
39452,0.0000351,0.0000001,0.0000000
39453,0.0000351,0.0000001,0.0000000
39454,0.0000351,0.0000001,0.0000000
39455,0.0000351,0.0000001,0.0000000
39456,0.0000351,0.0000001,0.0000000
39457,0.0000351,0.0000001,0.0000000
39458,0.0000350,0.0000001,0.0000000
39459,0.0000350,0.0000001,0.0000000
39460,0.0000350,0.0000001,0.0000000
39461,0.0000350,0.0000001,0.0000000
39462,0.0000350,0.0000001,0.0000000
39463,0.0000350,0.0000001,0.0000000
39464,0.0000350,0.0000001,0.0000000
39465,0.0000350,0.0000001,0.0000000
39466,0.0000350,0.0000001,0.0000000
39467,0.0000350,0.0000001,0.0000000
39468,0.0000350,0.0000001,0.0000000
39469,0.0000350,0.0000001,0.0000000
39470,0.0000350,0.0000001,0.0000000
39471,0.0000350,0.0000001,0.0000000
39472,0.0000350,0.0000001,0.0000000
39473,0.0000350,0.0000001,0.0000000
39474,0.0000350,0.0000001,0.0000000
39475,0.0000350,0.0000001,0.0000000
39476,0.0000349,0.0000001,0.0000000
39477,0.0000349,0.0000001,0.0000000
39478,0.0000349,0.0000001,0.0000000
39479,0.0000349,0.0000001,0.0000000
39480,0.0000349,0.0000001,0.0000000
39481,0.0000349,0.0000001,0.0000000
39482,0.0000349,0.0000001,0.0000000
39483,0.0000349,0.0000001,0.0000000
39484,0.0000349,0.0000001,0.0000000
39485,0.0000349,0.0000001,0.0000000
39486,0.0000349,0.0000001,0.0000000
39487,0.0000349,0.0000001,0.0000000
39488,0.0000349,0.0000001,0.0000000
39489,0.0000349,0.0000001,0.0000000
39490,0.0000349,0.0000001,0.0000000
39491,0.0000349,0.0000001,0.0000000
39492,0.0000349,0.0000001,0.0000000
39493,0.0000349,0.0000001,0.0000000
39494,0.0000348,0.0000001,0.0000000
39495,0.0000348,0.0000001,0.0000000
39496,0.0000348,0.0000001,0.0000000
39497,0.0000348,0.0000001,0.0000000
39498,0.0000348,0.0000001,0.0000000
39499,0.0000348,0.0000001,0.0000000
39500,0.0000348,0.0000001,0.0000000
39501,0.0000348,0.0000001,0.0000000
39502,0.0000348,0.0000001,0.0000000
39503,0.0000348,0.0000001,0.0000000
39504,0.0000348,0.0000001,0.0000000
39505,0.0000348,0.0000001,0.0000000
39506,0.0000348,0.0000001,0.0000000
39507,0.0000348,0.0000001,0.0000000
39508,0.0000348,0.0000001,0.0000000
39509,0.0000348,0.0000001,0.0000000
39510,0.0000348,0.0000001,0.0000000
39511,0.0000348,0.0000001,0.0000000
39512,0.0000348,0.0000001,0.0000000
39513,0.0000347,0.0000001,0.0000000
39514,0.0000347,0.0000001,0.0000000
39515,0.0000347,0.0000001,0.0000000
39516,0.0000347,0.0000001,0.0000000
39517,0.0000347,0.0000001,0.0000000
39518,0.0000347,0.0000001,0.0000000
39519,0.0000347,0.0000001,0.0000000
39520,0.0000347,0.0000001,0.0000000
39521,0.0000347,0.0000001,0.0000000
39522,0.0000347,0.0000001,0.0000000
39523,0.0000347,0.0000001,0.0000000
39524,0.0000347,0.0000001,0.0000000
39525,0.0000347,0.0000001,0.0000000
39526,0.0000347,0.0000001,0.0000000
39527,0.0000347,0.0000001,0.0000000
39528,0.0000347,0.0000001,0.0000000
39529,0.0000347,0.0000001,0.0000000
39530,0.0000347,0.0000001,0.0000000
39531,0.0000346,0.0000001,0.0000000
39532,0.0000346,0.0000001,0.0000000
39533,0.0000346,0.0000001,0.0000000
39534,0.0000346,0.0000001,0.0000000
39535,0.0000346,0.0000001,0.0000000
39536,0.0000346,0.0000001,0.0000000
39537,0.0000346,0.0000001,0.0000000
39538,0.0000346,0.0000001,0.0000000
39539,0.0000346,0.0000001,0.0000000
39540,0.0000346,0.0000001,0.0000000
39541,0.0000346,0.0000001,0.0000000
39542,0.0000346,0.0000001,0.0000000
39543,0.0000346,0.0000001,0.0000000
39544,0.0000346,0.0000001,0.0000000
39545,0.0000346,0.0000001,0.0000000
39546,0.0000346,0.0000001,0.0000000
39547,0.0000346,0.0000001,0.0000000
39548,0.0000346,0.0000001,0.0000000
39549,0.0000345,0.0000001,0.0000000
39550,0.0000345,0.0000001,0.0000000
39551,0.0000345,0.0000001,0.0000000
39552,0.0000345,0.0000001,0.0000000
39553,0.0000345,0.0000001,0.0000000
39554,0.0000345,0.0000001,0.0000000
39555,0.0000345,0.0000001,0.0000000
39556,0.0000345,0.0000001,0.0000000
39557,0.0000345,0.0000001,0.0000000
39558,0.0000345,0.0000001,0.0000000
39559,0.0000345,0.0000001,0.0000000
39560,0.0000345,0.0000001,0.0000000
39561,0.0000345,0.0000001,0.0000000
39562,0.0000345,0.0000001,0.0000000
39563,0.0000345,0.0000001,0.0000000
39564,0.0000345,0.0000001,0.0000000
39565,0.0000345,0.0000001,0.0000000
39566,0.0000345,0.0000001,0.0000000
39567,0.0000344,0.0000001,0.0000000
39568,0.0000344,0.0000001,0.0000000
39569,0.0000344,0.0000001,0.0000000
39570,0.0000344,0.0000001,0.0000000
39571,0.0000344,0.0000001,0.0000000
39572,0.0000344,0.0000001,0.0000000
39573,0.0000344,0.0000001,0.0000000
39574,0.0000344,0.0000001,0.0000000
39575,0.0000344,0.0000001,0.0000000
39576,0.0000344,0.0000001,0.0000000
39577,0.0000344,0.0000001,0.0000000
39578,0.0000344,0.0000001,0.0000000
39579,0.0000344,0.0000001,0.0000000
39580,0.0000344,0.0000001,0.0000000
39581,0.0000344,0.0000001,0.0000000
39582,0.0000344,0.0000001,0.0000000
39583,0.0000344,0.0000001,0.0000000
39584,0.0000344,0.0000001,0.0000000
39585,0.0000344,0.0000001,0.0000000
39586,0.0000343,0.0000001,0.0000000
39587,0.0000343,0.0000001,0.0000000
39588,0.0000343,0.0000001,0.0000000
39589,0.0000343,0.0000001,0.0000000
39590,0.0000343,0.0000001,0.0000000
39591,0.0000343,0.0000001,0.0000000
39592,0.0000343,0.0000001,0.0000000
39593,0.0000343,0.0000001,0.0000000
39594,0.0000343,0.0000001,0.0000000
39595,0.0000343,0.0000001,0.0000000
39596,0.0000343,0.0000001,0.0000000
39597,0.0000343,0.0000001,0.0000000
39598,0.0000343,0.0000001,0.0000000
39599,0.0000343,0.0000001,0.0000000
39600,0.0000343,0.0000001,0.0000000
39601,0.0000343,0.0000001,0.0000000
39602,0.0000343,0.0000001,0.0000000
39603,0.0000343,0.0000001,0.0000000
39604,0.0000342,0.0000001,0.0000000
39605,0.0000342,0.0000001,0.0000000
39606,0.0000342,0.0000001,0.0000000
39607,0.0000342,0.0000001,0.0000000
39608,0.0000342,0.0000001,0.0000000
39609,0.0000342,0.0000001,0.0000000
39610,0.0000342,0.0000001,0.0000000
39611,0.0000342,0.0000001,0.0000000
39612,0.0000342,0.0000001,0.0000000
39613,0.0000342,0.0000001,0.0000000
39614,0.0000342,0.0000001,0.0000000
39615,0.0000342,0.0000001,0.0000000
39616,0.0000342,0.0000001,0.0000000
39617,0.0000342,0.0000001,0.0000000
39618,0.0000342,0.0000001,0.0000000
39619,0.0000342,0.0000001,0.0000000
39620,0.0000342,0.0000001,0.0000000
39621,0.0000342,0.0000001,0.0000000
39622,0.0000341,0.0000001,0.0000000
39623,0.0000341,0.0000001,0.0000000
39624,0.0000341,0.0000001,0.0000000
39625,0.0000341,0.0000001,0.0000000
39626,0.0000341,0.0000001,0.0000000
39627,0.0000341,0.0000001,0.0000000
39628,0.0000341,0.0000001,0.0000000
39629,0.0000341,0.0000001,0.0000000
39630,0.0000341,0.0000001,0.0000000
39631,0.0000341,0.0000001,0.0000000
39632,0.0000341,0.0000001,0.0000000
39633,0.0000341,0.0000001,0.0000000
39634,0.0000341,0.0000001,0.0000000
39635,0.0000341,0.0000001,0.0000000
39636,0.0000341,0.0000001,0.0000000
39637,0.0000341,0.0000001,0.0000000
39638,0.0000341,0.0000001,0.0000000
39639,0.0000341,0.0000001,0.0000000
39640,0.0000341,0.0000001,0.0000000
39641,0.0000340,0.0000001,0.0000000
39642,0.0000340,0.0000001,0.0000000
39643,0.0000340,0.0000001,0.0000000
39644,0.0000340,0.0000001,0.0000000
39645,0.0000340,0.0000001,0.0000000
39646,0.0000340,0.0000001,0.0000000
39647,0.0000340,0.0000001,0.0000000
39648,0.0000340,0.0000001,0.0000000
39649,0.0000340,0.0000001,0.0000000
39650,0.0000340,0.0000001,0.0000000
39651,0.0000340,0.0000001,0.0000000
39652,0.0000340,0.0000001,0.0000000
39653,0.0000340,0.0000001,0.0000000
39654,0.0000340,0.0000001,0.0000000
39655,0.0000340,0.0000001,0.0000000
39656,0.0000340,0.0000001,0.0000000
39657,0.0000340,0.0000001,0.0000000
39658,0.0000340,0.0000001,0.0000000
39659,0.0000339,0.0000001,0.0000000
39660,0.0000339,0.0000001,0.0000000
39661,0.0000339,0.0000001,0.0000000
39662,0.0000339,0.0000001,0.0000000
39663,0.0000339,0.0000001,0.0000000
39664,0.0000339,0.0000001,0.0000000
39665,0.0000339,0.0000001,0.0000000
39666,0.0000339,0.0000001,0.0000000
39667,0.0000339,0.0000001,0.0000000
39668,0.0000339,0.0000001,0.0000000
39669,0.0000339,0.0000001,0.0000000
39670,0.0000339,0.0000001,0.0000000
39671,0.0000339,0.0000001,0.0000000
39672,0.0000339,0.0000001,0.0000000
39673,0.0000339,0.0000001,0.0000000
39674,0.0000339,0.0000001,0.0000000
39675,0.0000339,0.0000001,0.0000000
39676,0.0000339,0.0000001,0.0000000
39677,0.0000339,0.0000001,0.0000000
39678,0.0000338,0.0000001,0.0000000
39679,0.0000338,0.0000001,0.0000000
39680,0.0000338,0.0000001,0.0000000
39681,0.0000338,0.0000001,0.0000000
39682,0.0000338,0.0000001,0.0000000
39683,0.0000338,0.0000001,0.0000000
39684,0.0000338,0.0000001,0.0000000
39685,0.0000338,0.0000001,0.0000000
39686,0.0000338,0.0000001,0.0000000
39687,0.0000338,0.0000001,0.0000000
39688,0.0000338,0.0000001,0.0000000
39689,0.0000338,0.0000001,0.0000000
39690,0.0000338,0.0000001,0.0000000
39691,0.0000338,0.0000001,0.0000000
39692,0.0000338,0.0000001,0.0000000
39693,0.0000338,0.0000001,0.0000000
39694,0.0000338,0.0000001,0.0000000
39695,0.0000338,0.0000001,0.0000000
39696,0.0000338,0.0000001,0.0000000
39697,0.0000337,0.0000001,0.0000000
39698,0.0000337,0.0000001,0.0000000
39699,0.0000337,0.0000001,0.0000000
39700,0.0000337,0.0000001,0.0000000
39701,0.0000337,0.0000001,0.0000000
39702,0.0000337,0.0000001,0.0000000
39703,0.0000337,0.0000001,0.0000000
39704,0.0000337,0.0000001,0.0000000
39705,0.0000337,0.0000001,0.0000000
39706,0.0000337,0.0000001,0.0000000
39707,0.0000337,0.0000001,0.0000000
39708,0.0000337,0.0000001,0.0000000
39709,0.0000337,0.0000001,0.0000000
39710,0.0000337,0.0000001,0.0000000
39711,0.0000337,0.0000001,0.0000000
39712,0.0000337,0.0000001,0.0000000
39713,0.0000337,0.0000001,0.0000000
39714,0.0000337,0.0000001,0.0000000
39715,0.0000336,0.0000001,0.0000000
39716,0.0000336,0.0000001,0.0000000
39717,0.0000336,0.0000001,0.0000000
39718,0.0000336,0.0000001,0.0000000
39719,0.0000336,0.0000001,0.0000000
39720,0.0000336,0.0000001,0.0000000
39721,0.0000336,0.0000001,0.0000000
39722,0.0000336,0.0000001,0.0000000
39723,0.0000336,0.0000001,0.0000000
39724,0.0000336,0.0000001,0.0000000
39725,0.0000336,0.0000001,0.0000000
39726,0.0000336,0.0000001,0.0000000
39727,0.0000336,0.0000001,0.0000000
39728,0.0000336,0.0000001,0.0000000
39729,0.0000336,0.0000001,0.0000000
39730,0.0000336,0.0000001,0.0000000
39731,0.0000336,0.0000001,0.0000000
39732,0.0000336,0.0000001,0.0000000
39733,0.0000336,0.0000001,0.0000000
39734,0.0000335,0.0000001,0.0000000
39735,0.0000335,0.0000001,0.0000000
39736,0.0000335,0.0000001,0.0000000
39737,0.0000335,0.0000001,0.0000000
39738,0.0000335,0.0000001,0.0000000
39739,0.0000335,0.0000001,0.0000000
39740,0.0000335,0.0000001,0.0000000
39741,0.0000335,0.0000001,0.0000000
39742,0.0000335,0.0000001,0.0000000
39743,0.0000335,0.0000001,0.0000000
39744,0.0000335,0.0000001,0.0000000
39745,0.0000335,0.0000001,0.0000000
39746,0.0000335,0.0000001,0.0000000
39747,0.0000335,0.0000001,0.0000000
39748,0.0000335,0.0000001,0.0000000
39749,0.0000335,0.0000001,0.0000000
39750,0.0000335,0.0000001,0.0000000
39751,0.0000335,0.0000001,0.0000000
39752,0.0000335,0.0000001,0.0000000
39753,0.0000334,0.0000001,0.0000000
39754,0.0000334,0.0000001,0.0000000
39755,0.0000334,0.0000001,0.0000000
39756,0.0000334,0.0000001,0.0000000
39757,0.0000334,0.0000001,0.0000000
39758,0.0000334,0.0000001,0.0000000
39759,0.0000334,0.0000001,0.0000000
39760,0.0000334,0.0000001,0.0000000
39761,0.0000334,0.0000001,0.0000000
39762,0.0000334,0.0000001,0.0000000
39763,0.0000334,0.0000001,0.0000000
39764,0.0000334,0.0000001,0.0000000
39765,0.0000334,0.0000001,0.0000000
39766,0.0000334,0.0000001,0.0000000
39767,0.0000334,0.0000001,0.0000000
39768,0.0000334,0.0000001,0.0000000
39769,0.0000334,0.0000001,0.0000000
39770,0.0000334,0.0000001,0.0000000
39771,0.0000334,0.0000001,0.0000000
39772,0.0000333,0.0000001,0.0000000
39773,0.0000333,0.0000001,0.0000000
39774,0.0000333,0.0000001,0.0000000
39775,0.0000333,0.0000001,0.0000000
39776,0.0000333,0.0000001,0.0000000
39777,0.0000333,0.0000001,0.0000000
39778,0.0000333,0.0000001,0.0000000
39779,0.0000333,0.0000001,0.0000000
39780,0.0000333,0.0000001,0.0000000
39781,0.0000333,0.0000001,0.0000000
39782,0.0000333,0.0000001,0.0000000
39783,0.0000333,0.0000001,0.0000000
39784,0.0000333,0.0000001,0.0000000
39785,0.0000333,0.0000001,0.0000000
39786,0.0000333,0.0000001,0.0000000
39787,0.0000333,0.0000001,0.0000000
39788,0.0000333,0.0000001,0.0000000
39789,0.0000333,0.0000001,0.0000000
39790,0.0000333,0.0000001,0.0000000
39791,0.0000332,0.0000001,0.0000000
39792,0.0000332,0.0000001,0.0000000
39793,0.0000332,0.0000001,0.0000000
39794,0.0000332,0.0000001,0.0000000
39795,0.0000332,0.0000001,0.0000000
39796,0.0000332,0.0000001,0.0000000
39797,0.0000332,0.0000001,0.0000000
39798,0.0000332,0.0000001,0.0000000
39799,0.0000332,0.0000001,0.0000000
39800,0.0000332,0.0000001,0.0000000
39801,0.0000332,0.0000001,0.0000000
39802,0.0000332,0.0000001,0.0000000
39803,0.0000332,0.0000001,0.0000000
39804,0.0000332,0.0000001,0.0000000
39805,0.0000332,0.0000001,0.0000000
39806,0.0000332,0.0000001,0.0000000
39807,0.0000332,0.0000001,0.0000000
39808,0.0000332,0.0000001,0.0000000
39809,0.0000332,0.0000001,0.0000000
39810,0.0000331,0.0000001,0.0000000
39811,0.0000331,0.0000001,0.0000000
39812,0.0000331,0.0000001,0.0000000
39813,0.0000331,0.0000001,0.0000000
39814,0.0000331,0.0000001,0.0000000
39815,0.0000331,0.0000001,0.0000000
39816,0.0000331,0.0000001,0.0000000
39817,0.0000331,0.0000001,0.0000000
39818,0.0000331,0.0000001,0.0000000
39819,0.0000331,0.0000001,0.0000000
39820,0.0000331,0.0000001,0.0000000
39821,0.0000331,0.0000001,0.0000000
39822,0.0000331,0.0000001,0.0000000
39823,0.0000331,0.0000001,0.0000000
39824,0.0000331,0.0000001,0.0000000
39825,0.0000331,0.0000001,0.0000000
39826,0.0000331,0.0000001,0.0000000
39827,0.0000331,0.0000001,0.0000000
39828,0.0000331,0.0000001,0.0000000
39829,0.0000330,0.0000001,0.0000000
39830,0.0000330,0.0000001,0.0000000
39831,0.0000330,0.0000001,0.0000000
39832,0.0000330,0.0000001,0.0000000
39833,0.0000330,0.0000001,0.0000000
39834,0.0000330,0.0000001,0.0000000
39835,0.0000330,0.0000001,0.0000000
39836,0.0000330,0.0000001,0.0000000
39837,0.0000330,0.0000001,0.0000000
39838,0.0000330,0.0000001,0.0000000
39839,0.0000330,0.0000001,0.0000000
39840,0.0000330,0.0000001,0.0000000
39841,0.0000330,0.0000001,0.0000000
39842,0.0000330,0.0000001,0.0000000
39843,0.0000330,0.0000001,0.0000000
39844,0.0000330,0.0000001,0.0000000
39845,0.0000330,0.0000001,0.0000000
39846,0.0000330,0.0000001,0.0000000
39847,0.0000330,0.0000001,0.0000000
39848,0.0000329,0.0000001,0.0000000
39849,0.0000329,0.0000001,0.0000000
39850,0.0000329,0.0000001,0.0000000
39851,0.0000329,0.0000001,0.0000000
39852,0.0000329,0.0000001,0.0000000
39853,0.0000329,0.0000001,0.0000000
39854,0.0000329,0.0000001,0.0000000
39855,0.0000329,0.0000001,0.0000000
39856,0.0000329,0.0000001,0.0000000
39857,0.0000329,0.0000001,0.0000000
39858,0.0000329,0.0000001,0.0000000
39859,0.0000329,0.0000001,0.0000000
39860,0.0000329,0.0000001,0.0000000
39861,0.0000329,0.0000001,0.0000000
39862,0.0000329,0.0000001,0.0000000
39863,0.0000329,0.0000001,0.0000000
39864,0.0000329,0.0000001,0.0000000
39865,0.0000329,0.0000001,0.0000000
39866,0.0000329,0.0000001,0.0000000
39867,0.0000328,0.0000001,0.0000000
39868,0.0000328,0.0000001,0.0000000
39869,0.0000328,0.0000001,0.0000000
39870,0.0000328,0.0000001,0.0000000
39871,0.0000328,0.0000001,0.0000000
39872,0.0000328,0.0000001,0.0000000
39873,0.0000328,0.0000001,0.0000000
39874,0.0000328,0.0000001,0.0000000
39875,0.0000328,0.0000001,0.0000000
39876,0.0000328,0.0000001,0.0000000
39877,0.0000328,0.0000001,0.0000000
39878,0.0000328,0.0000001,0.0000000
39879,0.0000328,0.0000001,0.0000000
39880,0.0000328,0.0000001,0.0000000
39881,0.0000328,0.0000001,0.0000000
39882,0.0000328,0.0000001,0.0000000
39883,0.0000328,0.0000001,0.0000000
39884,0.0000328,0.0000001,0.0000000
39885,0.0000328,0.0000001,0.0000000
39886,0.0000328,0.0000001,0.0000000
39887,0.0000327,0.0000001,0.0000000
39888,0.0000327,0.0000001,0.0000000
39889,0.0000327,0.0000001,0.0000000
39890,0.0000327,0.0000001,0.0000000
39891,0.0000327,0.0000001,0.0000000
39892,0.0000327,0.0000001,0.0000000
39893,0.0000327,0.0000001,0.0000000
39894,0.0000327,0.0000001,0.0000000
39895,0.0000327,0.0000001,0.0000000
39896,0.0000327,0.0000001,0.0000000
39897,0.0000327,0.0000001,0.0000000
39898,0.0000327,0.0000001,0.0000000
39899,0.0000327,0.0000001,0.0000000
39900,0.0000327,0.0000001,0.0000000
39901,0.0000327,0.0000001,0.0000000
39902,0.0000327,0.0000001,0.0000000
39903,0.0000327,0.0000001,0.0000000
39904,0.0000327,0.0000001,0.0000000
39905,0.0000327,0.0000001,0.0000000
39906,0.0000326,0.0000001,0.0000000
39907,0.0000326,0.0000001,0.0000000
39908,0.0000326,0.0000001,0.0000000
39909,0.0000326,0.0000001,0.0000000
39910,0.0000326,0.0000001,0.0000000
39911,0.0000326,0.0000001,0.0000000
39912,0.0000326,0.0000001,0.0000000
39913,0.0000326,0.0000001,0.0000000
39914,0.0000326,0.0000001,0.0000000
39915,0.0000326,0.0000001,0.0000000
39916,0.0000326,0.0000001,0.0000000
39917,0.0000326,0.0000001,0.0000000
39918,0.0000326,0.0000001,0.0000000
39919,0.0000326,0.0000001,0.0000000
39920,0.0000326,0.0000001,0.0000000
39921,0.0000326,0.0000001,0.0000000
39922,0.0000326,0.0000001,0.0000000
39923,0.0000326,0.0000001,0.0000000
39924,0.0000326,0.0000001,0.0000000
39925,0.0000325,0.0000001,0.0000000
39926,0.0000325,0.0000001,0.0000000
39927,0.0000325,0.0000001,0.0000000
39928,0.0000325,0.0000001,0.0000000
39929,0.0000325,0.0000001,0.0000000
39930,0.0000325,0.0000001,0.0000000
39931,0.0000325,0.0000001,0.0000000
39932,0.0000325,0.0000001,0.0000000
39933,0.0000325,0.0000001,0.0000000
39934,0.0000325,0.0000001,0.0000000
39935,0.0000325,0.0000001,0.0000000
39936,0.0000325,0.0000001,0.0000000
39937,0.0000325,0.0000001,0.0000000
39938,0.0000325,0.0000001,0.0000000
39939,0.0000325,0.0000001,0.0000000
39940,0.0000325,0.0000001,0.0000000
39941,0.0000325,0.0000001,0.0000000
39942,0.0000325,0.0000001,0.0000000
39943,0.0000325,0.0000001,0.0000000
39944,0.0000325,0.0000001,0.0000000
39945,0.0000324,0.0000001,0.0000000
39946,0.0000324,0.0000001,0.0000000
39947,0.0000324,0.0000001,0.0000000
39948,0.0000324,0.0000001,0.0000000
39949,0.0000324,0.0000001,0.0000000
39950,0.0000324,0.0000001,0.0000000
39951,0.0000324,0.0000001,0.0000000
39952,0.0000324,0.0000001,0.0000000
39953,0.0000324,0.0000001,0.0000000
39954,0.0000324,0.0000001,0.0000000
39955,0.0000324,0.0000001,0.0000000
39956,0.0000324,0.0000001,0.0000000
39957,0.0000324,0.0000001,0.0000000
39958,0.0000324,0.0000001,0.0000000
39959,0.0000324,0.0000001,0.0000000
39960,0.0000324,0.0000001,0.0000000
39961,0.0000324,0.0000001,0.0000000
39962,0.0000324,0.0000001,0.0000000
39963,0.0000324,0.0000001,0.0000000
39964,0.0000323,0.0000001,0.0000000
39965,0.0000323,0.0000001,0.0000000
39966,0.0000323,0.0000001,0.0000000
39967,0.0000323,0.0000001,0.0000000
39968,0.0000323,0.0000001,0.0000000
39969,0.0000323,0.0000001,0.0000000
39970,0.0000323,0.0000001,0.0000000
39971,0.0000323,0.0000001,0.0000000
39972,0.0000323,0.0000001,0.0000000
39973,0.0000323,0.0000001,0.0000000
39974,0.0000323,0.0000001,0.0000000
39975,0.0000323,0.0000001,0.0000000
39976,0.0000323,0.0000001,0.0000000
39977,0.0000323,0.0000001,0.0000000
39978,0.0000323,0.0000001,0.0000000
39979,0.0000323,0.0000001,0.0000000
39980,0.0000323,0.0000001,0.0000000
39981,0.0000323,0.0000001,0.0000000
39982,0.0000323,0.0000001,0.0000000
39983,0.0000323,0.0000001,0.0000000
39984,0.0000322,0.0000001,0.0000000
39985,0.0000322,0.0000001,0.0000000
39986,0.0000322,0.0000001,0.0000000
39987,0.0000322,0.0000001,0.0000000
39988,0.0000322,0.0000001,0.0000000
39989,0.0000322,0.0000001,0.0000000
39990,0.0000322,0.0000001,0.0000000
39991,0.0000322,0.0000001,0.0000000
39992,0.0000322,0.0000001,0.0000000
39993,0.0000322,0.0000001,0.0000000
39994,0.0000322,0.0000001,0.0000000
39995,0.0000322,0.0000001,0.0000000
39996,0.0000322,0.0000001,0.0000000
39997,0.0000322,0.0000001,0.0000000
39998,0.0000322,0.0000001,0.0000000
39999,0.0000322,0.0000001,0.0000000
40000,0.0000322,0.0000001,0.0000000
40001,0.0000322,0.0000001,0.0000000
40002,0.0000322,0.0000001,0.0000000
40003,0.0000321,0.0000001,0.0000000
40004,0.0000321,0.0000001,0.0000000
40005,0.0000321,0.0000001,0.0000000
40006,0.0000321,0.0000001,0.0000000
40007,0.0000321,0.0000001,0.0000000
40008,0.0000321,0.0000001,0.0000000
40009,0.0000321,0.0000001,0.0000000
40010,0.0000321,0.0000001,0.0000000
40011,0.0000321,0.0000001,0.0000000
40012,0.0000321,0.0000001,0.0000000
40013,0.0000321,0.0000001,0.0000000
40014,0.0000321,0.0000001,0.0000000
40015,0.0000321,0.0000001,0.0000000
40016,0.0000321,0.0000001,0.0000000
40017,0.0000321,0.0000001,0.0000000
40018,0.0000321,0.0000001,0.0000000
40019,0.0000321,0.0000001,0.0000000
40020,0.0000321,0.0000001,0.0000000
40021,0.0000321,0.0000001,0.0000000
40022,0.0000321,0.0000001,0.0000000
40023,0.0000320,0.0000001,0.0000000
40024,0.0000320,0.0000001,0.0000000
40025,0.0000320,0.0000001,0.0000000
40026,0.0000320,0.0000001,0.0000000
40027,0.0000320,0.0000001,0.0000000
40028,0.0000320,0.0000001,0.0000000
40029,0.0000320,0.0000001,0.0000000
40030,0.0000320,0.0000001,0.0000000
40031,0.0000320,0.0000001,0.0000000
40032,0.0000320,0.0000001,0.0000000
40033,0.0000320,0.0000001,0.0000000
40034,0.0000320,0.0000001,0.0000000
40035,0.0000320,0.0000001,0.0000000
40036,0.0000320,0.0000001,0.0000000
40037,0.0000320,0.0000001,0.0000000
40038,0.0000320,0.0000001,0.0000000
40039,0.0000320,0.0000001,0.0000000
40040,0.0000320,0.0000001,0.0000000
40041,0.0000320,0.0000001,0.0000000
40042,0.0000320,0.0000001,0.0000000
40043,0.0000319,0.0000001,0.0000000
40044,0.0000319,0.0000001,0.0000000
40045,0.0000319,0.0000001,0.0000000
40046,0.0000319,0.0000001,0.0000000
40047,0.0000319,0.0000001,0.0000000
40048,0.0000319,0.0000001,0.0000000
40049,0.0000319,0.0000001,0.0000000
40050,0.0000319,0.0000001,0.0000000
40051,0.0000319,0.0000001,0.0000000
40052,0.0000319,0.0000001,0.0000000
40053,0.0000319,0.0000001,0.0000000
40054,0.0000319,0.0000001,0.0000000
40055,0.0000319,0.0000001,0.0000000
40056,0.0000319,0.0000001,0.0000000
40057,0.0000319,0.0000001,0.0000000
40058,0.0000319,0.0000001,0.0000000
40059,0.0000319,0.0000001,0.0000000
40060,0.0000319,0.0000001,0.0000000
40061,0.0000319,0.0000001,0.0000000
40062,0.0000319,0.0000001,0.0000000
40063,0.0000318,0.0000001,0.0000000
40064,0.0000318,0.0000001,0.0000000
40065,0.0000318,0.0000001,0.0000000
40066,0.0000318,0.0000001,0.0000000
40067,0.0000318,0.0000001,0.0000000
40068,0.0000318,0.0000001,0.0000000
40069,0.0000318,0.0000001,0.0000000
40070,0.0000318,0.0000001,0.0000000
40071,0.0000318,0.0000001,0.0000000
40072,0.0000318,0.0000001,0.0000000
40073,0.0000318,0.0000001,0.0000000
40074,0.0000318,0.0000001,0.0000000
40075,0.0000318,0.0000001,0.0000000
40076,0.0000318,0.0000001,0.0000000
40077,0.0000318,0.0000001,0.0000000
40078,0.0000318,0.0000001,0.0000000
40079,0.0000318,0.0000001,0.0000000
40080,0.0000318,0.0000001,0.0000000
40081,0.0000318,0.0000001,0.0000000
40082,0.0000318,0.0000001,0.0000000
40083,0.0000317,0.0000001,0.0000000
40084,0.0000317,0.0000001,0.0000000
40085,0.0000317,0.0000001,0.0000000
40086,0.0000317,0.0000001,0.0000000
40087,0.0000317,0.0000001,0.0000000
40088,0.0000317,0.0000001,0.0000000
40089,0.0000317,0.0000001,0.0000000
40090,0.0000317,0.0000001,0.0000000
40091,0.0000317,0.0000001,0.0000000
40092,0.0000317,0.0000001,0.0000000
40093,0.0000317,0.0000001,0.0000000
40094,0.0000317,0.0000001,0.0000000
40095,0.0000317,0.0000001,0.0000000
40096,0.0000317,0.0000001,0.0000000
40097,0.0000317,0.0000001,0.0000000
40098,0.0000317,0.0000001,0.0000000
40099,0.0000317,0.0000001,0.0000000
40100,0.0000317,0.0000001,0.0000000
40101,0.0000317,0.0000001,0.0000000
40102,0.0000316,0.0000001,0.0000000
40103,0.0000316,0.0000001,0.0000000
40104,0.0000316,0.0000001,0.0000000
40105,0.0000316,0.0000001,0.0000000
40106,0.0000316,0.0000001,0.0000000
40107,0.0000316,0.0000001,0.0000000
40108,0.0000316,0.0000001,0.0000000
40109,0.0000316,0.0000001,0.0000000
40110,0.0000316,0.0000001,0.0000000
40111,0.0000316,0.0000001,0.0000000
40112,0.0000316,0.0000001,0.0000000
40113,0.0000316,0.0000001,0.0000000
40114,0.0000316,0.0000001,0.0000000
40115,0.0000316,0.0000001,0.0000000
40116,0.0000316,0.0000001,0.0000000
40117,0.0000316,0.0000001,0.0000000
40118,0.0000316,0.0000001,0.0000000
40119,0.0000316,0.0000001,0.0000000
40120,0.0000316,0.0000001,0.0000000
40121,0.0000316,0.0000001,0.0000000
40122,0.0000316,0.0000001,0.0000000
40123,0.0000315,0.0000001,0.0000000
40124,0.0000315,0.0000001,0.0000000
40125,0.0000315,0.0000001,0.0000000
40126,0.0000315,0.0000001,0.0000000
40127,0.0000315,0.0000001,0.0000000
40128,0.0000315,0.0000001,0.0000000
40129,0.0000315,0.0000001,0.0000000
40130,0.0000315,0.0000001,0.0000000
40131,0.0000315,0.0000001,0.0000000
40132,0.0000315,0.0000001,0.0000000
40133,0.0000315,0.0000001,0.0000000
40134,0.0000315,0.0000001,0.0000000
40135,0.0000315,0.0000001,0.0000000
40136,0.0000315,0.0000001,0.0000000
40137,0.0000315,0.0000001,0.0000000
40138,0.0000315,0.0000001,0.0000000
40139,0.0000315,0.0000001,0.0000000
40140,0.0000315,0.0000001,0.0000000
40141,0.0000315,0.0000001,0.0000000
40142,0.0000315,0.0000001,0.0000000
40143,0.0000314,0.0000001,0.0000000
40144,0.0000314,0.0000001,0.0000000
40145,0.0000314,0.0000001,0.0000000
40146,0.0000314,0.0000001,0.0000000
40147,0.0000314,0.0000001,0.0000000
40148,0.0000314,0.0000001,0.0000000
40149,0.0000314,0.0000001,0.0000000
40150,0.0000314,0.0000001,0.0000000
40151,0.0000314,0.0000001,0.0000000
40152,0.0000314,0.0000001,0.0000000
40153,0.0000314,0.0000001,0.0000000
40154,0.0000314,0.0000001,0.0000000
40155,0.0000314,0.0000001,0.0000000
40156,0.0000314,0.0000001,0.0000000
40157,0.0000314,0.0000001,0.0000000
40158,0.0000314,0.0000001,0.0000000
40159,0.0000314,0.0000001,0.0000000
40160,0.0000314,0.0000001,0.0000000
40161,0.0000314,0.0000001,0.0000000
40162,0.0000314,0.0000001,0.0000000
40163,0.0000313,0.0000001,0.0000000
40164,0.0000313,0.0000001,0.0000000
40165,0.0000313,0.0000001,0.0000000
40166,0.0000313,0.0000001,0.0000000
40167,0.0000313,0.0000001,0.0000000
40168,0.0000313,0.0000001,0.0000000
40169,0.0000313,0.0000001,0.0000000
40170,0.0000313,0.0000001,0.0000000
40171,0.0000313,0.0000001,0.0000000
40172,0.0000313,0.0000001,0.0000000
40173,0.0000313,0.0000001,0.0000000
40174,0.0000313,0.0000001,0.0000000
40175,0.0000313,0.0000001,0.0000000
40176,0.0000313,0.0000001,0.0000000
40177,0.0000313,0.0000001,0.0000000
40178,0.0000313,0.0000001,0.0000000
40179,0.0000313,0.0000001,0.0000000
40180,0.0000313,0.0000001,0.0000000
40181,0.0000313,0.0000001,0.0000000
40182,0.0000313,0.0000001,0.0000000
40183,0.0000312,0.0000001,0.0000000
40184,0.0000312,0.0000001,0.0000000
40185,0.0000312,0.0000001,0.0000000
40186,0.0000312,0.0000001,0.0000000
40187,0.0000312,0.0000001,0.0000000
40188,0.0000312,0.0000001,0.0000000
40189,0.0000312,0.0000001,0.0000000
40190,0.0000312,0.0000001,0.0000000
40191,0.0000312,0.0000001,0.0000000
40192,0.0000312,0.0000001,0.0000000
40193,0.0000312,0.0000001,0.0000000
40194,0.0000312,0.0000001,0.0000000
40195,0.0000312,0.0000001,0.0000000
40196,0.0000312,0.0000001,0.0000000
40197,0.0000312,0.0000001,0.0000000
40198,0.0000312,0.0000001,0.0000000
40199,0.0000312,0.0000001,0.0000000
40200,0.0000312,0.0000001,0.0000000
40201,0.0000312,0.0000001,0.0000000
40202,0.0000312,0.0000001,0.0000000
40203,0.0000311,0.0000001,0.0000000
40204,0.0000311,0.0000001,0.0000000
40205,0.0000311,0.0000001,0.0000000
40206,0.0000311,0.0000001,0.0000000
40207,0.0000311,0.0000001,0.0000000
40208,0.0000311,0.0000001,0.0000000
40209,0.0000311,0.0000001,0.0000000
40210,0.0000311,0.0000001,0.0000000
40211,0.0000311,0.0000001,0.0000000
40212,0.0000311,0.0000001,0.0000000
40213,0.0000311,0.0000001,0.0000000
40214,0.0000311,0.0000001,0.0000000
40215,0.0000311,0.0000001,0.0000000
40216,0.0000311,0.0000001,0.0000000
40217,0.0000311,0.0000001,0.0000000
40218,0.0000311,0.0000001,0.0000000
40219,0.0000311,0.0000001,0.0000000
40220,0.0000311,0.0000001,0.0000000
40221,0.0000311,0.0000001,0.0000000
40222,0.0000311,0.0000001,0.0000000
40223,0.0000311,0.0000001,0.0000000
40224,0.0000310,0.0000001,0.0000000
40225,0.0000310,0.0000001,0.0000000
40226,0.0000310,0.0000001,0.0000000
40227,0.0000310,0.0000001,0.0000000
40228,0.0000310,0.0000001,0.0000000
40229,0.0000310,0.0000001,0.0000000
40230,0.0000310,0.0000001,0.0000000
40231,0.0000310,0.0000001,0.0000000
40232,0.0000310,0.0000001,0.0000000
40233,0.0000310,0.0000001,0.0000000
40234,0.0000310,0.0000001,0.0000000
40235,0.0000310,0.0000001,0.0000000
40236,0.0000310,0.0000001,0.0000000
40237,0.0000310,0.0000001,0.0000000
40238,0.0000310,0.0000001,0.0000000
40239,0.0000310,0.0000001,0.0000000
40240,0.0000310,0.0000001,0.0000000
40241,0.0000310,0.0000001,0.0000000
40242,0.0000310,0.0000001,0.0000000
40243,0.0000310,0.0000001,0.0000000
40244,0.0000309,0.0000001,0.0000000
40245,0.0000309,0.0000001,0.0000000
40246,0.0000309,0.0000001,0.0000000
40247,0.0000309,0.0000001,0.0000000
40248,0.0000309,0.0000001,0.0000000
40249,0.0000309,0.0000001,0.0000000
40250,0.0000309,0.0000001,0.0000000
40251,0.0000309,0.0000001,0.0000000
40252,0.0000309,0.0000001,0.0000000
40253,0.0000309,0.0000001,0.0000000
40254,0.0000309,0.0000001,0.0000000
40255,0.0000309,0.0000001,0.0000000
40256,0.0000309,0.0000001,0.0000000
40257,0.0000309,0.0000001,0.0000000
40258,0.0000309,0.0000001,0.0000000
40259,0.0000309,0.0000001,0.0000000
40260,0.0000309,0.0000001,0.0000000
40261,0.0000309,0.0000001,0.0000000
40262,0.0000309,0.0000001,0.0000000
40263,0.0000309,0.0000001,0.0000000
40264,0.0000308,0.0000001,0.0000000
40265,0.0000308,0.0000001,0.0000000
40266,0.0000308,0.0000001,0.0000000
40267,0.0000308,0.0000001,0.0000000
40268,0.0000308,0.0000001,0.0000000
40269,0.0000308,0.0000001,0.0000000
40270,0.0000308,0.0000001,0.0000000
40271,0.0000308,0.0000001,0.0000000
40272,0.0000308,0.0000001,0.0000000
40273,0.0000308,0.0000001,0.0000000
40274,0.0000308,0.0000001,0.0000000
40275,0.0000308,0.0000001,0.0000000
40276,0.0000308,0.0000001,0.0000000
40277,0.0000308,0.0000001,0.0000000
40278,0.0000308,0.0000001,0.0000000
40279,0.0000308,0.0000001,0.0000000
40280,0.0000308,0.0000001,0.0000000
40281,0.0000308,0.0000001,0.0000000
40282,0.0000308,0.0000001,0.0000000
40283,0.0000308,0.0000001,0.0000000
40284,0.0000308,0.0000001,0.0000000
40285,0.0000307,0.0000001,0.0000000
40286,0.0000307,0.0000001,0.0000000
40287,0.0000307,0.0000001,0.0000000
40288,0.0000307,0.0000001,0.0000000
40289,0.0000307,0.0000001,0.0000000
40290,0.0000307,0.0000001,0.0000000
40291,0.0000307,0.0000001,0.0000000
40292,0.0000307,0.0000001,0.0000000
40293,0.0000307,0.0000001,0.0000000
40294,0.0000307,0.0000001,0.0000000
40295,0.0000307,0.0000001,0.0000000
40296,0.0000307,0.0000001,0.0000000
40297,0.0000307,0.0000001,0.0000000
40298,0.0000307,0.0000001,0.0000000
40299,0.0000307,0.0000001,0.0000000
40300,0.0000307,0.0000001,0.0000000
40301,0.0000307,0.0000001,0.0000000
40302,0.0000307,0.0000001,0.0000000
40303,0.0000307,0.0000001,0.0000000
40304,0.0000307,0.0000001,0.0000000
40305,0.0000307,0.0000001,0.0000000
40306,0.0000306,0.0000001,0.0000000
40307,0.0000306,0.0000001,0.0000000
40308,0.0000306,0.0000001,0.0000000
40309,0.0000306,0.0000001,0.0000000
40310,0.0000306,0.0000001,0.0000000
40311,0.0000306,0.0000001,0.0000000
40312,0.0000306,0.0000001,0.0000000
40313,0.0000306,0.0000001,0.0000000
40314,0.0000306,0.0000001,0.0000000
40315,0.0000306,0.0000001,0.0000000
40316,0.0000306,0.0000001,0.0000000
40317,0.0000306,0.0000001,0.0000000
40318,0.0000306,0.0000001,0.0000000
40319,0.0000306,0.0000001,0.0000000
40320,0.0000306,0.0000001,0.0000000
40321,0.0000306,0.0000001,0.0000000
40322,0.0000306,0.0000001,0.0000000
40323,0.0000306,0.0000001,0.0000000
40324,0.0000306,0.0000001,0.0000000
40325,0.0000306,0.0000001,0.0000000
40326,0.0000305,0.0000001,0.0000000
40327,0.0000305,0.0000001,0.0000000
40328,0.0000305,0.0000001,0.0000000
40329,0.0000305,0.0000001,0.0000000
40330,0.0000305,0.0000001,0.0000000
40331,0.0000305,0.0000001,0.0000000
40332,0.0000305,0.0000001,0.0000000
40333,0.0000305,0.0000001,0.0000000
40334,0.0000305,0.0000001,0.0000000
40335,0.0000305,0.0000001,0.0000000
40336,0.0000305,0.0000001,0.0000000
40337,0.0000305,0.0000001,0.0000000
40338,0.0000305,0.0000001,0.0000000
40339,0.0000305,0.0000001,0.0000000
40340,0.0000305,0.0000001,0.0000000
40341,0.0000305,0.0000001,0.0000000
40342,0.0000305,0.0000001,0.0000000
40343,0.0000305,0.0000001,0.0000000
40344,0.0000305,0.0000001,0.0000000
40345,0.0000305,0.0000001,0.0000000
40346,0.0000305,0.0000001,0.0000000
40347,0.0000304,0.0000001,0.0000000
40348,0.0000304,0.0000001,0.0000000
40349,0.0000304,0.0000001,0.0000000
40350,0.0000304,0.0000001,0.0000000
40351,0.0000304,0.0000001,0.0000000
40352,0.0000304,0.0000001,0.0000000
40353,0.0000304,0.0000001,0.0000000
40354,0.0000304,0.0000001,0.0000000
40355,0.0000304,0.0000001,0.0000000
40356,0.0000304,0.0000001,0.0000000
40357,0.0000304,0.0000001,0.0000000
40358,0.0000304,0.0000001,0.0000000
40359,0.0000304,0.0000001,0.0000000
40360,0.0000304,0.0000001,0.0000000
40361,0.0000304,0.0000001,0.0000000
40362,0.0000304,0.0000001,0.0000000
40363,0.0000304,0.0000001,0.0000000
40364,0.0000304,0.0000001,0.0000000
40365,0.0000304,0.0000001,0.0000000
40366,0.0000304,0.0000001,0.0000000
40367,0.0000304,0.0000001,0.0000000
40368,0.0000303,0.0000001,0.0000000
40369,0.0000303,0.0000001,0.0000000
40370,0.0000303,0.0000001,0.0000000
40371,0.0000303,0.0000001,0.0000000
40372,0.0000303,0.0000001,0.0000000
40373,0.0000303,0.0000001,0.0000000
40374,0.0000303,0.0000001,0.0000000
40375,0.0000303,0.0000001,0.0000000
40376,0.0000303,0.0000001,0.0000000
40377,0.0000303,0.0000001,0.0000000
40378,0.0000303,0.0000001,0.0000000
40379,0.0000303,0.0000001,0.0000000
40380,0.0000303,0.0000001,0.0000000
40381,0.0000303,0.0000001,0.0000000
40382,0.0000303,0.0000001,0.0000000
40383,0.0000303,0.0000001,0.0000000
40384,0.0000303,0.0000001,0.0000000
40385,0.0000303,0.0000001,0.0000000
40386,0.0000303,0.0000001,0.0000000
40387,0.0000303,0.0000001,0.0000000
40388,0.0000303,0.0000001,0.0000000
40389,0.0000302,0.0000001,0.0000000
40390,0.0000302,0.0000001,0.0000000
40391,0.0000302,0.0000001,0.0000000
40392,0.0000302,0.0000001,0.0000000
40393,0.0000302,0.0000001,0.0000000
40394,0.0000302,0.0000001,0.0000000
40395,0.0000302,0.0000001,0.0000000
40396,0.0000302,0.0000001,0.0000000
40397,0.0000302,0.0000001,0.0000000
40398,0.0000302,0.0000001,0.0000000
40399,0.0000302,0.0000001,0.0000000
40400,0.0000302,0.0000001,0.0000000
40401,0.0000302,0.0000001,0.0000000
40402,0.0000302,0.0000001,0.0000000
40403,0.0000302,0.0000001,0.0000000
40404,0.0000302,0.0000001,0.0000000
40405,0.0000302,0.0000001,0.0000000
40406,0.0000302,0.0000001,0.0000000
40407,0.0000302,0.0000001,0.0000000
40408,0.0000302,0.0000001,0.0000000
40409,0.0000302,0.0000001,0.0000000
40410,0.0000301,0.0000001,0.0000000
40411,0.0000301,0.0000001,0.0000000
40412,0.0000301,0.0000001,0.0000000
40413,0.0000301,0.0000001,0.0000000
40414,0.0000301,0.0000001,0.0000000
40415,0.0000301,0.0000001,0.0000000
40416,0.0000301,0.0000001,0.0000000
40417,0.0000301,0.0000001,0.0000000
40418,0.0000301,0.0000001,0.0000000
40419,0.0000301,0.0000001,0.0000000
40420,0.0000301,0.0000001,0.0000000
40421,0.0000301,0.0000001,0.0000000
40422,0.0000301,0.0000001,0.0000000
40423,0.0000301,0.0000001,0.0000000
40424,0.0000301,0.0000001,0.0000000
40425,0.0000301,0.0000001,0.0000000
40426,0.0000301,0.0000001,0.0000000
40427,0.0000301,0.0000001,0.0000000
40428,0.0000301,0.0000001,0.0000000
40429,0.0000301,0.0000001,0.0000000
40430,0.0000301,0.0000001,0.0000000
40431,0.0000300,0.0000001,0.0000000
40432,0.0000300,0.0000001,0.0000000
40433,0.0000300,0.0000001,0.0000000
40434,0.0000300,0.0000001,0.0000000
40435,0.0000300,0.0000001,0.0000000
40436,0.0000300,0.0000001,0.0000000
40437,0.0000300,0.0000001,0.0000000
40438,0.0000300,0.0000001,0.0000000
40439,0.0000300,0.0000001,0.0000000
40440,0.0000300,0.0000001,0.0000000
40441,0.0000300,0.0000001,0.0000000
40442,0.0000300,0.0000001,0.0000000
40443,0.0000300,0.0000001,0.0000000
40444,0.0000300,0.0000001,0.0000000
40445,0.0000300,0.0000001,0.0000000
40446,0.0000300,0.0000001,0.0000000
40447,0.0000300,0.0000001,0.0000000
40448,0.0000300,0.0000001,0.0000000
40449,0.0000300,0.0000001,0.0000000
40450,0.0000300,0.0000001,0.0000000
40451,0.0000300,0.0000001,0.0000000
40452,0.0000299,0.0000001,0.0000000
40453,0.0000299,0.0000001,0.0000000
40454,0.0000299,0.0000001,0.0000000
40455,0.0000299,0.0000001,0.0000000
40456,0.0000299,0.0000001,0.0000000
40457,0.0000299,0.0000001,0.0000000
40458,0.0000299,0.0000001,0.0000000
40459,0.0000299,0.0000001,0.0000000
40460,0.0000299,0.0000001,0.0000000
40461,0.0000299,0.0000001,0.0000000
40462,0.0000299,0.0000001,0.0000000
40463,0.0000299,0.0000001,0.0000000
40464,0.0000299,0.0000001,0.0000000
40465,0.0000299,0.0000001,0.0000000
40466,0.0000299,0.0000001,0.0000000
40467,0.0000299,0.0000001,0.0000000
40468,0.0000299,0.0000001,0.0000000
40469,0.0000299,0.0000001,0.0000000
40470,0.0000299,0.0000001,0.0000000
40471,0.0000299,0.0000001,0.0000000
40472,0.0000299,0.0000001,0.0000000
40473,0.0000298,0.0000001,0.0000000
40474,0.0000298,0.0000001,0.0000000
40475,0.0000298,0.0000001,0.0000000
40476,0.0000298,0.0000001,0.0000000
40477,0.0000298,0.0000001,0.0000000
40478,0.0000298,0.0000001,0.0000000
40479,0.0000298,0.0000001,0.0000000
40480,0.0000298,0.0000001,0.0000000
40481,0.0000298,0.0000001,0.0000000
40482,0.0000298,0.0000001,0.0000000
40483,0.0000298,0.0000001,0.0000000
40484,0.0000298,0.0000001,0.0000000
40485,0.0000298,0.0000001,0.0000000
40486,0.0000298,0.0000001,0.0000000
40487,0.0000298,0.0000001,0.0000000
40488,0.0000298,0.0000001,0.0000000
40489,0.0000298,0.0000001,0.0000000
40490,0.0000298,0.0000001,0.0000000
40491,0.0000298,0.0000001,0.0000000
40492,0.0000298,0.0000001,0.0000000
40493,0.0000298,0.0000001,0.0000000
40494,0.0000297,0.0000001,0.0000000
40495,0.0000297,0.0000001,0.0000000
40496,0.0000297,0.0000001,0.0000000
40497,0.0000297,0.0000001,0.0000000
40498,0.0000297,0.0000001,0.0000000
40499,0.0000297,0.0000001,0.0000000
40500,0.0000297,0.0000001,0.0000000
40501,0.0000297,0.0000001,0.0000000
40502,0.0000297,0.0000001,0.0000000
40503,0.0000297,0.0000001,0.0000000
40504,0.0000297,0.0000001,0.0000000
40505,0.0000297,0.0000001,0.0000000
40506,0.0000297,0.0000001,0.0000000
40507,0.0000297,0.0000001,0.0000000
40508,0.0000297,0.0000001,0.0000000
40509,0.0000297,0.0000001,0.0000000
40510,0.0000297,0.0000001,0.0000000
40511,0.0000297,0.0000001,0.0000000
40512,0.0000297,0.0000001,0.0000000
40513,0.0000297,0.0000001,0.0000000
40514,0.0000297,0.0000001,0.0000000
40515,0.0000297,0.0000001,0.0000000
40516,0.0000296,0.0000001,0.0000000
40517,0.0000296,0.0000001,0.0000000
40518,0.0000296,0.0000001,0.0000000
40519,0.0000296,0.0000001,0.0000000
40520,0.0000296,0.0000001,0.0000000
40521,0.0000296,0.0000001,0.0000000
40522,0.0000296,0.0000001,0.0000000
40523,0.0000296,0.0000001,0.0000000
40524,0.0000296,0.0000001,0.0000000
40525,0.0000296,0.0000001,0.0000000
40526,0.0000296,0.0000001,0.0000000
40527,0.0000296,0.0000001,0.0000000
40528,0.0000296,0.0000001,0.0000000
40529,0.0000296,0.0000001,0.0000000
40530,0.0000296,0.0000001,0.0000000
40531,0.0000296,0.0000001,0.0000000
40532,0.0000296,0.0000001,0.0000000
40533,0.0000296,0.0000001,0.0000000
40534,0.0000296,0.0000001,0.0000000
40535,0.0000296,0.0000001,0.0000000
40536,0.0000296,0.0000001,0.0000000
40537,0.0000295,0.0000001,0.0000000
40538,0.0000295,0.0000001,0.0000000
40539,0.0000295,0.0000001,0.0000000
40540,0.0000295,0.0000001,0.0000000
40541,0.0000295,0.0000001,0.0000000
40542,0.0000295,0.0000001,0.0000000
40543,0.0000295,0.0000001,0.0000000
40544,0.0000295,0.0000001,0.0000000
40545,0.0000295,0.0000001,0.0000000
40546,0.0000295,0.0000001,0.0000000
40547,0.0000295,0.0000001,0.0000000
40548,0.0000295,0.0000001,0.0000000
40549,0.0000295,0.0000001,0.0000000
40550,0.0000295,0.0000001,0.0000000
40551,0.0000295,0.0000001,0.0000000
40552,0.0000295,0.0000001,0.0000000
40553,0.0000295,0.0000001,0.0000000
40554,0.0000295,0.0000001,0.0000000
40555,0.0000295,0.0000001,0.0000000
40556,0.0000295,0.0000001,0.0000000
40557,0.0000295,0.0000001,0.0000000
40558,0.0000294,0.0000001,0.0000000
40559,0.0000294,0.0000001,0.0000000
40560,0.0000294,0.0000001,0.0000000
40561,0.0000294,0.0000001,0.0000000
40562,0.0000294,0.0000001,0.0000000
40563,0.0000294,0.0000001,0.0000000
40564,0.0000294,0.0000001,0.0000000
40565,0.0000294,0.0000001,0.0000000
40566,0.0000294,0.0000001,0.0000000
40567,0.0000294,0.0000001,0.0000000
40568,0.0000294,0.0000001,0.0000000
40569,0.0000294,0.0000001,0.0000000
40570,0.0000294,0.0000001,0.0000000
40571,0.0000294,0.0000001,0.0000000
40572,0.0000294,0.0000001,0.0000000
40573,0.0000294,0.0000001,0.0000000
40574,0.0000294,0.0000001,0.0000000
40575,0.0000294,0.0000001,0.0000000
40576,0.0000294,0.0000001,0.0000000
40577,0.0000294,0.0000001,0.0000000
40578,0.0000294,0.0000001,0.0000000
40579,0.0000294,0.0000001,0.0000000
40580,0.0000293,0.0000001,0.0000000
40581,0.0000293,0.0000001,0.0000000
40582,0.0000293,0.0000001,0.0000000
40583,0.0000293,0.0000001,0.0000000
40584,0.0000293,0.0000001,0.0000000
40585,0.0000293,0.0000001,0.0000000
40586,0.0000293,0.0000001,0.0000000
40587,0.0000293,0.0000001,0.0000000
40588,0.0000293,0.0000001,0.0000000
40589,0.0000293,0.0000001,0.0000000
40590,0.0000293,0.0000001,0.0000000
40591,0.0000293,0.0000001,0.0000000
40592,0.0000293,0.0000001,0.0000000
40593,0.0000293,0.0000001,0.0000000
40594,0.0000293,0.0000001,0.0000000
40595,0.0000293,0.0000001,0.0000000
40596,0.0000293,0.0000001,0.0000000
40597,0.0000293,0.0000001,0.0000000
40598,0.0000293,0.0000001,0.0000000
40599,0.0000293,0.0000001,0.0000000
40600,0.0000293,0.0000001,0.0000000
40601,0.0000293,0.0000001,0.0000000
40602,0.0000292,0.0000001,0.0000000
40603,0.0000292,0.0000001,0.0000000
40604,0.0000292,0.0000001,0.0000000
40605,0.0000292,0.0000001,0.0000000
40606,0.0000292,0.0000001,0.0000000
40607,0.0000292,0.0000001,0.0000000
40608,0.0000292,0.0000001,0.0000000
40609,0.0000292,0.0000001,0.0000000
40610,0.0000292,0.0000001,0.0000000
40611,0.0000292,0.0000001,0.0000000
40612,0.0000292,0.0000001,0.0000000
40613,0.0000292,0.0000001,0.0000000
40614,0.0000292,0.0000001,0.0000000
40615,0.0000292,0.0000001,0.0000000
40616,0.0000292,0.0000001,0.0000000
40617,0.0000292,0.0000001,0.0000000
40618,0.0000292,0.0000001,0.0000000
40619,0.0000292,0.0000001,0.0000000
40620,0.0000292,0.0000001,0.0000000
40621,0.0000292,0.0000001,0.0000000
40622,0.0000292,0.0000001,0.0000000
40623,0.0000291,0.0000001,0.0000000
40624,0.0000291,0.0000001,0.0000000
40625,0.0000291,0.0000001,0.0000000
40626,0.0000291,0.0000001,0.0000000
40627,0.0000291,0.0000001,0.0000000
40628,0.0000291,0.0000001,0.0000000
40629,0.0000291,0.0000001,0.0000000
40630,0.0000291,0.0000001,0.0000000
40631,0.0000291,0.0000001,0.0000000
40632,0.0000291,0.0000001,0.0000000
40633,0.0000291,0.0000001,0.0000000
40634,0.0000291,0.0000001,0.0000000
40635,0.0000291,0.0000001,0.0000000
40636,0.0000291,0.0000001,0.0000000
40637,0.0000291,0.0000001,0.0000000
40638,0.0000291,0.0000001,0.0000000
40639,0.0000291,0.0000001,0.0000000
40640,0.0000291,0.0000001,0.0000000
40641,0.0000291,0.0000001,0.0000000
40642,0.0000291,0.0000001,0.0000000
40643,0.0000291,0.0000001,0.0000000
40644,0.0000291,0.0000001,0.0000000
40645,0.0000290,0.0000001,0.0000000
40646,0.0000290,0.0000001,0.0000000
40647,0.0000290,0.0000001,0.0000000
40648,0.0000290,0.0000001,0.0000000
40649,0.0000290,0.0000001,0.0000000
40650,0.0000290,0.0000001,0.0000000
40651,0.0000290,0.0000001,0.0000000
40652,0.0000290,0.0000001,0.0000000
40653,0.0000290,0.0000001,0.0000000
40654,0.0000290,0.0000001,0.0000000
40655,0.0000290,0.0000001,0.0000000
40656,0.0000290,0.0000001,0.0000000
40657,0.0000290,0.0000001,0.0000000
40658,0.0000290,0.0000001,0.0000000
40659,0.0000290,0.0000001,0.0000000
40660,0.0000290,0.0000001,0.0000000
40661,0.0000290,0.0000001,0.0000000
40662,0.0000290,0.0000001,0.0000000
40663,0.0000290,0.0000001,0.0000000
40664,0.0000290,0.0000001,0.0000000
40665,0.0000290,0.0000001,0.0000000
40666,0.0000290,0.0000001,0.0000000
40667,0.0000289,0.0000001,0.0000000
40668,0.0000289,0.0000001,0.0000000
40669,0.0000289,0.0000001,0.0000000
40670,0.0000289,0.0000001,0.0000000
40671,0.0000289,0.0000001,0.0000000
40672,0.0000289,0.0000001,0.0000000
40673,0.0000289,0.0000001,0.0000000
40674,0.0000289,0.0000001,0.0000000
40675,0.0000289,0.0000001,0.0000000
40676,0.0000289,0.0000001,0.0000000
40677,0.0000289,0.0000001,0.0000000
40678,0.0000289,0.0000001,0.0000000
40679,0.0000289,0.0000001,0.0000000
40680,0.0000289,0.0000001,0.0000000
40681,0.0000289,0.0000001,0.0000000
40682,0.0000289,0.0000001,0.0000000
40683,0.0000289,0.0000001,0.0000000
40684,0.0000289,0.0000001,0.0000000
40685,0.0000289,0.0000001,0.0000000
40686,0.0000289,0.0000001,0.0000000
40687,0.0000289,0.0000001,0.0000000
40688,0.0000289,0.0000001,0.0000000
40689,0.0000288,0.0000001,0.0000000
40690,0.0000288,0.0000001,0.0000000
40691,0.0000288,0.0000001,0.0000000
40692,0.0000288,0.0000001,0.0000000
40693,0.0000288,0.0000001,0.0000000
40694,0.0000288,0.0000001,0.0000000
40695,0.0000288,0.0000001,0.0000000
40696,0.0000288,0.0000001,0.0000000
40697,0.0000288,0.0000001,0.0000000
40698,0.0000288,0.0000001,0.0000000
40699,0.0000288,0.0000001,0.0000000
40700,0.0000288,0.0000001,0.0000000
40701,0.0000288,0.0000001,0.0000000
40702,0.0000288,0.0000001,0.0000000
40703,0.0000288,0.0000001,0.0000000
40704,0.0000288,0.0000001,0.0000000
40705,0.0000288,0.0000001,0.0000000
40706,0.0000288,0.0000001,0.0000000
40707,0.0000288,0.0000001,0.0000000
40708,0.0000288,0.0000001,0.0000000
40709,0.0000288,0.0000001,0.0000000
40710,0.0000288,0.0000001,0.0000000
40711,0.0000287,0.0000001,0.0000000
40712,0.0000287,0.0000001,0.0000000
40713,0.0000287,0.0000001,0.0000000
40714,0.0000287,0.0000001,0.0000000
40715,0.0000287,0.0000001,0.0000000
40716,0.0000287,0.0000001,0.0000000
40717,0.0000287,0.0000001,0.0000000
40718,0.0000287,0.0000001,0.0000000
40719,0.0000287,0.0000001,0.0000000
40720,0.0000287,0.0000001,0.0000000
40721,0.0000287,0.0000001,0.0000000
40722,0.0000287,0.0000001,0.0000000
40723,0.0000287,0.0000001,0.0000000
40724,0.0000287,0.0000001,0.0000000
40725,0.0000287,0.0000001,0.0000000
40726,0.0000287,0.0000001,0.0000000
40727,0.0000287,0.0000001,0.0000000
40728,0.0000287,0.0000001,0.0000000
40729,0.0000287,0.0000001,0.0000000
40730,0.0000287,0.0000001,0.0000000
40731,0.0000287,0.0000001,0.0000000
40732,0.0000287,0.0000001,0.0000000
40733,0.0000286,0.0000001,0.0000000
40734,0.0000286,0.0000001,0.0000000
40735,0.0000286,0.0000001,0.0000000
40736,0.0000286,0.0000001,0.0000000
40737,0.0000286,0.0000001,0.0000000
40738,0.0000286,0.0000001,0.0000000
40739,0.0000286,0.0000001,0.0000000
40740,0.0000286,0.0000001,0.0000000
40741,0.0000286,0.0000001,0.0000000
40742,0.0000286,0.0000001,0.0000000
40743,0.0000286,0.0000001,0.0000000
40744,0.0000286,0.0000001,0.0000000
40745,0.0000286,0.0000001,0.0000000
40746,0.0000286,0.0000001,0.0000000
40747,0.0000286,0.0000001,0.0000000
40748,0.0000286,0.0000001,0.0000000
40749,0.0000286,0.0000001,0.0000000
40750,0.0000286,0.0000001,0.0000000
40751,0.0000286,0.0000001,0.0000000
40752,0.0000286,0.0000001,0.0000000
40753,0.0000286,0.0000001,0.0000000
40754,0.0000286,0.0000001,0.0000000
40755,0.0000285,0.0000001,0.0000000
40756,0.0000285,0.0000001,0.0000000
40757,0.0000285,0.0000001,0.0000000
40758,0.0000285,0.0000001,0.0000000
40759,0.0000285,0.0000001,0.0000000
40760,0.0000285,0.0000001,0.0000000
40761,0.0000285,0.0000001,0.0000000
40762,0.0000285,0.0000001,0.0000000
40763,0.0000285,0.0000001,0.0000000
40764,0.0000285,0.0000001,0.0000000
40765,0.0000285,0.0000001,0.0000000
40766,0.0000285,0.0000001,0.0000000
40767,0.0000285,0.0000001,0.0000000
40768,0.0000285,0.0000001,0.0000000
40769,0.0000285,0.0000001,0.0000000
40770,0.0000285,0.0000001,0.0000000
40771,0.0000285,0.0000001,0.0000000
40772,0.0000285,0.0000001,0.0000000
40773,0.0000285,0.0000001,0.0000000
40774,0.0000285,0.0000001,0.0000000
40775,0.0000285,0.0000001,0.0000000
40776,0.0000285,0.0000001,0.0000000
40777,0.0000284,0.0000001,0.0000000
40778,0.0000284,0.0000001,0.0000000
40779,0.0000284,0.0000001,0.0000000
40780,0.0000284,0.0000001,0.0000000
40781,0.0000284,0.0000001,0.0000000
40782,0.0000284,0.0000001,0.0000000
40783,0.0000284,0.0000001,0.0000000
40784,0.0000284,0.0000001,0.0000000
40785,0.0000284,0.0000001,0.0000000
40786,0.0000284,0.0000001,0.0000000
40787,0.0000284,0.0000001,0.0000000
40788,0.0000284,0.0000001,0.0000000
40789,0.0000284,0.0000001,0.0000000
40790,0.0000284,0.0000001,0.0000000
40791,0.0000284,0.0000001,0.0000000
40792,0.0000284,0.0000001,0.0000000
40793,0.0000284,0.0000001,0.0000000
40794,0.0000284,0.0000001,0.0000000
40795,0.0000284,0.0000001,0.0000000
40796,0.0000284,0.0000001,0.0000000
40797,0.0000284,0.0000001,0.0000000
40798,0.0000284,0.0000001,0.0000000
40799,0.0000284,0.0000001,0.0000000
40800,0.0000283,0.0000001,0.0000000
40801,0.0000283,0.0000001,0.0000000
40802,0.0000283,0.0000001,0.0000000
40803,0.0000283,0.0000001,0.0000000
40804,0.0000283,0.0000001,0.0000000
40805,0.0000283,0.0000001,0.0000000
40806,0.0000283,0.0000001,0.0000000
40807,0.0000283,0.0000001,0.0000000
40808,0.0000283,0.0000001,0.0000000
40809,0.0000283,0.0000001,0.0000000
40810,0.0000283,0.0000001,0.0000000
40811,0.0000283,0.0000001,0.0000000
40812,0.0000283,0.0000001,0.0000000
40813,0.0000283,0.0000001,0.0000000
40814,0.0000283,0.0000001,0.0000000
40815,0.0000283,0.0000001,0.0000000
40816,0.0000283,0.0000001,0.0000000
40817,0.0000283,0.0000001,0.0000000
40818,0.0000283,0.0000001,0.0000000
40819,0.0000283,0.0000001,0.0000000
40820,0.0000283,0.0000001,0.0000000
40821,0.0000283,0.0000001,0.0000000
40822,0.0000282,0.0000001,0.0000000
40823,0.0000282,0.0000001,0.0000000
40824,0.0000282,0.0000001,0.0000000
40825,0.0000282,0.0000001,0.0000000
40826,0.0000282,0.0000001,0.0000000
40827,0.0000282,0.0000001,0.0000000
40828,0.0000282,0.0000001,0.0000000
40829,0.0000282,0.0000001,0.0000000
40830,0.0000282,0.0000001,0.0000000
40831,0.0000282,0.0000001,0.0000000
40832,0.0000282,0.0000001,0.0000000
40833,0.0000282,0.0000001,0.0000000
40834,0.0000282,0.0000001,0.0000000
40835,0.0000282,0.0000001,0.0000000
40836,0.0000282,0.0000001,0.0000000
40837,0.0000282,0.0000001,0.0000000
40838,0.0000282,0.0000001,0.0000000
40839,0.0000282,0.0000001,0.0000000
40840,0.0000282,0.0000001,0.0000000
40841,0.0000282,0.0000001,0.0000000
40842,0.0000282,0.0000001,0.0000000
40843,0.0000282,0.0000001,0.0000000
40844,0.0000282,0.0000001,0.0000000
40845,0.0000281,0.0000001,0.0000000
40846,0.0000281,0.0000001,0.0000000
40847,0.0000281,0.0000001,0.0000000
40848,0.0000281,0.0000001,0.0000000
40849,0.0000281,0.0000001,0.0000000
40850,0.0000281,0.0000001,0.0000000
40851,0.0000281,0.0000001,0.0000000
40852,0.0000281,0.0000001,0.0000000
40853,0.0000281,0.0000001,0.0000000
40854,0.0000281,0.0000001,0.0000000
40855,0.0000281,0.0000001,0.0000000
40856,0.0000281,0.0000001,0.0000000
40857,0.0000281,0.0000001,0.0000000
40858,0.0000281,0.0000001,0.0000000
40859,0.0000281,0.0000001,0.0000000
40860,0.0000281,0.0000001,0.0000000
40861,0.0000281,0.0000001,0.0000000
40862,0.0000281,0.0000001,0.0000000
40863,0.0000281,0.0000001,0.0000000
40864,0.0000281,0.0000001,0.0000000
40865,0.0000281,0.0000001,0.0000000
40866,0.0000281,0.0000001,0.0000000
40867,0.0000280,0.0000001,0.0000000
40868,0.0000280,0.0000001,0.0000000
40869,0.0000280,0.0000001,0.0000000
40870,0.0000280,0.0000001,0.0000000
40871,0.0000280,0.0000001,0.0000000
40872,0.0000280,0.0000001,0.0000000
40873,0.0000280,0.0000001,0.0000000
40874,0.0000280,0.0000001,0.0000000
40875,0.0000280,0.0000001,0.0000000
40876,0.0000280,0.0000001,0.0000000
40877,0.0000280,0.0000001,0.0000000
40878,0.0000280,0.0000001,0.0000000
40879,0.0000280,0.0000001,0.0000000
40880,0.0000280,0.0000001,0.0000000
40881,0.0000280,0.0000001,0.0000000
40882,0.0000280,0.0000001,0.0000000
40883,0.0000280,0.0000001,0.0000000
40884,0.0000280,0.0000001,0.0000000
40885,0.0000280,0.0000001,0.0000000
40886,0.0000280,0.0000001,0.0000000
40887,0.0000280,0.0000001,0.0000000
40888,0.0000280,0.0000001,0.0000000
40889,0.0000280,0.0000001,0.0000000
40890,0.0000279,0.0000001,0.0000000
40891,0.0000279,0.0000001,0.0000000
40892,0.0000279,0.0000001,0.0000000
40893,0.0000279,0.0000001,0.0000000
40894,0.0000279,0.0000001,0.0000000
40895,0.0000279,0.0000001,0.0000000
40896,0.0000279,0.0000001,0.0000000
40897,0.0000279,0.0000001,0.0000000
40898,0.0000279,0.0000001,0.0000000
40899,0.0000279,0.0000001,0.0000000
40900,0.0000279,0.0000001,0.0000000
40901,0.0000279,0.0000001,0.0000000
40902,0.0000279,0.0000001,0.0000000
40903,0.0000279,0.0000001,0.0000000
40904,0.0000279,0.0000001,0.0000000
40905,0.0000279,0.0000001,0.0000000
40906,0.0000279,0.0000001,0.0000000
40907,0.0000279,0.0000001,0.0000000
40908,0.0000279,0.0000001,0.0000000
40909,0.0000279,0.0000001,0.0000000
40910,0.0000279,0.0000001,0.0000000
40911,0.0000279,0.0000001,0.0000000
40912,0.0000279,0.0000001,0.0000000
40913,0.0000278,0.0000001,0.0000000
40914,0.0000278,0.0000001,0.0000000
40915,0.0000278,0.0000001,0.0000000
40916,0.0000278,0.0000001,0.0000000
40917,0.0000278,0.0000001,0.0000000
40918,0.0000278,0.0000001,0.0000000
40919,0.0000278,0.0000001,0.0000000
40920,0.0000278,0.0000001,0.0000000
40921,0.0000278,0.0000001,0.0000000
40922,0.0000278,0.0000001,0.0000000
40923,0.0000278,0.0000001,0.0000000
40924,0.0000278,0.0000001,0.0000000
40925,0.0000278,0.0000001,0.0000000
40926,0.0000278,0.0000001,0.0000000
40927,0.0000278,0.0000001,0.0000000
40928,0.0000278,0.0000001,0.0000000
40929,0.0000278,0.0000001,0.0000000
40930,0.0000278,0.0000001,0.0000000
40931,0.0000278,0.0000001,0.0000000
40932,0.0000278,0.0000001,0.0000000
40933,0.0000278,0.0000001,0.0000000
40934,0.0000278,0.0000001,0.0000000
40935,0.0000277,0.0000001,0.0000000
40936,0.0000277,0.0000001,0.0000000
40937,0.0000277,0.0000001,0.0000000
40938,0.0000277,0.0000001,0.0000000
40939,0.0000277,0.0000001,0.0000000
40940,0.0000277,0.0000001,0.0000000
40941,0.0000277,0.0000001,0.0000000
40942,0.0000277,0.0000001,0.0000000
40943,0.0000277,0.0000001,0.0000000
40944,0.0000277,0.0000001,0.0000000
40945,0.0000277,0.0000001,0.0000000
40946,0.0000277,0.0000001,0.0000000
40947,0.0000277,0.0000001,0.0000000
40948,0.0000277,0.0000001,0.0000000
40949,0.0000277,0.0000001,0.0000000
40950,0.0000277,0.0000001,0.0000000
40951,0.0000277,0.0000001,0.0000000
40952,0.0000277,0.0000001,0.0000000
40953,0.0000277,0.0000001,0.0000000
40954,0.0000277,0.0000001,0.0000000
40955,0.0000277,0.0000001,0.0000000
40956,0.0000277,0.0000001,0.0000000
40957,0.0000277,0.0000001,0.0000000
40958,0.0000276,0.0000001,0.0000000
40959,0.0000276,0.0000001,0.0000000
40960,0.0000276,0.0000001,0.0000000
40961,0.0000276,0.0000001,0.0000000
40962,0.0000276,0.0000001,0.0000000
40963,0.0000276,0.0000001,0.0000000
40964,0.0000276,0.0000001,0.0000000
40965,0.0000276,0.0000001,0.0000000
40966,0.0000276,0.0000001,0.0000000
40967,0.0000276,0.0000001,0.0000000
40968,0.0000276,0.0000001,0.0000000
40969,0.0000276,0.0000001,0.0000000
40970,0.0000276,0.0000001,0.0000000
40971,0.0000276,0.0000001,0.0000000
40972,0.0000276,0.0000001,0.0000000
40973,0.0000276,0.0000001,0.0000000
40974,0.0000276,0.0000001,0.0000000
40975,0.0000276,0.0000001,0.0000000
40976,0.0000276,0.0000001,0.0000000
40977,0.0000276,0.0000001,0.0000000
40978,0.0000276,0.0000001,0.0000000
40979,0.0000276,0.0000001,0.0000000
40980,0.0000276,0.0000001,0.0000000
40981,0.0000275,0.0000001,0.0000000
40982,0.0000275,0.0000001,0.0000000
40983,0.0000275,0.0000001,0.0000000
40984,0.0000275,0.0000001,0.0000000
40985,0.0000275,0.0000001,0.0000000
40986,0.0000275,0.0000001,0.0000000
40987,0.0000275,0.0000001,0.0000000
40988,0.0000275,0.0000001,0.0000000
40989,0.0000275,0.0000001,0.0000000
40990,0.0000275,0.0000001,0.0000000
40991,0.0000275,0.0000001,0.0000000
40992,0.0000275,0.0000001,0.0000000
40993,0.0000275,0.0000001,0.0000000
40994,0.0000275,0.0000001,0.0000000
40995,0.0000275,0.0000001,0.0000000
40996,0.0000275,0.0000001,0.0000000
40997,0.0000275,0.0000001,0.0000000
40998,0.0000275,0.0000001,0.0000000
40999,0.0000275,0.0000001,0.0000000
41000,0.0000275,0.0000001,0.0000000
41001,0.0000275,0.0000001,0.0000000
41002,0.0000275,0.0000001,0.0000000
41003,0.0000275,0.0000001,0.0000000
41004,0.0000274,0.0000001,0.0000000
41005,0.0000274,0.0000001,0.0000000
41006,0.0000274,0.0000001,0.0000000
41007,0.0000274,0.0000001,0.0000000
41008,0.0000274,0.0000001,0.0000000
41009,0.0000274,0.0000001,0.0000000
41010,0.0000274,0.0000001,0.0000000
41011,0.0000274,0.0000001,0.0000000
41012,0.0000274,0.0000001,0.0000000
41013,0.0000274,0.0000001,0.0000000
41014,0.0000274,0.0000001,0.0000000
41015,0.0000274,0.0000001,0.0000000
41016,0.0000274,0.0000001,0.0000000
41017,0.0000274,0.0000001,0.0000000
41018,0.0000274,0.0000001,0.0000000
41019,0.0000274,0.0000001,0.0000000
41020,0.0000274,0.0000001,0.0000000
41021,0.0000274,0.0000001,0.0000000
41022,0.0000274,0.0000001,0.0000000
41023,0.0000274,0.0000001,0.0000000
41024,0.0000274,0.0000001,0.0000000
41025,0.0000274,0.0000001,0.0000000
41026,0.0000274,0.0000001,0.0000000
41027,0.0000274,0.0000001,0.0000000
41028,0.0000273,0.0000001,0.0000000
41029,0.0000273,0.0000001,0.0000000
41030,0.0000273,0.0000001,0.0000000
41031,0.0000273,0.0000001,0.0000000
41032,0.0000273,0.0000001,0.0000000
41033,0.0000273,0.0000001,0.0000000
41034,0.0000273,0.0000001,0.0000000
41035,0.0000273,0.0000001,0.0000000
41036,0.0000273,0.0000001,0.0000000
41037,0.0000273,0.0000001,0.0000000
41038,0.0000273,0.0000001,0.0000000
41039,0.0000273,0.0000001,0.0000000
41040,0.0000273,0.0000001,0.0000000
41041,0.0000273,0.0000001,0.0000000
41042,0.0000273,0.0000001,0.0000000
41043,0.0000273,0.0000001,0.0000000
41044,0.0000273,0.0000001,0.0000000
41045,0.0000273,0.0000001,0.0000000
41046,0.0000273,0.0000001,0.0000000
41047,0.0000273,0.0000001,0.0000000
41048,0.0000273,0.0000001,0.0000000
41049,0.0000273,0.0000001,0.0000000
41050,0.0000273,0.0000001,0.0000000
41051,0.0000272,0.0000001,0.0000000
41052,0.0000272,0.0000001,0.0000000
41053,0.0000272,0.0000001,0.0000000
41054,0.0000272,0.0000001,0.0000000
41055,0.0000272,0.0000001,0.0000000
41056,0.0000272,0.0000001,0.0000000
41057,0.0000272,0.0000001,0.0000000
41058,0.0000272,0.0000001,0.0000000
41059,0.0000272,0.0000001,0.0000000
41060,0.0000272,0.0000001,0.0000000
41061,0.0000272,0.0000001,0.0000000
41062,0.0000272,0.0000001,0.0000000
41063,0.0000272,0.0000001,0.0000000
41064,0.0000272,0.0000001,0.0000000
41065,0.0000272,0.0000001,0.0000000
41066,0.0000272,0.0000001,0.0000000
41067,0.0000272,0.0000001,0.0000000
41068,0.0000272,0.0000001,0.0000000
41069,0.0000272,0.0000001,0.0000000
41070,0.0000272,0.0000001,0.0000000
41071,0.0000272,0.0000001,0.0000000
41072,0.0000272,0.0000001,0.0000000
41073,0.0000272,0.0000001,0.0000000
41074,0.0000271,0.0000001,0.0000000
41075,0.0000271,0.0000001,0.0000000
41076,0.0000271,0.0000001,0.0000000
41077,0.0000271,0.0000001,0.0000000
41078,0.0000271,0.0000001,0.0000000
41079,0.0000271,0.0000001,0.0000000
41080,0.0000271,0.0000001,0.0000000
41081,0.0000271,0.0000001,0.0000000
41082,0.0000271,0.0000001,0.0000000
41083,0.0000271,0.0000001,0.0000000
41084,0.0000271,0.0000001,0.0000000
41085,0.0000271,0.0000001,0.0000000
41086,0.0000271,0.0000001,0.0000000
41087,0.0000271,0.0000001,0.0000000
41088,0.0000271,0.0000001,0.0000000
41089,0.0000271,0.0000001,0.0000000
41090,0.0000271,0.0000001,0.0000000
41091,0.0000271,0.0000001,0.0000000
41092,0.0000271,0.0000001,0.0000000
41093,0.0000271,0.0000001,0.0000000
41094,0.0000271,0.0000001,0.0000000
41095,0.0000271,0.0000001,0.0000000
41096,0.0000271,0.0000001,0.0000000
41097,0.0000271,0.0000001,0.0000000
41098,0.0000270,0.0000001,0.0000000
41099,0.0000270,0.0000001,0.0000000
41100,0.0000270,0.0000001,0.0000000
41101,0.0000270,0.0000001,0.0000000
41102,0.0000270,0.0000001,0.0000000
41103,0.0000270,0.0000001,0.0000000
41104,0.0000270,0.0000001,0.0000000
41105,0.0000270,0.0000001,0.0000000
41106,0.0000270,0.0000001,0.0000000
41107,0.0000270,0.0000001,0.0000000
41108,0.0000270,0.0000001,0.0000000
41109,0.0000270,0.0000001,0.0000000
41110,0.0000270,0.0000001,0.0000000
41111,0.0000270,0.0000001,0.0000000
41112,0.0000270,0.0000001,0.0000000
41113,0.0000270,0.0000001,0.0000000
41114,0.0000270,0.0000001,0.0000000
41115,0.0000270,0.0000001,0.0000000
41116,0.0000270,0.0000001,0.0000000
41117,0.0000270,0.0000001,0.0000000
41118,0.0000270,0.0000001,0.0000000
41119,0.0000270,0.0000001,0.0000000
41120,0.0000270,0.0000001,0.0000000
41121,0.0000269,0.0000001,0.0000000
41122,0.0000269,0.0000001,0.0000000
41123,0.0000269,0.0000001,0.0000000
41124,0.0000269,0.0000001,0.0000000
41125,0.0000269,0.0000001,0.0000000
41126,0.0000269,0.0000001,0.0000000
41127,0.0000269,0.0000001,0.0000000
41128,0.0000269,0.0000001,0.0000000
41129,0.0000269,0.0000001,0.0000000
41130,0.0000269,0.0000001,0.0000000
41131,0.0000269,0.0000001,0.0000000
41132,0.0000269,0.0000001,0.0000000
41133,0.0000269,0.0000001,0.0000000
41134,0.0000269,0.0000001,0.0000000
41135,0.0000269,0.0000001,0.0000000
41136,0.0000269,0.0000001,0.0000000
41137,0.0000269,0.0000001,0.0000000
41138,0.0000269,0.0000001,0.0000000
41139,0.0000269,0.0000001,0.0000000
41140,0.0000269,0.0000001,0.0000000
41141,0.0000269,0.0000001,0.0000000
41142,0.0000269,0.0000001,0.0000000
41143,0.0000269,0.0000001,0.0000000
41144,0.0000269,0.0000001,0.0000000
41145,0.0000268,0.0000001,0.0000000
41146,0.0000268,0.0000001,0.0000000
41147,0.0000268,0.0000001,0.0000000
41148,0.0000268,0.0000001,0.0000000
41149,0.0000268,0.0000001,0.0000000
41150,0.0000268,0.0000001,0.0000000
41151,0.0000268,0.0000001,0.0000000
41152,0.0000268,0.0000001,0.0000000
41153,0.0000268,0.0000001,0.0000000
41154,0.0000268,0.0000001,0.0000000
41155,0.0000268,0.0000001,0.0000000
41156,0.0000268,0.0000001,0.0000000
41157,0.0000268,0.0000001,0.0000000
41158,0.0000268,0.0000001,0.0000000
41159,0.0000268,0.0000001,0.0000000
41160,0.0000268,0.0000001,0.0000000
41161,0.0000268,0.0000001,0.0000000
41162,0.0000268,0.0000001,0.0000000
41163,0.0000268,0.0000001,0.0000000
41164,0.0000268,0.0000001,0.0000000
41165,0.0000268,0.0000001,0.0000000
41166,0.0000268,0.0000001,0.0000000
41167,0.0000268,0.0000001,0.0000000
41168,0.0000267,0.0000001,0.0000000
41169,0.0000267,0.0000001,0.0000000
41170,0.0000267,0.0000001,0.0000000
41171,0.0000267,0.0000001,0.0000000
41172,0.0000267,0.0000001,0.0000000
41173,0.0000267,0.0000001,0.0000000
41174,0.0000267,0.0000001,0.0000000
41175,0.0000267,0.0000001,0.0000000
41176,0.0000267,0.0000001,0.0000000
41177,0.0000267,0.0000001,0.0000000
41178,0.0000267,0.0000001,0.0000000
41179,0.0000267,0.0000001,0.0000000
41180,0.0000267,0.0000001,0.0000000
41181,0.0000267,0.0000001,0.0000000
41182,0.0000267,0.0000001,0.0000000
41183,0.0000267,0.0000001,0.0000000
41184,0.0000267,0.0000001,0.0000000
41185,0.0000267,0.0000001,0.0000000
41186,0.0000267,0.0000001,0.0000000
41187,0.0000267,0.0000001,0.0000000
41188,0.0000267,0.0000001,0.0000000
41189,0.0000267,0.0000001,0.0000000
41190,0.0000267,0.0000001,0.0000000
41191,0.0000267,0.0000001,0.0000000
41192,0.0000266,0.0000001,0.0000000
41193,0.0000266,0.0000001,0.0000000
41194,0.0000266,0.0000001,0.0000000
41195,0.0000266,0.0000001,0.0000000
41196,0.0000266,0.0000001,0.0000000
41197,0.0000266,0.0000001,0.0000000
41198,0.0000266,0.0000001,0.0000000
41199,0.0000266,0.0000001,0.0000000
41200,0.0000266,0.0000001,0.0000000
41201,0.0000266,0.0000001,0.0000000
41202,0.0000266,0.0000001,0.0000000
41203,0.0000266,0.0000001,0.0000000
41204,0.0000266,0.0000001,0.0000000
41205,0.0000266,0.0000001,0.0000000
41206,0.0000266,0.0000001,0.0000000
41207,0.0000266,0.0000001,0.0000000
41208,0.0000266,0.0000001,0.0000000
41209,0.0000266,0.0000001,0.0000000
41210,0.0000266,0.0000001,0.0000000
41211,0.0000266,0.0000001,0.0000000
41212,0.0000266,0.0000001,0.0000000
41213,0.0000266,0.0000001,0.0000000
41214,0.0000266,0.0000001,0.0000000
41215,0.0000266,0.0000001,0.0000000
41216,0.0000265,0.0000001,0.0000000
41217,0.0000265,0.0000001,0.0000000
41218,0.0000265,0.0000001,0.0000000
41219,0.0000265,0.0000001,0.0000000
41220,0.0000265,0.0000001,0.0000000
41221,0.0000265,0.0000001,0.0000000
41222,0.0000265,0.0000001,0.0000000
41223,0.0000265,0.0000001,0.0000000
41224,0.0000265,0.0000001,0.0000000
41225,0.0000265,0.0000001,0.0000000
41226,0.0000265,0.0000001,0.0000000
41227,0.0000265,0.0000001,0.0000000
41228,0.0000265,0.0000001,0.0000000
41229,0.0000265,0.0000001,0.0000000
41230,0.0000265,0.0000001,0.0000000
41231,0.0000265,0.0000001,0.0000000
41232,0.0000265,0.0000001,0.0000000
41233,0.0000265,0.0000001,0.0000000
41234,0.0000265,0.0000001,0.0000000
41235,0.0000265,0.0000001,0.0000000
41236,0.0000265,0.0000001,0.0000000
41237,0.0000265,0.0000001,0.0000000
41238,0.0000265,0.0000001,0.0000000
41239,0.0000265,0.0000001,0.0000000
41240,0.0000264,0.0000001,0.0000000
41241,0.0000264,0.0000001,0.0000000
41242,0.0000264,0.0000001,0.0000000
41243,0.0000264,0.0000001,0.0000000
41244,0.0000264,0.0000001,0.0000000
41245,0.0000264,0.0000001,0.0000000
41246,0.0000264,0.0000001,0.0000000
41247,0.0000264,0.0000001,0.0000000
41248,0.0000264,0.0000001,0.0000000
41249,0.0000264,0.0000001,0.0000000
41250,0.0000264,0.0000001,0.0000000
41251,0.0000264,0.0000001,0.0000000
41252,0.0000264,0.0000001,0.0000000
41253,0.0000264,0.0000001,0.0000000
41254,0.0000264,0.0000001,0.0000000
41255,0.0000264,0.0000001,0.0000000
41256,0.0000264,0.0000001,0.0000000
41257,0.0000264,0.0000001,0.0000000
41258,0.0000264,0.0000001,0.0000000
41259,0.0000264,0.0000001,0.0000000
41260,0.0000264,0.0000001,0.0000000
41261,0.0000264,0.0000001,0.0000000
41262,0.0000264,0.0000001,0.0000000
41263,0.0000264,0.0000001,0.0000000
41264,0.0000263,0.0000001,0.0000000
41265,0.0000263,0.0000001,0.0000000
41266,0.0000263,0.0000001,0.0000000
41267,0.0000263,0.0000001,0.0000000
41268,0.0000263,0.0000001,0.0000000
41269,0.0000263,0.0000001,0.0000000
41270,0.0000263,0.0000001,0.0000000
41271,0.0000263,0.0000001,0.0000000
41272,0.0000263,0.0000001,0.0000000
41273,0.0000263,0.0000001,0.0000000
41274,0.0000263,0.0000001,0.0000000
41275,0.0000263,0.0000001,0.0000000
41276,0.0000263,0.0000001,0.0000000
41277,0.0000263,0.0000001,0.0000000
41278,0.0000263,0.0000001,0.0000000
41279,0.0000263,0.0000001,0.0000000
41280,0.0000263,0.0000001,0.0000000
41281,0.0000263,0.0000001,0.0000000
41282,0.0000263,0.0000001,0.0000000
41283,0.0000263,0.0000001,0.0000000
41284,0.0000263,0.0000001,0.0000000
41285,0.0000263,0.0000001,0.0000000
41286,0.0000263,0.0000001,0.0000000
41287,0.0000263,0.0000001,0.0000000
41288,0.0000262,0.0000001,0.0000000
41289,0.0000262,0.0000001,0.0000000
41290,0.0000262,0.0000001,0.0000000
41291,0.0000262,0.0000001,0.0000000
41292,0.0000262,0.0000001,0.0000000
41293,0.0000262,0.0000001,0.0000000
41294,0.0000262,0.0000001,0.0000000
41295,0.0000262,0.0000001,0.0000000
41296,0.0000262,0.0000001,0.0000000
41297,0.0000262,0.0000001,0.0000000
41298,0.0000262,0.0000001,0.0000000
41299,0.0000262,0.0000001,0.0000000
41300,0.0000262,0.0000001,0.0000000
41301,0.0000262,0.0000001,0.0000000
41302,0.0000262,0.0000001,0.0000000
41303,0.0000262,0.0000001,0.0000000
41304,0.0000262,0.0000001,0.0000000
41305,0.0000262,0.0000001,0.0000000
41306,0.0000262,0.0000001,0.0000000
41307,0.0000262,0.0000001,0.0000000
41308,0.0000262,0.0000001,0.0000000
41309,0.0000262,0.0000001,0.0000000
41310,0.0000262,0.0000001,0.0000000
41311,0.0000262,0.0000001,0.0000000
41312,0.0000262,0.0000001,0.0000000
41313,0.0000261,0.0000001,0.0000000
41314,0.0000261,0.0000001,0.0000000
41315,0.0000261,0.0000001,0.0000000
41316,0.0000261,0.0000001,0.0000000
41317,0.0000261,0.0000001,0.0000000
41318,0.0000261,0.0000001,0.0000000
41319,0.0000261,0.0000001,0.0000000
41320,0.0000261,0.0000001,0.0000000
41321,0.0000261,0.0000001,0.0000000
41322,0.0000261,0.0000001,0.0000000
41323,0.0000261,0.0000001,0.0000000
41324,0.0000261,0.0000001,0.0000000
41325,0.0000261,0.0000001,0.0000000
41326,0.0000261,0.0000001,0.0000000
41327,0.0000261,0.0000001,0.0000000
41328,0.0000261,0.0000001,0.0000000
41329,0.0000261,0.0000001,0.0000000
41330,0.0000261,0.0000001,0.0000000
41331,0.0000261,0.0000001,0.0000000
41332,0.0000261,0.0000001,0.0000000
41333,0.0000261,0.0000001,0.0000000
41334,0.0000261,0.0000001,0.0000000
41335,0.0000261,0.0000001,0.0000000
41336,0.0000261,0.0000001,0.0000000
41337,0.0000260,0.0000001,0.0000000
41338,0.0000260,0.0000001,0.0000000
41339,0.0000260,0.0000001,0.0000000
41340,0.0000260,0.0000001,0.0000000
41341,0.0000260,0.0000001,0.0000000
41342,0.0000260,0.0000001,0.0000000
41343,0.0000260,0.0000001,0.0000000
41344,0.0000260,0.0000001,0.0000000
41345,0.0000260,0.0000001,0.0000000
41346,0.0000260,0.0000001,0.0000000
41347,0.0000260,0.0000001,0.0000000
41348,0.0000260,0.0000001,0.0000000
41349,0.0000260,0.0000001,0.0000000
41350,0.0000260,0.0000001,0.0000000
41351,0.0000260,0.0000001,0.0000000
41352,0.0000260,0.0000001,0.0000000
41353,0.0000260,0.0000001,0.0000000
41354,0.0000260,0.0000001,0.0000000
41355,0.0000260,0.0000001,0.0000000
41356,0.0000260,0.0000001,0.0000000
41357,0.0000260,0.0000001,0.0000000
41358,0.0000260,0.0000001,0.0000000
41359,0.0000260,0.0000001,0.0000000
41360,0.0000260,0.0000001,0.0000000
41361,0.0000259,0.0000001,0.0000000
41362,0.0000259,0.0000001,0.0000000
41363,0.0000259,0.0000001,0.0000000
41364,0.0000259,0.0000001,0.0000000
41365,0.0000259,0.0000001,0.0000000
41366,0.0000259,0.0000001,0.0000000
41367,0.0000259,0.0000001,0.0000000
41368,0.0000259,0.0000001,0.0000000
41369,0.0000259,0.0000001,0.0000000
41370,0.0000259,0.0000001,0.0000000
41371,0.0000259,0.0000001,0.0000000
41372,0.0000259,0.0000001,0.0000000
41373,0.0000259,0.0000001,0.0000000
41374,0.0000259,0.0000001,0.0000000
41375,0.0000259,0.0000001,0.0000000
41376,0.0000259,0.0000001,0.0000000
41377,0.0000259,0.0000001,0.0000000
41378,0.0000259,0.0000001,0.0000000
41379,0.0000259,0.0000001,0.0000000
41380,0.0000259,0.0000001,0.0000000
41381,0.0000259,0.0000001,0.0000000
41382,0.0000259,0.0000001,0.0000000
41383,0.0000259,0.0000001,0.0000000
41384,0.0000259,0.0000001,0.0000000
41385,0.0000259,0.0000001,0.0000000
41386,0.0000258,0.0000001,0.0000000
41387,0.0000258,0.0000001,0.0000000
41388,0.0000258,0.0000001,0.0000000
41389,0.0000258,0.0000001,0.0000000
41390,0.0000258,0.0000001,0.0000000
41391,0.0000258,0.0000001,0.0000000
41392,0.0000258,0.0000001,0.0000000
41393,0.0000258,0.0000001,0.0000000
41394,0.0000258,0.0000001,0.0000000
41395,0.0000258,0.0000001,0.0000000
41396,0.0000258,0.0000001,0.0000000
41397,0.0000258,0.0000001,0.0000000
41398,0.0000258,0.0000001,0.0000000
41399,0.0000258,0.0000001,0.0000000
41400,0.0000258,0.0000001,0.0000000
41401,0.0000258,0.0000001,0.0000000
41402,0.0000258,0.0000001,0.0000000
41403,0.0000258,0.0000001,0.0000000
41404,0.0000258,0.0000001,0.0000000
41405,0.0000258,0.0000001,0.0000000
41406,0.0000258,0.0000001,0.0000000
41407,0.0000258,0.0000001,0.0000000
41408,0.0000258,0.0000001,0.0000000
41409,0.0000258,0.0000001,0.0000000
41410,0.0000258,0.0000001,0.0000000
41411,0.0000257,0.0000001,0.0000000
41412,0.0000257,0.0000001,0.0000000
41413,0.0000257,0.0000001,0.0000000
41414,0.0000257,0.0000001,0.0000000
41415,0.0000257,0.0000001,0.0000000
41416,0.0000257,0.0000001,0.0000000
41417,0.0000257,0.0000001,0.0000000
41418,0.0000257,0.0000001,0.0000000
41419,0.0000257,0.0000001,0.0000000
41420,0.0000257,0.0000001,0.0000000
41421,0.0000257,0.0000001,0.0000000
41422,0.0000257,0.0000001,0.0000000
41423,0.0000257,0.0000001,0.0000000
41424,0.0000257,0.0000001,0.0000000
41425,0.0000257,0.0000001,0.0000000
41426,0.0000257,0.0000001,0.0000000
41427,0.0000257,0.0000001,0.0000000
41428,0.0000257,0.0000001,0.0000000
41429,0.0000257,0.0000001,0.0000000
41430,0.0000257,0.0000001,0.0000000
41431,0.0000257,0.0000001,0.0000000
41432,0.0000257,0.0000001,0.0000000
41433,0.0000257,0.0000001,0.0000000
41434,0.0000257,0.0000001,0.0000000
41435,0.0000256,0.0000001,0.0000000
41436,0.0000256,0.0000001,0.0000000
41437,0.0000256,0.0000001,0.0000000
41438,0.0000256,0.0000001,0.0000000
41439,0.0000256,0.0000001,0.0000000
41440,0.0000256,0.0000001,0.0000000
41441,0.0000256,0.0000001,0.0000000
41442,0.0000256,0.0000001,0.0000000
41443,0.0000256,0.0000001,0.0000000
41444,0.0000256,0.0000001,0.0000000
41445,0.0000256,0.0000001,0.0000000
41446,0.0000256,0.0000001,0.0000000
41447,0.0000256,0.0000001,0.0000000
41448,0.0000256,0.0000001,0.0000000
41449,0.0000256,0.0000001,0.0000000
41450,0.0000256,0.0000001,0.0000000
41451,0.0000256,0.0000001,0.0000000
41452,0.0000256,0.0000001,0.0000000
41453,0.0000256,0.0000001,0.0000000
41454,0.0000256,0.0000001,0.0000000
41455,0.0000256,0.0000001,0.0000000
41456,0.0000256,0.0000001,0.0000000
41457,0.0000256,0.0000001,0.0000000
41458,0.0000256,0.0000001,0.0000000
41459,0.0000256,0.0000001,0.0000000
41460,0.0000255,0.0000001,0.0000000
41461,0.0000255,0.0000001,0.0000000
41462,0.0000255,0.0000001,0.0000000
41463,0.0000255,0.0000001,0.0000000
41464,0.0000255,0.0000001,0.0000000
41465,0.0000255,0.0000001,0.0000000
41466,0.0000255,0.0000001,0.0000000
41467,0.0000255,0.0000001,0.0000000
41468,0.0000255,0.0000001,0.0000000
41469,0.0000255,0.0000001,0.0000000
41470,0.0000255,0.0000001,0.0000000
41471,0.0000255,0.0000001,0.0000000
41472,0.0000255,0.0000001,0.0000000
41473,0.0000255,0.0000001,0.0000000
41474,0.0000255,0.0000001,0.0000000
41475,0.0000255,0.0000001,0.0000000
41476,0.0000255,0.0000001,0.0000000
41477,0.0000255,0.0000001,0.0000000
41478,0.0000255,0.0000001,0.0000000
41479,0.0000255,0.0000001,0.0000000
41480,0.0000255,0.0000001,0.0000000
41481,0.0000255,0.0000001,0.0000000
41482,0.0000255,0.0000001,0.0000000
41483,0.0000255,0.0000001,0.0000000
41484,0.0000255,0.0000001,0.0000000
41485,0.0000254,0.0000001,0.0000000
41486,0.0000254,0.0000001,0.0000000
41487,0.0000254,0.0000001,0.0000000
41488,0.0000254,0.0000001,0.0000000
41489,0.0000254,0.0000001,0.0000000
41490,0.0000254,0.0000001,0.0000000
41491,0.0000254,0.0000001,0.0000000
41492,0.0000254,0.0000001,0.0000000
41493,0.0000254,0.0000001,0.0000000
41494,0.0000254,0.0000001,0.0000000
41495,0.0000254,0.0000001,0.0000000
41496,0.0000254,0.0000001,0.0000000
41497,0.0000254,0.0000001,0.0000000
41498,0.0000254,0.0000001,0.0000000
41499,0.0000254,0.0000001,0.0000000
41500,0.0000254,0.0000001,0.0000000
41501,0.0000254,0.0000001,0.0000000
41502,0.0000254,0.0000001,0.0000000
41503,0.0000254,0.0000001,0.0000000
41504,0.0000254,0.0000001,0.0000000
41505,0.0000254,0.0000001,0.0000000
41506,0.0000254,0.0000001,0.0000000
41507,0.0000254,0.0000001,0.0000000
41508,0.0000254,0.0000001,0.0000000
41509,0.0000254,0.0000001,0.0000000
41510,0.0000253,0.0000001,0.0000000
41511,0.0000253,0.0000001,0.0000000
41512,0.0000253,0.0000001,0.0000000
41513,0.0000253,0.0000001,0.0000000
41514,0.0000253,0.0000001,0.0000000
41515,0.0000253,0.0000001,0.0000000
41516,0.0000253,0.0000001,0.0000000
41517,0.0000253,0.0000001,0.0000000
41518,0.0000253,0.0000001,0.0000000
41519,0.0000253,0.0000001,0.0000000
41520,0.0000253,0.0000001,0.0000000
41521,0.0000253,0.0000001,0.0000000
41522,0.0000253,0.0000001,0.0000000
41523,0.0000253,0.0000001,0.0000000
41524,0.0000253,0.0000001,0.0000000
41525,0.0000253,0.0000001,0.0000000
41526,0.0000253,0.0000001,0.0000000
41527,0.0000253,0.0000001,0.0000000
41528,0.0000253,0.0000001,0.0000000
41529,0.0000253,0.0000001,0.0000000
41530,0.0000253,0.0000001,0.0000000
41531,0.0000253,0.0000001,0.0000000
41532,0.0000253,0.0000001,0.0000000
41533,0.0000253,0.0000001,0.0000000
41534,0.0000253,0.0000001,0.0000000
41535,0.0000252,0.0000001,0.0000000
41536,0.0000252,0.0000001,0.0000000
41537,0.0000252,0.0000001,0.0000000
41538,0.0000252,0.0000001,0.0000000
41539,0.0000252,0.0000001,0.0000000
41540,0.0000252,0.0000001,0.0000000
41541,0.0000252,0.0000001,0.0000000
41542,0.0000252,0.0000001,0.0000000
41543,0.0000252,0.0000001,0.0000000
41544,0.0000252,0.0000001,0.0000000
41545,0.0000252,0.0000001,0.0000000
41546,0.0000252,0.0000001,0.0000000
41547,0.0000252,0.0000001,0.0000000
41548,0.0000252,0.0000001,0.0000000
41549,0.0000252,0.0000001,0.0000000
41550,0.0000252,0.0000001,0.0000000
41551,0.0000252,0.0000001,0.0000000
41552,0.0000252,0.0000001,0.0000000
41553,0.0000252,0.0000001,0.0000000
41554,0.0000252,0.0000001,0.0000000
41555,0.0000252,0.0000001,0.0000000
41556,0.0000252,0.0000001,0.0000000
41557,0.0000252,0.0000001,0.0000000
41558,0.0000252,0.0000001,0.0000000
41559,0.0000252,0.0000001,0.0000000
41560,0.0000252,0.0000001,0.0000000
41561,0.0000251,0.0000001,0.0000000
41562,0.0000251,0.0000001,0.0000000
41563,0.0000251,0.0000001,0.0000000
41564,0.0000251,0.0000001,0.0000000
41565,0.0000251,0.0000001,0.0000000
41566,0.0000251,0.0000001,0.0000000
41567,0.0000251,0.0000001,0.0000000
41568,0.0000251,0.0000001,0.0000000
41569,0.0000251,0.0000001,0.0000000
41570,0.0000251,0.0000001,0.0000000
41571,0.0000251,0.0000001,0.0000000
41572,0.0000251,0.0000001,0.0000000
41573,0.0000251,0.0000001,0.0000000
41574,0.0000251,0.0000001,0.0000000
41575,0.0000251,0.0000001,0.0000000
41576,0.0000251,0.0000001,0.0000000
41577,0.0000251,0.0000001,0.0000000
41578,0.0000251,0.0000001,0.0000000
41579,0.0000251,0.0000001,0.0000000
41580,0.0000251,0.0000001,0.0000000
41581,0.0000251,0.0000001,0.0000000
41582,0.0000251,0.0000001,0.0000000
41583,0.0000251,0.0000001,0.0000000
41584,0.0000251,0.0000001,0.0000000
41585,0.0000251,0.0000001,0.0000000
41586,0.0000250,0.0000001,0.0000000
41587,0.0000250,0.0000001,0.0000000
41588,0.0000250,0.0000001,0.0000000
41589,0.0000250,0.0000001,0.0000000
41590,0.0000250,0.0000001,0.0000000
41591,0.0000250,0.0000001,0.0000000
41592,0.0000250,0.0000001,0.0000000
41593,0.0000250,0.0000001,0.0000000
41594,0.0000250,0.0000001,0.0000000
41595,0.0000250,0.0000001,0.0000000
41596,0.0000250,0.0000001,0.0000000
41597,0.0000250,0.0000001,0.0000000
41598,0.0000250,0.0000001,0.0000000
41599,0.0000250,0.0000001,0.0000000
41600,0.0000250,0.0000001,0.0000000
41601,0.0000250,0.0000001,0.0000000
41602,0.0000250,0.0000001,0.0000000
41603,0.0000250,0.0000001,0.0000000
41604,0.0000250,0.0000001,0.0000000
41605,0.0000250,0.0000001,0.0000000
41606,0.0000250,0.0000001,0.0000000
41607,0.0000250,0.0000001,0.0000000
41608,0.0000250,0.0000001,0.0000000
41609,0.0000250,0.0000001,0.0000000
41610,0.0000250,0.0000001,0.0000000
41611,0.0000249,0.0000001,0.0000000
41612,0.0000249,0.0000001,0.0000000
41613,0.0000249,0.0000001,0.0000000
41614,0.0000249,0.0000001,0.0000000
41615,0.0000249,0.0000001,0.0000000
41616,0.0000249,0.0000001,0.0000000
41617,0.0000249,0.0000001,0.0000000
41618,0.0000249,0.0000001,0.0000000
41619,0.0000249,0.0000001,0.0000000
41620,0.0000249,0.0000001,0.0000000
41621,0.0000249,0.0000001,0.0000000
41622,0.0000249,0.0000001,0.0000000
41623,0.0000249,0.0000001,0.0000000
41624,0.0000249,0.0000001,0.0000000
41625,0.0000249,0.0000001,0.0000000
41626,0.0000249,0.0000001,0.0000000
41627,0.0000249,0.0000001,0.0000000
41628,0.0000249,0.0000001,0.0000000
41629,0.0000249,0.0000001,0.0000000
41630,0.0000249,0.0000001,0.0000000
41631,0.0000249,0.0000001,0.0000000
41632,0.0000249,0.0000001,0.0000000
41633,0.0000249,0.0000001,0.0000000
41634,0.0000249,0.0000001,0.0000000
41635,0.0000249,0.0000001,0.0000000
41636,0.0000249,0.0000001,0.0000000
41637,0.0000248,0.0000001,0.0000000
41638,0.0000248,0.0000001,0.0000000
41639,0.0000248,0.0000001,0.0000000
41640,0.0000248,0.0000001,0.0000000
41641,0.0000248,0.0000001,0.0000000
41642,0.0000248,0.0000001,0.0000000
41643,0.0000248,0.0000001,0.0000000
41644,0.0000248,0.0000001,0.0000000
41645,0.0000248,0.0000001,0.0000000
41646,0.0000248,0.0000001,0.0000000
41647,0.0000248,0.0000001,0.0000000
41648,0.0000248,0.0000001,0.0000000
41649,0.0000248,0.0000001,0.0000000
41650,0.0000248,0.0000001,0.0000000
41651,0.0000248,0.0000001,0.0000000
41652,0.0000248,0.0000001,0.0000000
41653,0.0000248,0.0000001,0.0000000
41654,0.0000248,0.0000001,0.0000000
41655,0.0000248,0.0000001,0.0000000
41656,0.0000248,0.0000001,0.0000000
41657,0.0000248,0.0000001,0.0000000
41658,0.0000248,0.0000001,0.0000000
41659,0.0000248,0.0000001,0.0000000
41660,0.0000248,0.0000001,0.0000000
41661,0.0000248,0.0000001,0.0000000
41662,0.0000248,0.0000001,0.0000000
41663,0.0000247,0.0000001,0.0000000
41664,0.0000247,0.0000001,0.0000000
41665,0.0000247,0.0000001,0.0000000
41666,0.0000247,0.0000001,0.0000000
41667,0.0000247,0.0000001,0.0000000
41668,0.0000247,0.0000001,0.0000000
41669,0.0000247,0.0000001,0.0000000
41670,0.0000247,0.0000001,0.0000000
41671,0.0000247,0.0000001,0.0000000
41672,0.0000247,0.0000001,0.0000000
41673,0.0000247,0.0000001,0.0000000
41674,0.0000247,0.0000001,0.0000000
41675,0.0000247,0.0000001,0.0000000
41676,0.0000247,0.0000001,0.0000000
41677,0.0000247,0.0000001,0.0000000
41678,0.0000247,0.0000001,0.0000000
41679,0.0000247,0.0000001,0.0000000
41680,0.0000247,0.0000001,0.0000000
41681,0.0000247,0.0000001,0.0000000
41682,0.0000247,0.0000001,0.0000000
41683,0.0000247,0.0000001,0.0000000
41684,0.0000247,0.0000001,0.0000000
41685,0.0000247,0.0000001,0.0000000
41686,0.0000247,0.0000001,0.0000000
41687,0.0000247,0.0000001,0.0000000
41688,0.0000246,0.0000001,0.0000000
41689,0.0000246,0.0000001,0.0000000
41690,0.0000246,0.0000001,0.0000000
41691,0.0000246,0.0000001,0.0000000
41692,0.0000246,0.0000001,0.0000000
41693,0.0000246,0.0000001,0.0000000
41694,0.0000246,0.0000001,0.0000000
41695,0.0000246,0.0000001,0.0000000
41696,0.0000246,0.0000001,0.0000000
41697,0.0000246,0.0000001,0.0000000
41698,0.0000246,0.0000001,0.0000000
41699,0.0000246,0.0000001,0.0000000
41700,0.0000246,0.0000001,0.0000000
41701,0.0000246,0.0000001,0.0000000
41702,0.0000246,0.0000001,0.0000000
41703,0.0000246,0.0000001,0.0000000
41704,0.0000246,0.0000001,0.0000000
41705,0.0000246,0.0000001,0.0000000
41706,0.0000246,0.0000001,0.0000000
41707,0.0000246,0.0000001,0.0000000
41708,0.0000246,0.0000001,0.0000000
41709,0.0000246,0.0000001,0.0000000
41710,0.0000246,0.0000001,0.0000000
41711,0.0000246,0.0000001,0.0000000
41712,0.0000246,0.0000001,0.0000000
41713,0.0000246,0.0000001,0.0000000
41714,0.0000245,0.0000001,0.0000000
41715,0.0000245,0.0000001,0.0000000
41716,0.0000245,0.0000001,0.0000000
41717,0.0000245,0.0000001,0.0000000
41718,0.0000245,0.0000001,0.0000000
41719,0.0000245,0.0000001,0.0000000
41720,0.0000245,0.0000001,0.0000000
41721,0.0000245,0.0000001,0.0000000
41722,0.0000245,0.0000001,0.0000000
41723,0.0000245,0.0000001,0.0000000
41724,0.0000245,0.0000001,0.0000000
41725,0.0000245,0.0000001,0.0000000
41726,0.0000245,0.0000001,0.0000000
41727,0.0000245,0.0000001,0.0000000
41728,0.0000245,0.0000001,0.0000000
41729,0.0000245,0.0000001,0.0000000
41730,0.0000245,0.0000001,0.0000000
41731,0.0000245,0.0000001,0.0000000
41732,0.0000245,0.0000001,0.0000000
41733,0.0000245,0.0000001,0.0000000
41734,0.0000245,0.0000001,0.0000000
41735,0.0000245,0.0000001,0.0000000
41736,0.0000245,0.0000001,0.0000000
41737,0.0000245,0.0000001,0.0000000
41738,0.0000245,0.0000001,0.0000000
41739,0.0000245,0.0000001,0.0000000
41740,0.0000244,0.0000001,0.0000000
41741,0.0000244,0.0000001,0.0000000
41742,0.0000244,0.0000001,0.0000000
41743,0.0000244,0.0000001,0.0000000
41744,0.0000244,0.0000001,0.0000000
41745,0.0000244,0.0000001,0.0000000
41746,0.0000244,0.0000001,0.0000000
41747,0.0000244,0.0000001,0.0000000
41748,0.0000244,0.0000001,0.0000000
41749,0.0000244,0.0000001,0.0000000
41750,0.0000244,0.0000001,0.0000000
41751,0.0000244,0.0000001,0.0000000
41752,0.0000244,0.0000001,0.0000000
41753,0.0000244,0.0000001,0.0000000
41754,0.0000244,0.0000001,0.0000000
41755,0.0000244,0.0000001,0.0000000
41756,0.0000244,0.0000001,0.0000000
41757,0.0000244,0.0000001,0.0000000
41758,0.0000244,0.0000001,0.0000000
41759,0.0000244,0.0000001,0.0000000
41760,0.0000244,0.0000001,0.0000000
41761,0.0000244,0.0000001,0.0000000
41762,0.0000244,0.0000001,0.0000000
41763,0.0000244,0.0000001,0.0000000
41764,0.0000244,0.0000001,0.0000000
41765,0.0000244,0.0000001,0.0000000
41766,0.0000243,0.0000001,0.0000000
41767,0.0000243,0.0000001,0.0000000
41768,0.0000243,0.0000001,0.0000000
41769,0.0000243,0.0000001,0.0000000
41770,0.0000243,0.0000001,0.0000000
41771,0.0000243,0.0000001,0.0000000
41772,0.0000243,0.0000001,0.0000000
41773,0.0000243,0.0000001,0.0000000
41774,0.0000243,0.0000001,0.0000000
41775,0.0000243,0.0000001,0.0000000
41776,0.0000243,0.0000001,0.0000000
41777,0.0000243,0.0000001,0.0000000
41778,0.0000243,0.0000001,0.0000000
41779,0.0000243,0.0000001,0.0000000
41780,0.0000243,0.0000001,0.0000000
41781,0.0000243,0.0000001,0.0000000
41782,0.0000243,0.0000001,0.0000000
41783,0.0000243,0.0000001,0.0000000
41784,0.0000243,0.0000001,0.0000000
41785,0.0000243,0.0000001,0.0000000
41786,0.0000243,0.0000001,0.0000000
41787,0.0000243,0.0000001,0.0000000
41788,0.0000243,0.0000001,0.0000000
41789,0.0000243,0.0000001,0.0000000
41790,0.0000243,0.0000001,0.0000000
41791,0.0000243,0.0000001,0.0000000
41792,0.0000243,0.0000001,0.0000000
41793,0.0000242,0.0000001,0.0000000
41794,0.0000242,0.0000001,0.0000000
41795,0.0000242,0.0000001,0.0000000
41796,0.0000242,0.0000001,0.0000000
41797,0.0000242,0.0000001,0.0000000
41798,0.0000242,0.0000001,0.0000000
41799,0.0000242,0.0000001,0.0000000
41800,0.0000242,0.0000001,0.0000000
41801,0.0000242,0.0000001,0.0000000
41802,0.0000242,0.0000001,0.0000000
41803,0.0000242,0.0000001,0.0000000
41804,0.0000242,0.0000001,0.0000000
41805,0.0000242,0.0000001,0.0000000
41806,0.0000242,0.0000001,0.0000000
41807,0.0000242,0.0000001,0.0000000
41808,0.0000242,0.0000001,0.0000000
41809,0.0000242,0.0000001,0.0000000
41810,0.0000242,0.0000001,0.0000000
41811,0.0000242,0.0000001,0.0000000
41812,0.0000242,0.0000001,0.0000000
41813,0.0000242,0.0000001,0.0000000
41814,0.0000242,0.0000001,0.0000000
41815,0.0000242,0.0000001,0.0000000
41816,0.0000242,0.0000001,0.0000000
41817,0.0000242,0.0000001,0.0000000
41818,0.0000242,0.0000001,0.0000000
41819,0.0000241,0.0000001,0.0000000
41820,0.0000241,0.0000001,0.0000000
41821,0.0000241,0.0000001,0.0000000
41822,0.0000241,0.0000001,0.0000000
41823,0.0000241,0.0000001,0.0000000
41824,0.0000241,0.0000001,0.0000000
41825,0.0000241,0.0000001,0.0000000
41826,0.0000241,0.0000001,0.0000000
41827,0.0000241,0.0000001,0.0000000
41828,0.0000241,0.0000001,0.0000000
41829,0.0000241,0.0000001,0.0000000
41830,0.0000241,0.0000001,0.0000000
41831,0.0000241,0.0000001,0.0000000
41832,0.0000241,0.0000001,0.0000000
41833,0.0000241,0.0000001,0.0000000
41834,0.0000241,0.0000001,0.0000000
41835,0.0000241,0.0000001,0.0000000
41836,0.0000241,0.0000001,0.0000000
41837,0.0000241,0.0000001,0.0000000
41838,0.0000241,0.0000001,0.0000000
41839,0.0000241,0.0000001,0.0000000
41840,0.0000241,0.0000001,0.0000000
41841,0.0000241,0.0000001,0.0000000
41842,0.0000241,0.0000001,0.0000000
41843,0.0000241,0.0000001,0.0000000
41844,0.0000241,0.0000001,0.0000000
41845,0.0000240,0.0000001,0.0000000
41846,0.0000240,0.0000001,0.0000000
41847,0.0000240,0.0000001,0.0000000
41848,0.0000240,0.0000001,0.0000000
41849,0.0000240,0.0000001,0.0000000
41850,0.0000240,0.0000001,0.0000000
41851,0.0000240,0.0000001,0.0000000
41852,0.0000240,0.0000001,0.0000000
41853,0.0000240,0.0000001,0.0000000
41854,0.0000240,0.0000001,0.0000000
41855,0.0000240,0.0000001,0.0000000
41856,0.0000240,0.0000001,0.0000000
41857,0.0000240,0.0000001,0.0000000
41858,0.0000240,0.0000001,0.0000000
41859,0.0000240,0.0000001,0.0000000
41860,0.0000240,0.0000001,0.0000000
41861,0.0000240,0.0000001,0.0000000
41862,0.0000240,0.0000001,0.0000000
41863,0.0000240,0.0000001,0.0000000
41864,0.0000240,0.0000001,0.0000000
41865,0.0000240,0.0000001,0.0000000
41866,0.0000240,0.0000001,0.0000000
41867,0.0000240,0.0000001,0.0000000
41868,0.0000240,0.0000001,0.0000000
41869,0.0000240,0.0000001,0.0000000
41870,0.0000240,0.0000001,0.0000000
41871,0.0000240,0.0000001,0.0000000
41872,0.0000239,0.0000001,0.0000000
41873,0.0000239,0.0000001,0.0000000
41874,0.0000239,0.0000001,0.0000000
41875,0.0000239,0.0000001,0.0000000
41876,0.0000239,0.0000001,0.0000000
41877,0.0000239,0.0000001,0.0000000
41878,0.0000239,0.0000001,0.0000000
41879,0.0000239,0.0000001,0.0000000
41880,0.0000239,0.0000001,0.0000000
41881,0.0000239,0.0000001,0.0000000
41882,0.0000239,0.0000001,0.0000000
41883,0.0000239,0.0000001,0.0000000
41884,0.0000239,0.0000001,0.0000000
41885,0.0000239,0.0000001,0.0000000
41886,0.0000239,0.0000001,0.0000000
41887,0.0000239,0.0000001,0.0000000
41888,0.0000239,0.0000001,0.0000000
41889,0.0000239,0.0000001,0.0000000
41890,0.0000239,0.0000001,0.0000000
41891,0.0000239,0.0000001,0.0000000
41892,0.0000239,0.0000001,0.0000000
41893,0.0000239,0.0000001,0.0000000
41894,0.0000239,0.0000001,0.0000000
41895,0.0000239,0.0000001,0.0000000
41896,0.0000239,0.0000001,0.0000000
41897,0.0000239,0.0000001,0.0000000
41898,0.0000239,0.0000001,0.0000000
41899,0.0000238,0.0000001,0.0000000
41900,0.0000238,0.0000001,0.0000000
41901,0.0000238,0.0000001,0.0000000
41902,0.0000238,0.0000001,0.0000000
41903,0.0000238,0.0000001,0.0000000
41904,0.0000238,0.0000001,0.0000000
41905,0.0000238,0.0000001,0.0000000
41906,0.0000238,0.0000001,0.0000000
41907,0.0000238,0.0000001,0.0000000
41908,0.0000238,0.0000001,0.0000000
41909,0.0000238,0.0000001,0.0000000
41910,0.0000238,0.0000001,0.0000000
41911,0.0000238,0.0000001,0.0000000
41912,0.0000238,0.0000001,0.0000000
41913,0.0000238,0.0000001,0.0000000
41914,0.0000238,0.0000001,0.0000000
41915,0.0000238,0.0000001,0.0000000
41916,0.0000238,0.0000001,0.0000000
41917,0.0000238,0.0000001,0.0000000
41918,0.0000238,0.0000001,0.0000000
41919,0.0000238,0.0000001,0.0000000
41920,0.0000238,0.0000001,0.0000000
41921,0.0000238,0.0000001,0.0000000
41922,0.0000238,0.0000001,0.0000000
41923,0.0000238,0.0000001,0.0000000
41924,0.0000238,0.0000001,0.0000000
41925,0.0000237,0.0000001,0.0000000
41926,0.0000237,0.0000001,0.0000000
41927,0.0000237,0.0000001,0.0000000
41928,0.0000237,0.0000001,0.0000000
41929,0.0000237,0.0000001,0.0000000
41930,0.0000237,0.0000001,0.0000000
41931,0.0000237,0.0000001,0.0000000
41932,0.0000237,0.0000001,0.0000000
41933,0.0000237,0.0000001,0.0000000
41934,0.0000237,0.0000001,0.0000000
41935,0.0000237,0.0000001,0.0000000
41936,0.0000237,0.0000001,0.0000000
41937,0.0000237,0.0000001,0.0000000
41938,0.0000237,0.0000001,0.0000000
41939,0.0000237,0.0000001,0.0000000
41940,0.0000237,0.0000001,0.0000000
41941,0.0000237,0.0000001,0.0000000
41942,0.0000237,0.0000001,0.0000000
41943,0.0000237,0.0000001,0.0000000
41944,0.0000237,0.0000001,0.0000000
41945,0.0000237,0.0000001,0.0000000
41946,0.0000237,0.0000001,0.0000000
41947,0.0000237,0.0000001,0.0000000
41948,0.0000237,0.0000001,0.0000000
41949,0.0000237,0.0000001,0.0000000
41950,0.0000237,0.0000001,0.0000000
41951,0.0000237,0.0000001,0.0000000
41952,0.0000236,0.0000001,0.0000000
41953,0.0000236,0.0000001,0.0000000
41954,0.0000236,0.0000001,0.0000000
41955,0.0000236,0.0000001,0.0000000
41956,0.0000236,0.0000001,0.0000000
41957,0.0000236,0.0000001,0.0000000
41958,0.0000236,0.0000001,0.0000000
41959,0.0000236,0.0000001,0.0000000
41960,0.0000236,0.0000001,0.0000000
41961,0.0000236,0.0000001,0.0000000
41962,0.0000236,0.0000001,0.0000000
41963,0.0000236,0.0000001,0.0000000
41964,0.0000236,0.0000001,0.0000000
41965,0.0000236,0.0000001,0.0000000
41966,0.0000236,0.0000001,0.0000000
41967,0.0000236,0.0000001,0.0000000
41968,0.0000236,0.0000001,0.0000000
41969,0.0000236,0.0000001,0.0000000
41970,0.0000236,0.0000001,0.0000000
41971,0.0000236,0.0000001,0.0000000
41972,0.0000236,0.0000001,0.0000000
41973,0.0000236,0.0000001,0.0000000
41974,0.0000236,0.0000001,0.0000000
41975,0.0000236,0.0000001,0.0000000
41976,0.0000236,0.0000001,0.0000000
41977,0.0000236,0.0000001,0.0000000
41978,0.0000236,0.0000001,0.0000000
41979,0.0000235,0.0000001,0.0000000
41980,0.0000235,0.0000001,0.0000000
41981,0.0000235,0.0000001,0.0000000
41982,0.0000235,0.0000001,0.0000000
41983,0.0000235,0.0000001,0.0000000
41984,0.0000235,0.0000001,0.0000000
41985,0.0000235,0.0000001,0.0000000
41986,0.0000235,0.0000001,0.0000000
41987,0.0000235,0.0000001,0.0000000
41988,0.0000235,0.0000001,0.0000000
41989,0.0000235,0.0000001,0.0000000
41990,0.0000235,0.0000001,0.0000000
41991,0.0000235,0.0000001,0.0000000
41992,0.0000235,0.0000001,0.0000000
41993,0.0000235,0.0000001,0.0000000
41994,0.0000235,0.0000001,0.0000000
41995,0.0000235,0.0000001,0.0000000
41996,0.0000235,0.0000001,0.0000000
41997,0.0000235,0.0000001,0.0000000
41998,0.0000235,0.0000001,0.0000000
41999,0.0000235,0.0000001,0.0000000
42000,0.0000235,0.0000001,0.0000000
42001,0.0000235,0.0000001,0.0000000
42002,0.0000235,0.0000001,0.0000000
42003,0.0000235,0.0000001,0.0000000
42004,0.0000235,0.0000001,0.0000000
42005,0.0000235,0.0000001,0.0000000
42006,0.0000234,0.0000001,0.0000000
42007,0.0000234,0.0000001,0.0000000
42008,0.0000234,0.0000001,0.0000000
42009,0.0000234,0.0000001,0.0000000
42010,0.0000234,0.0000001,0.0000000
42011,0.0000234,0.0000001,0.0000000
42012,0.0000234,0.0000001,0.0000000
42013,0.0000234,0.0000001,0.0000000
42014,0.0000234,0.0000001,0.0000000
42015,0.0000234,0.0000001,0.0000000
42016,0.0000234,0.0000001,0.0000000
42017,0.0000234,0.0000001,0.0000000
42018,0.0000234,0.0000001,0.0000000
42019,0.0000234,0.0000001,0.0000000
42020,0.0000234,0.0000001,0.0000000
42021,0.0000234,0.0000001,0.0000000
42022,0.0000234,0.0000001,0.0000000
42023,0.0000234,0.0000001,0.0000000
42024,0.0000234,0.0000001,0.0000000
42025,0.0000234,0.0000001,0.0000000
42026,0.0000234,0.0000001,0.0000000
42027,0.0000234,0.0000001,0.0000000
42028,0.0000234,0.0000001,0.0000000
42029,0.0000234,0.0000001,0.0000000
42030,0.0000234,0.0000001,0.0000000
42031,0.0000234,0.0000001,0.0000000
42032,0.0000234,0.0000001,0.0000000
42033,0.0000234,0.0000001,0.0000000
42034,0.0000233,0.0000001,0.0000000
42035,0.0000233,0.0000001,0.0000000
42036,0.0000233,0.0000001,0.0000000
42037,0.0000233,0.0000001,0.0000000
42038,0.0000233,0.0000001,0.0000000
42039,0.0000233,0.0000001,0.0000000
42040,0.0000233,0.0000001,0.0000000
42041,0.0000233,0.0000001,0.0000000
42042,0.0000233,0.0000001,0.0000000
42043,0.0000233,0.0000001,0.0000000
42044,0.0000233,0.0000001,0.0000000
42045,0.0000233,0.0000001,0.0000000
42046,0.0000233,0.0000001,0.0000000
42047,0.0000233,0.0000001,0.0000000
42048,0.0000233,0.0000001,0.0000000
42049,0.0000233,0.0000001,0.0000000
42050,0.0000233,0.0000001,0.0000000
42051,0.0000233,0.0000001,0.0000000
42052,0.0000233,0.0000001,0.0000000
42053,0.0000233,0.0000001,0.0000000
42054,0.0000233,0.0000001,0.0000000
42055,0.0000233,0.0000001,0.0000000
42056,0.0000233,0.0000001,0.0000000
42057,0.0000233,0.0000001,0.0000000
42058,0.0000233,0.0000001,0.0000000
42059,0.0000233,0.0000001,0.0000000
42060,0.0000233,0.0000001,0.0000000
42061,0.0000232,0.0000001,0.0000000
42062,0.0000232,0.0000001,0.0000000
42063,0.0000232,0.0000001,0.0000000
42064,0.0000232,0.0000001,0.0000000
42065,0.0000232,0.0000001,0.0000000
42066,0.0000232,0.0000001,0.0000000
42067,0.0000232,0.0000001,0.0000000
42068,0.0000232,0.0000001,0.0000000
42069,0.0000232,0.0000001,0.0000000
42070,0.0000232,0.0000001,0.0000000
42071,0.0000232,0.0000001,0.0000000
42072,0.0000232,0.0000001,0.0000000
42073,0.0000232,0.0000001,0.0000000
42074,0.0000232,0.0000001,0.0000000
42075,0.0000232,0.0000001,0.0000000
42076,0.0000232,0.0000001,0.0000000
42077,0.0000232,0.0000001,0.0000000
42078,0.0000232,0.0000001,0.0000000
42079,0.0000232,0.0000001,0.0000000
42080,0.0000232,0.0000001,0.0000000
42081,0.0000232,0.0000001,0.0000000
42082,0.0000232,0.0000001,0.0000000
42083,0.0000232,0.0000001,0.0000000
42084,0.0000232,0.0000001,0.0000000
42085,0.0000232,0.0000001,0.0000000
42086,0.0000232,0.0000001,0.0000000
42087,0.0000232,0.0000001,0.0000000
42088,0.0000231,0.0000001,0.0000000
42089,0.0000231,0.0000001,0.0000000
42090,0.0000231,0.0000001,0.0000000
42091,0.0000231,0.0000001,0.0000000
42092,0.0000231,0.0000001,0.0000000
42093,0.0000231,0.0000001,0.0000000
42094,0.0000231,0.0000001,0.0000000
42095,0.0000231,0.0000001,0.0000000
42096,0.0000231,0.0000001,0.0000000
42097,0.0000231,0.0000001,0.0000000
42098,0.0000231,0.0000001,0.0000000
42099,0.0000231,0.0000001,0.0000000
42100,0.0000231,0.0000001,0.0000000
42101,0.0000231,0.0000001,0.0000000
42102,0.0000231,0.0000001,0.0000000
42103,0.0000231,0.0000001,0.0000000
42104,0.0000231,0.0000001,0.0000000
42105,0.0000231,0.0000000,0.0000000
42106,0.0000231,0.0000000,0.0000000
42107,0.0000231,0.0000000,0.0000000
42108,0.0000231,0.0000000,0.0000000
42109,0.0000231,0.0000000,0.0000000
42110,0.0000231,0.0000000,0.0000000
42111,0.0000231,0.0000000,0.0000000
42112,0.0000231,0.0000000,0.0000000
42113,0.0000231,0.0000000,0.0000000
42114,0.0000231,0.0000000,0.0000000
42115,0.0000231,0.0000000,0.0000000
42116,0.0000230,0.0000000,0.0000000
42117,0.0000230,0.0000000,0.0000000
42118,0.0000230,0.0000000,0.0000000
42119,0.0000230,0.0000000,0.0000000
42120,0.0000230,0.0000000,0.0000000
42121,0.0000230,0.0000000,0.0000000
42122,0.0000230,0.0000000,0.0000000
42123,0.0000230,0.0000000,0.0000000
42124,0.0000230,0.0000000,0.0000000
42125,0.0000230,0.0000000,0.0000000
42126,0.0000230,0.0000000,0.0000000
42127,0.0000230,0.0000000,0.0000000
42128,0.0000230,0.0000000,0.0000000
42129,0.0000230,0.0000000,0.0000000
42130,0.0000230,0.0000000,0.0000000
42131,0.0000230,0.0000000,0.0000000
42132,0.0000230,0.0000000,0.0000000
42133,0.0000230,0.0000000,0.0000000
42134,0.0000230,0.0000000,0.0000000
42135,0.0000230,0.0000000,0.0000000
42136,0.0000230,0.0000000,0.0000000
42137,0.0000230,0.0000000,0.0000000
42138,0.0000230,0.0000000,0.0000000
42139,0.0000230,0.0000000,0.0000000
42140,0.0000230,0.0000000,0.0000000
42141,0.0000230,0.0000000,0.0000000
42142,0.0000230,0.0000000,0.0000000
42143,0.0000230,0.0000000,0.0000000
42144,0.0000229,0.0000000,0.0000000
42145,0.0000229,0.0000000,0.0000000
42146,0.0000229,0.0000000,0.0000000
42147,0.0000229,0.0000000,0.0000000
42148,0.0000229,0.0000000,0.0000000
42149,0.0000229,0.0000000,0.0000000
42150,0.0000229,0.0000000,0.0000000
42151,0.0000229,0.0000000,0.0000000
42152,0.0000229,0.0000000,0.0000000
42153,0.0000229,0.0000000,0.0000000
42154,0.0000229,0.0000000,0.0000000
42155,0.0000229,0.0000000,0.0000000
42156,0.0000229,0.0000000,0.0000000
42157,0.0000229,0.0000000,0.0000000
42158,0.0000229,0.0000000,0.0000000
42159,0.0000229,0.0000000,0.0000000
42160,0.0000229,0.0000000,0.0000000
42161,0.0000229,0.0000000,0.0000000
42162,0.0000229,0.0000000,0.0000000
42163,0.0000229,0.0000000,0.0000000
42164,0.0000229,0.0000000,0.0000000
42165,0.0000229,0.0000000,0.0000000
42166,0.0000229,0.0000000,0.0000000
42167,0.0000229,0.0000000,0.0000000
42168,0.0000229,0.0000000,0.0000000
42169,0.0000229,0.0000000,0.0000000
42170,0.0000229,0.0000000,0.0000000
42171,0.0000229,0.0000000,0.0000000
42172,0.0000228,0.0000000,0.0000000
42173,0.0000228,0.0000000,0.0000000
42174,0.0000228,0.0000000,0.0000000
42175,0.0000228,0.0000000,0.0000000
42176,0.0000228,0.0000000,0.0000000
42177,0.0000228,0.0000000,0.0000000
42178,0.0000228,0.0000000,0.0000000
42179,0.0000228,0.0000000,0.0000000
42180,0.0000228,0.0000000,0.0000000
42181,0.0000228,0.0000000,0.0000000
42182,0.0000228,0.0000000,0.0000000
42183,0.0000228,0.0000000,0.0000000
42184,0.0000228,0.0000000,0.0000000
42185,0.0000228,0.0000000,0.0000000
42186,0.0000228,0.0000000,0.0000000
42187,0.0000228,0.0000000,0.0000000
42188,0.0000228,0.0000000,0.0000000
42189,0.0000228,0.0000000,0.0000000
42190,0.0000228,0.0000000,0.0000000
42191,0.0000228,0.0000000,0.0000000
42192,0.0000228,0.0000000,0.0000000
42193,0.0000228,0.0000000,0.0000000
42194,0.0000228,0.0000000,0.0000000
42195,0.0000228,0.0000000,0.0000000
42196,0.0000228,0.0000000,0.0000000
42197,0.0000228,0.0000000,0.0000000
42198,0.0000228,0.0000000,0.0000000
42199,0.0000228,0.0000000,0.0000000
42200,0.0000227,0.0000000,0.0000000
42201,0.0000227,0.0000000,0.0000000
42202,0.0000227,0.0000000,0.0000000
42203,0.0000227,0.0000000,0.0000000
42204,0.0000227,0.0000000,0.0000000
42205,0.0000227,0.0000000,0.0000000
42206,0.0000227,0.0000000,0.0000000
42207,0.0000227,0.0000000,0.0000000
42208,0.0000227,0.0000000,0.0000000
42209,0.0000227,0.0000000,0.0000000
42210,0.0000227,0.0000000,0.0000000
42211,0.0000227,0.0000000,0.0000000
42212,0.0000227,0.0000000,0.0000000
42213,0.0000227,0.0000000,0.0000000
42214,0.0000227,0.0000000,0.0000000
42215,0.0000227,0.0000000,0.0000000
42216,0.0000227,0.0000000,0.0000000
42217,0.0000227,0.0000000,0.0000000
42218,0.0000227,0.0000000,0.0000000
42219,0.0000227,0.0000000,0.0000000
42220,0.0000227,0.0000000,0.0000000
42221,0.0000227,0.0000000,0.0000000
42222,0.0000227,0.0000000,0.0000000
42223,0.0000227,0.0000000,0.0000000
42224,0.0000227,0.0000000,0.0000000
42225,0.0000227,0.0000000,0.0000000
42226,0.0000227,0.0000000,0.0000000
42227,0.0000227,0.0000000,0.0000000
42228,0.0000226,0.0000000,0.0000000
42229,0.0000226,0.0000000,0.0000000
42230,0.0000226,0.0000000,0.0000000
42231,0.0000226,0.0000000,0.0000000
42232,0.0000226,0.0000000,0.0000000
42233,0.0000226,0.0000000,0.0000000
42234,0.0000226,0.0000000,0.0000000
42235,0.0000226,0.0000000,0.0000000
42236,0.0000226,0.0000000,0.0000000
42237,0.0000226,0.0000000,0.0000000
42238,0.0000226,0.0000000,0.0000000
42239,0.0000226,0.0000000,0.0000000
42240,0.0000226,0.0000000,0.0000000
42241,0.0000226,0.0000000,0.0000000
42242,0.0000226,0.0000000,0.0000000
42243,0.0000226,0.0000000,0.0000000
42244,0.0000226,0.0000000,0.0000000
42245,0.0000226,0.0000000,0.0000000
42246,0.0000226,0.0000000,0.0000000
42247,0.0000226,0.0000000,0.0000000
42248,0.0000226,0.0000000,0.0000000
42249,0.0000226,0.0000000,0.0000000
42250,0.0000226,0.0000000,0.0000000
42251,0.0000226,0.0000000,0.0000000
42252,0.0000226,0.0000000,0.0000000
42253,0.0000226,0.0000000,0.0000000
42254,0.0000226,0.0000000,0.0000000
42255,0.0000226,0.0000000,0.0000000
42256,0.0000225,0.0000000,0.0000000
42257,0.0000225,0.0000000,0.0000000
42258,0.0000225,0.0000000,0.0000000
42259,0.0000225,0.0000000,0.0000000
42260,0.0000225,0.0000000,0.0000000
42261,0.0000225,0.0000000,0.0000000
42262,0.0000225,0.0000000,0.0000000
42263,0.0000225,0.0000000,0.0000000
42264,0.0000225,0.0000000,0.0000000
42265,0.0000225,0.0000000,0.0000000
42266,0.0000225,0.0000000,0.0000000
42267,0.0000225,0.0000000,0.0000000
42268,0.0000225,0.0000000,0.0000000
42269,0.0000225,0.0000000,0.0000000
42270,0.0000225,0.0000000,0.0000000
42271,0.0000225,0.0000000,0.0000000
42272,0.0000225,0.0000000,0.0000000
42273,0.0000225,0.0000000,0.0000000
42274,0.0000225,0.0000000,0.0000000
42275,0.0000225,0.0000000,0.0000000
42276,0.0000225,0.0000000,0.0000000
42277,0.0000225,0.0000000,0.0000000
42278,0.0000225,0.0000000,0.0000000
42279,0.0000225,0.0000000,0.0000000
42280,0.0000225,0.0000000,0.0000000
42281,0.0000225,0.0000000,0.0000000
42282,0.0000225,0.0000000,0.0000000
42283,0.0000225,0.0000000,0.0000000
42284,0.0000224,0.0000000,0.0000000
42285,0.0000224,0.0000000,0.0000000
42286,0.0000224,0.0000000,0.0000000
42287,0.0000224,0.0000000,0.0000000
42288,0.0000224,0.0000000,0.0000000
42289,0.0000224,0.0000000,0.0000000
42290,0.0000224,0.0000000,0.0000000
42291,0.0000224,0.0000000,0.0000000
42292,0.0000224,0.0000000,0.0000000
42293,0.0000224,0.0000000,0.0000000
42294,0.0000224,0.0000000,0.0000000
42295,0.0000224,0.0000000,0.0000000
42296,0.0000224,0.0000000,0.0000000
42297,0.0000224,0.0000000,0.0000000
42298,0.0000224,0.0000000,0.0000000
42299,0.0000224,0.0000000,0.0000000
42300,0.0000224,0.0000000,0.0000000
42301,0.0000224,0.0000000,0.0000000
42302,0.0000224,0.0000000,0.0000000
42303,0.0000224,0.0000000,0.0000000
42304,0.0000224,0.0000000,0.0000000
42305,0.0000224,0.0000000,0.0000000
42306,0.0000224,0.0000000,0.0000000
42307,0.0000224,0.0000000,0.0000000
42308,0.0000224,0.0000000,0.0000000
42309,0.0000224,0.0000000,0.0000000
42310,0.0000224,0.0000000,0.0000000
42311,0.0000224,0.0000000,0.0000000
42312,0.0000224,0.0000000,0.0000000
42313,0.0000223,0.0000000,0.0000000
42314,0.0000223,0.0000000,0.0000000
42315,0.0000223,0.0000000,0.0000000
42316,0.0000223,0.0000000,0.0000000
42317,0.0000223,0.0000000,0.0000000
42318,0.0000223,0.0000000,0.0000000
42319,0.0000223,0.0000000,0.0000000
42320,0.0000223,0.0000000,0.0000000
42321,0.0000223,0.0000000,0.0000000
42322,0.0000223,0.0000000,0.0000000
42323,0.0000223,0.0000000,0.0000000
42324,0.0000223,0.0000000,0.0000000
42325,0.0000223,0.0000000,0.0000000
42326,0.0000223,0.0000000,0.0000000
42327,0.0000223,0.0000000,0.0000000
42328,0.0000223,0.0000000,0.0000000
42329,0.0000223,0.0000000,0.0000000
42330,0.0000223,0.0000000,0.0000000
42331,0.0000223,0.0000000,0.0000000
42332,0.0000223,0.0000000,0.0000000
42333,0.0000223,0.0000000,0.0000000
42334,0.0000223,0.0000000,0.0000000
42335,0.0000223,0.0000000,0.0000000
42336,0.0000223,0.0000000,0.0000000
42337,0.0000223,0.0000000,0.0000000
42338,0.0000223,0.0000000,0.0000000
42339,0.0000223,0.0000000,0.0000000
42340,0.0000223,0.0000000,0.0000000
42341,0.0000222,0.0000000,0.0000000
42342,0.0000222,0.0000000,0.0000000
42343,0.0000222,0.0000000,0.0000000
42344,0.0000222,0.0000000,0.0000000
42345,0.0000222,0.0000000,0.0000000
42346,0.0000222,0.0000000,0.0000000
42347,0.0000222,0.0000000,0.0000000
42348,0.0000222,0.0000000,0.0000000
42349,0.0000222,0.0000000,0.0000000
42350,0.0000222,0.0000000,0.0000000
42351,0.0000222,0.0000000,0.0000000
42352,0.0000222,0.0000000,0.0000000
42353,0.0000222,0.0000000,0.0000000
42354,0.0000222,0.0000000,0.0000000
42355,0.0000222,0.0000000,0.0000000
42356,0.0000222,0.0000000,0.0000000
42357,0.0000222,0.0000000,0.0000000
42358,0.0000222,0.0000000,0.0000000
42359,0.0000222,0.0000000,0.0000000
42360,0.0000222,0.0000000,0.0000000
42361,0.0000222,0.0000000,0.0000000
42362,0.0000222,0.0000000,0.0000000
42363,0.0000222,0.0000000,0.0000000
42364,0.0000222,0.0000000,0.0000000
42365,0.0000222,0.0000000,0.0000000
42366,0.0000222,0.0000000,0.0000000
42367,0.0000222,0.0000000,0.0000000
42368,0.0000222,0.0000000,0.0000000
42369,0.0000222,0.0000000,0.0000000
42370,0.0000221,0.0000000,0.0000000
42371,0.0000221,0.0000000,0.0000000
42372,0.0000221,0.0000000,0.0000000
42373,0.0000221,0.0000000,0.0000000
42374,0.0000221,0.0000000,0.0000000
42375,0.0000221,0.0000000,0.0000000
42376,0.0000221,0.0000000,0.0000000
42377,0.0000221,0.0000000,0.0000000
42378,0.0000221,0.0000000,0.0000000
42379,0.0000221,0.0000000,0.0000000
42380,0.0000221,0.0000000,0.0000000
42381,0.0000221,0.0000000,0.0000000
42382,0.0000221,0.0000000,0.0000000
42383,0.0000221,0.0000000,0.0000000
42384,0.0000221,0.0000000,0.0000000
42385,0.0000221,0.0000000,0.0000000
42386,0.0000221,0.0000000,0.0000000
42387,0.0000221,0.0000000,0.0000000
42388,0.0000221,0.0000000,0.0000000
42389,0.0000221,0.0000000,0.0000000
42390,0.0000221,0.0000000,0.0000000
42391,0.0000221,0.0000000,0.0000000
42392,0.0000221,0.0000000,0.0000000
42393,0.0000221,0.0000000,0.0000000
42394,0.0000221,0.0000000,0.0000000
42395,0.0000221,0.0000000,0.0000000
42396,0.0000221,0.0000000,0.0000000
42397,0.0000221,0.0000000,0.0000000
42398,0.0000221,0.0000000,0.0000000
42399,0.0000220,0.0000000,0.0000000
42400,0.0000220,0.0000000,0.0000000
42401,0.0000220,0.0000000,0.0000000
42402,0.0000220,0.0000000,0.0000000
42403,0.0000220,0.0000000,0.0000000
42404,0.0000220,0.0000000,0.0000000
42405,0.0000220,0.0000000,0.0000000
42406,0.0000220,0.0000000,0.0000000
42407,0.0000220,0.0000000,0.0000000
42408,0.0000220,0.0000000,0.0000000
42409,0.0000220,0.0000000,0.0000000
42410,0.0000220,0.0000000,0.0000000
42411,0.0000220,0.0000000,0.0000000
42412,0.0000220,0.0000000,0.0000000
42413,0.0000220,0.0000000,0.0000000
42414,0.0000220,0.0000000,0.0000000
42415,0.0000220,0.0000000,0.0000000
42416,0.0000220,0.0000000,0.0000000
42417,0.0000220,0.0000000,0.0000000
42418,0.0000220,0.0000000,0.0000000
42419,0.0000220,0.0000000,0.0000000
42420,0.0000220,0.0000000,0.0000000
42421,0.0000220,0.0000000,0.0000000
42422,0.0000220,0.0000000,0.0000000
42423,0.0000220,0.0000000,0.0000000
42424,0.0000220,0.0000000,0.0000000
42425,0.0000220,0.0000000,0.0000000
42426,0.0000220,0.0000000,0.0000000
42427,0.0000220,0.0000000,0.0000000
42428,0.0000219,0.0000000,0.0000000
42429,0.0000219,0.0000000,0.0000000
42430,0.0000219,0.0000000,0.0000000
42431,0.0000219,0.0000000,0.0000000
42432,0.0000219,0.0000000,0.0000000
42433,0.0000219,0.0000000,0.0000000
42434,0.0000219,0.0000000,0.0000000
42435,0.0000219,0.0000000,0.0000000
42436,0.0000219,0.0000000,0.0000000
42437,0.0000219,0.0000000,0.0000000
42438,0.0000219,0.0000000,0.0000000
42439,0.0000219,0.0000000,0.0000000
42440,0.0000219,0.0000000,0.0000000
42441,0.0000219,0.0000000,0.0000000
42442,0.0000219,0.0000000,0.0000000
42443,0.0000219,0.0000000,0.0000000
42444,0.0000219,0.0000000,0.0000000
42445,0.0000219,0.0000000,0.0000000
42446,0.0000219,0.0000000,0.0000000
42447,0.0000219,0.0000000,0.0000000
42448,0.0000219,0.0000000,0.0000000
42449,0.0000219,0.0000000,0.0000000
42450,0.0000219,0.0000000,0.0000000
42451,0.0000219,0.0000000,0.0000000
42452,0.0000219,0.0000000,0.0000000
42453,0.0000219,0.0000000,0.0000000
42454,0.0000219,0.0000000,0.0000000
42455,0.0000219,0.0000000,0.0000000
42456,0.0000219,0.0000000,0.0000000
42457,0.0000218,0.0000000,0.0000000
42458,0.0000218,0.0000000,0.0000000
42459,0.0000218,0.0000000,0.0000000
42460,0.0000218,0.0000000,0.0000000
42461,0.0000218,0.0000000,0.0000000
42462,0.0000218,0.0000000,0.0000000
42463,0.0000218,0.0000000,0.0000000
42464,0.0000218,0.0000000,0.0000000
42465,0.0000218,0.0000000,0.0000000
42466,0.0000218,0.0000000,0.0000000
42467,0.0000218,0.0000000,0.0000000
42468,0.0000218,0.0000000,0.0000000
42469,0.0000218,0.0000000,0.0000000
42470,0.0000218,0.0000000,0.0000000
42471,0.0000218,0.0000000,0.0000000
42472,0.0000218,0.0000000,0.0000000
42473,0.0000218,0.0000000,0.0000000
42474,0.0000218,0.0000000,0.0000000
42475,0.0000218,0.0000000,0.0000000
42476,0.0000218,0.0000000,0.0000000
42477,0.0000218,0.0000000,0.0000000
42478,0.0000218,0.0000000,0.0000000
42479,0.0000218,0.0000000,0.0000000
42480,0.0000218,0.0000000,0.0000000
42481,0.0000218,0.0000000,0.0000000
42482,0.0000218,0.0000000,0.0000000
42483,0.0000218,0.0000000,0.0000000
42484,0.0000218,0.0000000,0.0000000
42485,0.0000218,0.0000000,0.0000000
42486,0.0000218,0.0000000,0.0000000
42487,0.0000217,0.0000000,0.0000000
42488,0.0000217,0.0000000,0.0000000
42489,0.0000217,0.0000000,0.0000000
42490,0.0000217,0.0000000,0.0000000
42491,0.0000217,0.0000000,0.0000000
42492,0.0000217,0.0000000,0.0000000
42493,0.0000217,0.0000000,0.0000000
42494,0.0000217,0.0000000,0.0000000
42495,0.0000217,0.0000000,0.0000000
42496,0.0000217,0.0000000,0.0000000
42497,0.0000217,0.0000000,0.0000000
42498,0.0000217,0.0000000,0.0000000
42499,0.0000217,0.0000000,0.0000000
42500,0.0000217,0.0000000,0.0000000
42501,0.0000217,0.0000000,0.0000000
42502,0.0000217,0.0000000,0.0000000
42503,0.0000217,0.0000000,0.0000000
42504,0.0000217,0.0000000,0.0000000
42505,0.0000217,0.0000000,0.0000000
42506,0.0000217,0.0000000,0.0000000
42507,0.0000217,0.0000000,0.0000000
42508,0.0000217,0.0000000,0.0000000
42509,0.0000217,0.0000000,0.0000000
42510,0.0000217,0.0000000,0.0000000
42511,0.0000217,0.0000000,0.0000000
42512,0.0000217,0.0000000,0.0000000
42513,0.0000217,0.0000000,0.0000000
42514,0.0000217,0.0000000,0.0000000
42515,0.0000217,0.0000000,0.0000000
42516,0.0000216,0.0000000,0.0000000
42517,0.0000216,0.0000000,0.0000000
42518,0.0000216,0.0000000,0.0000000
42519,0.0000216,0.0000000,0.0000000
42520,0.0000216,0.0000000,0.0000000
42521,0.0000216,0.0000000,0.0000000
42522,0.0000216,0.0000000,0.0000000
42523,0.0000216,0.0000000,0.0000000
42524,0.0000216,0.0000000,0.0000000
42525,0.0000216,0.0000000,0.0000000
42526,0.0000216,0.0000000,0.0000000
42527,0.0000216,0.0000000,0.0000000
42528,0.0000216,0.0000000,0.0000000
42529,0.0000216,0.0000000,0.0000000
42530,0.0000216,0.0000000,0.0000000
42531,0.0000216,0.0000000,0.0000000
42532,0.0000216,0.0000000,0.0000000
42533,0.0000216,0.0000000,0.0000000
42534,0.0000216,0.0000000,0.0000000
42535,0.0000216,0.0000000,0.0000000
42536,0.0000216,0.0000000,0.0000000
42537,0.0000216,0.0000000,0.0000000
42538,0.0000216,0.0000000,0.0000000
42539,0.0000216,0.0000000,0.0000000
42540,0.0000216,0.0000000,0.0000000
42541,0.0000216,0.0000000,0.0000000
42542,0.0000216,0.0000000,0.0000000
42543,0.0000216,0.0000000,0.0000000
42544,0.0000216,0.0000000,0.0000000
42545,0.0000216,0.0000000,0.0000000
42546,0.0000215,0.0000000,0.0000000
42547,0.0000215,0.0000000,0.0000000
42548,0.0000215,0.0000000,0.0000000
42549,0.0000215,0.0000000,0.0000000
42550,0.0000215,0.0000000,0.0000000
42551,0.0000215,0.0000000,0.0000000
42552,0.0000215,0.0000000,0.0000000
42553,0.0000215,0.0000000,0.0000000
42554,0.0000215,0.0000000,0.0000000
42555,0.0000215,0.0000000,0.0000000
42556,0.0000215,0.0000000,0.0000000
42557,0.0000215,0.0000000,0.0000000
42558,0.0000215,0.0000000,0.0000000
42559,0.0000215,0.0000000,0.0000000
42560,0.0000215,0.0000000,0.0000000
42561,0.0000215,0.0000000,0.0000000
42562,0.0000215,0.0000000,0.0000000
42563,0.0000215,0.0000000,0.0000000
42564,0.0000215,0.0000000,0.0000000
42565,0.0000215,0.0000000,0.0000000
42566,0.0000215,0.0000000,0.0000000
42567,0.0000215,0.0000000,0.0000000
42568,0.0000215,0.0000000,0.0000000
42569,0.0000215,0.0000000,0.0000000
42570,0.0000215,0.0000000,0.0000000
42571,0.0000215,0.0000000,0.0000000
42572,0.0000215,0.0000000,0.0000000
42573,0.0000215,0.0000000,0.0000000
42574,0.0000215,0.0000000,0.0000000
42575,0.0000214,0.0000000,0.0000000
42576,0.0000214,0.0000000,0.0000000
42577,0.0000214,0.0000000,0.0000000
42578,0.0000214,0.0000000,0.0000000
42579,0.0000214,0.0000000,0.0000000
42580,0.0000214,0.0000000,0.0000000
42581,0.0000214,0.0000000,0.0000000
42582,0.0000214,0.0000000,0.0000000
42583,0.0000214,0.0000000,0.0000000
42584,0.0000214,0.0000000,0.0000000
42585,0.0000214,0.0000000,0.0000000
42586,0.0000214,0.0000000,0.0000000
42587,0.0000214,0.0000000,0.0000000
42588,0.0000214,0.0000000,0.0000000
42589,0.0000214,0.0000000,0.0000000
42590,0.0000214,0.0000000,0.0000000
42591,0.0000214,0.0000000,0.0000000
42592,0.0000214,0.0000000,0.0000000
42593,0.0000214,0.0000000,0.0000000
42594,0.0000214,0.0000000,0.0000000
42595,0.0000214,0.0000000,0.0000000
42596,0.0000214,0.0000000,0.0000000
42597,0.0000214,0.0000000,0.0000000
42598,0.0000214,0.0000000,0.0000000
42599,0.0000214,0.0000000,0.0000000
42600,0.0000214,0.0000000,0.0000000
42601,0.0000214,0.0000000,0.0000000
42602,0.0000214,0.0000000,0.0000000
42603,0.0000214,0.0000000,0.0000000
42604,0.0000214,0.0000000,0.0000000
42605,0.0000213,0.0000000,0.0000000
42606,0.0000213,0.0000000,0.0000000
42607,0.0000213,0.0000000,0.0000000
42608,0.0000213,0.0000000,0.0000000
42609,0.0000213,0.0000000,0.0000000
42610,0.0000213,0.0000000,0.0000000
42611,0.0000213,0.0000000,0.0000000
42612,0.0000213,0.0000000,0.0000000
42613,0.0000213,0.0000000,0.0000000
42614,0.0000213,0.0000000,0.0000000
42615,0.0000213,0.0000000,0.0000000
42616,0.0000213,0.0000000,0.0000000
42617,0.0000213,0.0000000,0.0000000
42618,0.0000213,0.0000000,0.0000000
42619,0.0000213,0.0000000,0.0000000
42620,0.0000213,0.0000000,0.0000000
42621,0.0000213,0.0000000,0.0000000
42622,0.0000213,0.0000000,0.0000000
42623,0.0000213,0.0000000,0.0000000
42624,0.0000213,0.0000000,0.0000000
42625,0.0000213,0.0000000,0.0000000
42626,0.0000213,0.0000000,0.0000000
42627,0.0000213,0.0000000,0.0000000
42628,0.0000213,0.0000000,0.0000000
42629,0.0000213,0.0000000,0.0000000
42630,0.0000213,0.0000000,0.0000000
42631,0.0000213,0.0000000,0.0000000
42632,0.0000213,0.0000000,0.0000000
42633,0.0000213,0.0000000,0.0000000
42634,0.0000213,0.0000000,0.0000000
42635,0.0000212,0.0000000,0.0000000
42636,0.0000212,0.0000000,0.0000000
42637,0.0000212,0.0000000,0.0000000
42638,0.0000212,0.0000000,0.0000000
42639,0.0000212,0.0000000,0.0000000
42640,0.0000212,0.0000000,0.0000000
42641,0.0000212,0.0000000,0.0000000
42642,0.0000212,0.0000000,0.0000000
42643,0.0000212,0.0000000,0.0000000
42644,0.0000212,0.0000000,0.0000000
42645,0.0000212,0.0000000,0.0000000
42646,0.0000212,0.0000000,0.0000000
42647,0.0000212,0.0000000,0.0000000
42648,0.0000212,0.0000000,0.0000000
42649,0.0000212,0.0000000,0.0000000
42650,0.0000212,0.0000000,0.0000000
42651,0.0000212,0.0000000,0.0000000
42652,0.0000212,0.0000000,0.0000000
42653,0.0000212,0.0000000,0.0000000
42654,0.0000212,0.0000000,0.0000000
42655,0.0000212,0.0000000,0.0000000
42656,0.0000212,0.0000000,0.0000000
42657,0.0000212,0.0000000,0.0000000
42658,0.0000212,0.0000000,0.0000000
42659,0.0000212,0.0000000,0.0000000
42660,0.0000212,0.0000000,0.0000000
42661,0.0000212,0.0000000,0.0000000
42662,0.0000212,0.0000000,0.0000000
42663,0.0000212,0.0000000,0.0000000
42664,0.0000212,0.0000000,0.0000000
42665,0.0000211,0.0000000,0.0000000
42666,0.0000211,0.0000000,0.0000000
42667,0.0000211,0.0000000,0.0000000
42668,0.0000211,0.0000000,0.0000000
42669,0.0000211,0.0000000,0.0000000
42670,0.0000211,0.0000000,0.0000000
42671,0.0000211,0.0000000,0.0000000
42672,0.0000211,0.0000000,0.0000000
42673,0.0000211,0.0000000,0.0000000
42674,0.0000211,0.0000000,0.0000000
42675,0.0000211,0.0000000,0.0000000
42676,0.0000211,0.0000000,0.0000000
42677,0.0000211,0.0000000,0.0000000
42678,0.0000211,0.0000000,0.0000000
42679,0.0000211,0.0000000,0.0000000
42680,0.0000211,0.0000000,0.0000000
42681,0.0000211,0.0000000,0.0000000
42682,0.0000211,0.0000000,0.0000000
42683,0.0000211,0.0000000,0.0000000
42684,0.0000211,0.0000000,0.0000000
42685,0.0000211,0.0000000,0.0000000
42686,0.0000211,0.0000000,0.0000000
42687,0.0000211,0.0000000,0.0000000
42688,0.0000211,0.0000000,0.0000000
42689,0.0000211,0.0000000,0.0000000
42690,0.0000211,0.0000000,0.0000000
42691,0.0000211,0.0000000,0.0000000
42692,0.0000211,0.0000000,0.0000000
42693,0.0000211,0.0000000,0.0000000
42694,0.0000211,0.0000000,0.0000000
42695,0.0000211,0.0000000,0.0000000
42696,0.0000210,0.0000000,0.0000000
42697,0.0000210,0.0000000,0.0000000
42698,0.0000210,0.0000000,0.0000000
42699,0.0000210,0.0000000,0.0000000
42700,0.0000210,0.0000000,0.0000000
42701,0.0000210,0.0000000,0.0000000
42702,0.0000210,0.0000000,0.0000000
42703,0.0000210,0.0000000,0.0000000
42704,0.0000210,0.0000000,0.0000000
42705,0.0000210,0.0000000,0.0000000
42706,0.0000210,0.0000000,0.0000000
42707,0.0000210,0.0000000,0.0000000
42708,0.0000210,0.0000000,0.0000000
42709,0.0000210,0.0000000,0.0000000
42710,0.0000210,0.0000000,0.0000000
42711,0.0000210,0.0000000,0.0000000
42712,0.0000210,0.0000000,0.0000000
42713,0.0000210,0.0000000,0.0000000
42714,0.0000210,0.0000000,0.0000000
42715,0.0000210,0.0000000,0.0000000
42716,0.0000210,0.0000000,0.0000000
42717,0.0000210,0.0000000,0.0000000
42718,0.0000210,0.0000000,0.0000000
42719,0.0000210,0.0000000,0.0000000
42720,0.0000210,0.0000000,0.0000000
42721,0.0000210,0.0000000,0.0000000
42722,0.0000210,0.0000000,0.0000000
42723,0.0000210,0.0000000,0.0000000
42724,0.0000210,0.0000000,0.0000000
42725,0.0000210,0.0000000,0.0000000
42726,0.0000209,0.0000000,0.0000000
42727,0.0000209,0.0000000,0.0000000
42728,0.0000209,0.0000000,0.0000000
42729,0.0000209,0.0000000,0.0000000
42730,0.0000209,0.0000000,0.0000000
42731,0.0000209,0.0000000,0.0000000
42732,0.0000209,0.0000000,0.0000000
42733,0.0000209,0.0000000,0.0000000
42734,0.0000209,0.0000000,0.0000000
42735,0.0000209,0.0000000,0.0000000
42736,0.0000209,0.0000000,0.0000000
42737,0.0000209,0.0000000,0.0000000
42738,0.0000209,0.0000000,0.0000000
42739,0.0000209,0.0000000,0.0000000
42740,0.0000209,0.0000000,0.0000000
42741,0.0000209,0.0000000,0.0000000
42742,0.0000209,0.0000000,0.0000000
42743,0.0000209,0.0000000,0.0000000
42744,0.0000209,0.0000000,0.0000000
42745,0.0000209,0.0000000,0.0000000
42746,0.0000209,0.0000000,0.0000000
42747,0.0000209,0.0000000,0.0000000
42748,0.0000209,0.0000000,0.0000000
42749,0.0000209,0.0000000,0.0000000
42750,0.0000209,0.0000000,0.0000000
42751,0.0000209,0.0000000,0.0000000
42752,0.0000209,0.0000000,0.0000000
42753,0.0000209,0.0000000,0.0000000
42754,0.0000209,0.0000000,0.0000000
42755,0.0000209,0.0000000,0.0000000
42756,0.0000209,0.0000000,0.0000000
42757,0.0000208,0.0000000,0.0000000
42758,0.0000208,0.0000000,0.0000000
42759,0.0000208,0.0000000,0.0000000
42760,0.0000208,0.0000000,0.0000000
42761,0.0000208,0.0000000,0.0000000
42762,0.0000208,0.0000000,0.0000000
42763,0.0000208,0.0000000,0.0000000
42764,0.0000208,0.0000000,0.0000000
42765,0.0000208,0.0000000,0.0000000
42766,0.0000208,0.0000000,0.0000000
42767,0.0000208,0.0000000,0.0000000
42768,0.0000208,0.0000000,0.0000000
42769,0.0000208,0.0000000,0.0000000
42770,0.0000208,0.0000000,0.0000000
42771,0.0000208,0.0000000,0.0000000
42772,0.0000208,0.0000000,0.0000000
42773,0.0000208,0.0000000,0.0000000
42774,0.0000208,0.0000000,0.0000000
42775,0.0000208,0.0000000,0.0000000
42776,0.0000208,0.0000000,0.0000000
42777,0.0000208,0.0000000,0.0000000
42778,0.0000208,0.0000000,0.0000000
42779,0.0000208,0.0000000,0.0000000
42780,0.0000208,0.0000000,0.0000000
42781,0.0000208,0.0000000,0.0000000
42782,0.0000208,0.0000000,0.0000000
42783,0.0000208,0.0000000,0.0000000
42784,0.0000208,0.0000000,0.0000000
42785,0.0000208,0.0000000,0.0000000
42786,0.0000208,0.0000000,0.0000000
42787,0.0000207,0.0000000,0.0000000
42788,0.0000207,0.0000000,0.0000000
42789,0.0000207,0.0000000,0.0000000
42790,0.0000207,0.0000000,0.0000000
42791,0.0000207,0.0000000,0.0000000
42792,0.0000207,0.0000000,0.0000000
42793,0.0000207,0.0000000,0.0000000
42794,0.0000207,0.0000000,0.0000000
42795,0.0000207,0.0000000,0.0000000
42796,0.0000207,0.0000000,0.0000000
42797,0.0000207,0.0000000,0.0000000
42798,0.0000207,0.0000000,0.0000000
42799,0.0000207,0.0000000,0.0000000
42800,0.0000207,0.0000000,0.0000000
42801,0.0000207,0.0000000,0.0000000
42802,0.0000207,0.0000000,0.0000000
42803,0.0000207,0.0000000,0.0000000
42804,0.0000207,0.0000000,0.0000000
42805,0.0000207,0.0000000,0.0000000
42806,0.0000207,0.0000000,0.0000000
42807,0.0000207,0.0000000,0.0000000
42808,0.0000207,0.0000000,0.0000000
42809,0.0000207,0.0000000,0.0000000
42810,0.0000207,0.0000000,0.0000000
42811,0.0000207,0.0000000,0.0000000
42812,0.0000207,0.0000000,0.0000000
42813,0.0000207,0.0000000,0.0000000
42814,0.0000207,0.0000000,0.0000000
42815,0.0000207,0.0000000,0.0000000
42816,0.0000207,0.0000000,0.0000000
42817,0.0000207,0.0000000,0.0000000
42818,0.0000206,0.0000000,0.0000000
42819,0.0000206,0.0000000,0.0000000
42820,0.0000206,0.0000000,0.0000000
42821,0.0000206,0.0000000,0.0000000
42822,0.0000206,0.0000000,0.0000000
42823,0.0000206,0.0000000,0.0000000
42824,0.0000206,0.0000000,0.0000000
42825,0.0000206,0.0000000,0.0000000
42826,0.0000206,0.0000000,0.0000000
42827,0.0000206,0.0000000,0.0000000
42828,0.0000206,0.0000000,0.0000000
42829,0.0000206,0.0000000,0.0000000
42830,0.0000206,0.0000000,0.0000000
42831,0.0000206,0.0000000,0.0000000
42832,0.0000206,0.0000000,0.0000000
42833,0.0000206,0.0000000,0.0000000
42834,0.0000206,0.0000000,0.0000000
42835,0.0000206,0.0000000,0.0000000
42836,0.0000206,0.0000000,0.0000000
42837,0.0000206,0.0000000,0.0000000
42838,0.0000206,0.0000000,0.0000000
42839,0.0000206,0.0000000,0.0000000
42840,0.0000206,0.0000000,0.0000000
42841,0.0000206,0.0000000,0.0000000
42842,0.0000206,0.0000000,0.0000000
42843,0.0000206,0.0000000,0.0000000
42844,0.0000206,0.0000000,0.0000000
42845,0.0000206,0.0000000,0.0000000
42846,0.0000206,0.0000000,0.0000000
42847,0.0000206,0.0000000,0.0000000
42848,0.0000206,0.0000000,0.0000000
42849,0.0000205,0.0000000,0.0000000
42850,0.0000205,0.0000000,0.0000000
42851,0.0000205,0.0000000,0.0000000
42852,0.0000205,0.0000000,0.0000000
42853,0.0000205,0.0000000,0.0000000
42854,0.0000205,0.0000000,0.0000000
42855,0.0000205,0.0000000,0.0000000
42856,0.0000205,0.0000000,0.0000000
42857,0.0000205,0.0000000,0.0000000
42858,0.0000205,0.0000000,0.0000000
42859,0.0000205,0.0000000,0.0000000
42860,0.0000205,0.0000000,0.0000000
42861,0.0000205,0.0000000,0.0000000
42862,0.0000205,0.0000000,0.0000000
42863,0.0000205,0.0000000,0.0000000
42864,0.0000205,0.0000000,0.0000000
42865,0.0000205,0.0000000,0.0000000
42866,0.0000205,0.0000000,0.0000000
42867,0.0000205,0.0000000,0.0000000
42868,0.0000205,0.0000000,0.0000000
42869,0.0000205,0.0000000,0.0000000
42870,0.0000205,0.0000000,0.0000000
42871,0.0000205,0.0000000,0.0000000
42872,0.0000205,0.0000000,0.0000000
42873,0.0000205,0.0000000,0.0000000
42874,0.0000205,0.0000000,0.0000000
42875,0.0000205,0.0000000,0.0000000
42876,0.0000205,0.0000000,0.0000000
42877,0.0000205,0.0000000,0.0000000
42878,0.0000205,0.0000000,0.0000000
42879,0.0000205,0.0000000,0.0000000
42880,0.0000205,0.0000000,0.0000000
42881,0.0000204,0.0000000,0.0000000
42882,0.0000204,0.0000000,0.0000000
42883,0.0000204,0.0000000,0.0000000
42884,0.0000204,0.0000000,0.0000000
42885,0.0000204,0.0000000,0.0000000
42886,0.0000204,0.0000000,0.0000000
42887,0.0000204,0.0000000,0.0000000
42888,0.0000204,0.0000000,0.0000000
42889,0.0000204,0.0000000,0.0000000
42890,0.0000204,0.0000000,0.0000000
42891,0.0000204,0.0000000,0.0000000
42892,0.0000204,0.0000000,0.0000000
42893,0.0000204,0.0000000,0.0000000
42894,0.0000204,0.0000000,0.0000000
42895,0.0000204,0.0000000,0.0000000
42896,0.0000204,0.0000000,0.0000000
42897,0.0000204,0.0000000,0.0000000
42898,0.0000204,0.0000000,0.0000000
42899,0.0000204,0.0000000,0.0000000
42900,0.0000204,0.0000000,0.0000000
42901,0.0000204,0.0000000,0.0000000
42902,0.0000204,0.0000000,0.0000000
42903,0.0000204,0.0000000,0.0000000
42904,0.0000204,0.0000000,0.0000000
42905,0.0000204,0.0000000,0.0000000
42906,0.0000204,0.0000000,0.0000000
42907,0.0000204,0.0000000,0.0000000
42908,0.0000204,0.0000000,0.0000000
42909,0.0000204,0.0000000,0.0000000
42910,0.0000204,0.0000000,0.0000000
42911,0.0000204,0.0000000,0.0000000
42912,0.0000203,0.0000000,0.0000000
42913,0.0000203,0.0000000,0.0000000
42914,0.0000203,0.0000000,0.0000000
42915,0.0000203,0.0000000,0.0000000
42916,0.0000203,0.0000000,0.0000000
42917,0.0000203,0.0000000,0.0000000
42918,0.0000203,0.0000000,0.0000000
42919,0.0000203,0.0000000,0.0000000
42920,0.0000203,0.0000000,0.0000000
42921,0.0000203,0.0000000,0.0000000
42922,0.0000203,0.0000000,0.0000000
42923,0.0000203,0.0000000,0.0000000
42924,0.0000203,0.0000000,0.0000000
42925,0.0000203,0.0000000,0.0000000
42926,0.0000203,0.0000000,0.0000000
42927,0.0000203,0.0000000,0.0000000
42928,0.0000203,0.0000000,0.0000000
42929,0.0000203,0.0000000,0.0000000
42930,0.0000203,0.0000000,0.0000000
42931,0.0000203,0.0000000,0.0000000
42932,0.0000203,0.0000000,0.0000000
42933,0.0000203,0.0000000,0.0000000
42934,0.0000203,0.0000000,0.0000000
42935,0.0000203,0.0000000,0.0000000
42936,0.0000203,0.0000000,0.0000000
42937,0.0000203,0.0000000,0.0000000
42938,0.0000203,0.0000000,0.0000000
42939,0.0000203,0.0000000,0.0000000
42940,0.0000203,0.0000000,0.0000000
42941,0.0000203,0.0000000,0.0000000
42942,0.0000203,0.0000000,0.0000000
42943,0.0000202,0.0000000,0.0000000
42944,0.0000202,0.0000000,0.0000000
42945,0.0000202,0.0000000,0.0000000
42946,0.0000202,0.0000000,0.0000000
42947,0.0000202,0.0000000,0.0000000
42948,0.0000202,0.0000000,0.0000000
42949,0.0000202,0.0000000,0.0000000
42950,0.0000202,0.0000000,0.0000000
42951,0.0000202,0.0000000,0.0000000
42952,0.0000202,0.0000000,0.0000000
42953,0.0000202,0.0000000,0.0000000
42954,0.0000202,0.0000000,0.0000000
42955,0.0000202,0.0000000,0.0000000
42956,0.0000202,0.0000000,0.0000000
42957,0.0000202,0.0000000,0.0000000
42958,0.0000202,0.0000000,0.0000000
42959,0.0000202,0.0000000,0.0000000
42960,0.0000202,0.0000000,0.0000000
42961,0.0000202,0.0000000,0.0000000
42962,0.0000202,0.0000000,0.0000000
42963,0.0000202,0.0000000,0.0000000
42964,0.0000202,0.0000000,0.0000000
42965,0.0000202,0.0000000,0.0000000
42966,0.0000202,0.0000000,0.0000000
42967,0.0000202,0.0000000,0.0000000
42968,0.0000202,0.0000000,0.0000000
42969,0.0000202,0.0000000,0.0000000
42970,0.0000202,0.0000000,0.0000000
42971,0.0000202,0.0000000,0.0000000
42972,0.0000202,0.0000000,0.0000000
42973,0.0000202,0.0000000,0.0000000
42974,0.0000202,0.0000000,0.0000000
42975,0.0000201,0.0000000,0.0000000
42976,0.0000201,0.0000000,0.0000000
42977,0.0000201,0.0000000,0.0000000
42978,0.0000201,0.0000000,0.0000000
42979,0.0000201,0.0000000,0.0000000
42980,0.0000201,0.0000000,0.0000000
42981,0.0000201,0.0000000,0.0000000
42982,0.0000201,0.0000000,0.0000000
42983,0.0000201,0.0000000,0.0000000
42984,0.0000201,0.0000000,0.0000000
42985,0.0000201,0.0000000,0.0000000
42986,0.0000201,0.0000000,0.0000000
42987,0.0000201,0.0000000,0.0000000
42988,0.0000201,0.0000000,0.0000000
42989,0.0000201,0.0000000,0.0000000
42990,0.0000201,0.0000000,0.0000000
42991,0.0000201,0.0000000,0.0000000
42992,0.0000201,0.0000000,0.0000000
42993,0.0000201,0.0000000,0.0000000
42994,0.0000201,0.0000000,0.0000000
42995,0.0000201,0.0000000,0.0000000
42996,0.0000201,0.0000000,0.0000000
42997,0.0000201,0.0000000,0.0000000
42998,0.0000201,0.0000000,0.0000000
42999,0.0000201,0.0000000,0.0000000
43000,0.0000201,0.0000000,0.0000000
43001,0.0000201,0.0000000,0.0000000
43002,0.0000201,0.0000000,0.0000000
43003,0.0000201,0.0000000,0.0000000
43004,0.0000201,0.0000000,0.0000000
43005,0.0000201,0.0000000,0.0000000
43006,0.0000201,0.0000000,0.0000000
43007,0.0000200,0.0000000,0.0000000
43008,0.0000200,0.0000000,0.0000000
43009,0.0000200,0.0000000,0.0000000
43010,0.0000200,0.0000000,0.0000000
43011,0.0000200,0.0000000,0.0000000
43012,0.0000200,0.0000000,0.0000000
43013,0.0000200,0.0000000,0.0000000
43014,0.0000200,0.0000000,0.0000000
43015,0.0000200,0.0000000,0.0000000
43016,0.0000200,0.0000000,0.0000000
43017,0.0000200,0.0000000,0.0000000
43018,0.0000200,0.0000000,0.0000000
43019,0.0000200,0.0000000,0.0000000
43020,0.0000200,0.0000000,0.0000000
43021,0.0000200,0.0000000,0.0000000
43022,0.0000200,0.0000000,0.0000000
43023,0.0000200,0.0000000,0.0000000
43024,0.0000200,0.0000000,0.0000000
43025,0.0000200,0.0000000,0.0000000
43026,0.0000200,0.0000000,0.0000000
43027,0.0000200,0.0000000,0.0000000
43028,0.0000200,0.0000000,0.0000000
43029,0.0000200,0.0000000,0.0000000
43030,0.0000200,0.0000000,0.0000000
43031,0.0000200,0.0000000,0.0000000
43032,0.0000200,0.0000000,0.0000000
43033,0.0000200,0.0000000,0.0000000
43034,0.0000200,0.0000000,0.0000000
43035,0.0000200,0.0000000,0.0000000
43036,0.0000200,0.0000000,0.0000000
43037,0.0000200,0.0000000,0.0000000
43038,0.0000200,0.0000000,0.0000000
43039,0.0000199,0.0000000,0.0000000
43040,0.0000199,0.0000000,0.0000000
43041,0.0000199,0.0000000,0.0000000
43042,0.0000199,0.0000000,0.0000000
43043,0.0000199,0.0000000,0.0000000
43044,0.0000199,0.0000000,0.0000000
43045,0.0000199,0.0000000,0.0000000
43046,0.0000199,0.0000000,0.0000000
43047,0.0000199,0.0000000,0.0000000
43048,0.0000199,0.0000000,0.0000000
43049,0.0000199,0.0000000,0.0000000
43050,0.0000199,0.0000000,0.0000000
43051,0.0000199,0.0000000,0.0000000
43052,0.0000199,0.0000000,0.0000000
43053,0.0000199,0.0000000,0.0000000
43054,0.0000199,0.0000000,0.0000000
43055,0.0000199,0.0000000,0.0000000
43056,0.0000199,0.0000000,0.0000000
43057,0.0000199,0.0000000,0.0000000
43058,0.0000199,0.0000000,0.0000000
43059,0.0000199,0.0000000,0.0000000
43060,0.0000199,0.0000000,0.0000000
43061,0.0000199,0.0000000,0.0000000
43062,0.0000199,0.0000000,0.0000000
43063,0.0000199,0.0000000,0.0000000
43064,0.0000199,0.0000000,0.0000000
43065,0.0000199,0.0000000,0.0000000
43066,0.0000199,0.0000000,0.0000000
43067,0.0000199,0.0000000,0.0000000
43068,0.0000199,0.0000000,0.0000000
43069,0.0000199,0.0000000,0.0000000
43070,0.0000199,0.0000000,0.0000000
43071,0.0000198,0.0000000,0.0000000
43072,0.0000198,0.0000000,0.0000000
43073,0.0000198,0.0000000,0.0000000
43074,0.0000198,0.0000000,0.0000000
43075,0.0000198,0.0000000,0.0000000
43076,0.0000198,0.0000000,0.0000000
43077,0.0000198,0.0000000,0.0000000
43078,0.0000198,0.0000000,0.0000000
43079,0.0000198,0.0000000,0.0000000
43080,0.0000198,0.0000000,0.0000000
43081,0.0000198,0.0000000,0.0000000
43082,0.0000198,0.0000000,0.0000000
43083,0.0000198,0.0000000,0.0000000
43084,0.0000198,0.0000000,0.0000000
43085,0.0000198,0.0000000,0.0000000
43086,0.0000198,0.0000000,0.0000000
43087,0.0000198,0.0000000,0.0000000
43088,0.0000198,0.0000000,0.0000000
43089,0.0000198,0.0000000,0.0000000
43090,0.0000198,0.0000000,0.0000000
43091,0.0000198,0.0000000,0.0000000
43092,0.0000198,0.0000000,0.0000000
43093,0.0000198,0.0000000,0.0000000
43094,0.0000198,0.0000000,0.0000000
43095,0.0000198,0.0000000,0.0000000
43096,0.0000198,0.0000000,0.0000000
43097,0.0000198,0.0000000,0.0000000
43098,0.0000198,0.0000000,0.0000000
43099,0.0000198,0.0000000,0.0000000
43100,0.0000198,0.0000000,0.0000000
43101,0.0000198,0.0000000,0.0000000
43102,0.0000198,0.0000000,0.0000000
43103,0.0000198,0.0000000,0.0000000
43104,0.0000197,0.0000000,0.0000000
43105,0.0000197,0.0000000,0.0000000
43106,0.0000197,0.0000000,0.0000000
43107,0.0000197,0.0000000,0.0000000
43108,0.0000197,0.0000000,0.0000000
43109,0.0000197,0.0000000,0.0000000
43110,0.0000197,0.0000000,0.0000000
43111,0.0000197,0.0000000,0.0000000
43112,0.0000197,0.0000000,0.0000000
43113,0.0000197,0.0000000,0.0000000
43114,0.0000197,0.0000000,0.0000000
43115,0.0000197,0.0000000,0.0000000
43116,0.0000197,0.0000000,0.0000000
43117,0.0000197,0.0000000,0.0000000
43118,0.0000197,0.0000000,0.0000000
43119,0.0000197,0.0000000,0.0000000
43120,0.0000197,0.0000000,0.0000000
43121,0.0000197,0.0000000,0.0000000
43122,0.0000197,0.0000000,0.0000000
43123,0.0000197,0.0000000,0.0000000
43124,0.0000197,0.0000000,0.0000000
43125,0.0000197,0.0000000,0.0000000
43126,0.0000197,0.0000000,0.0000000
43127,0.0000197,0.0000000,0.0000000
43128,0.0000197,0.0000000,0.0000000
43129,0.0000197,0.0000000,0.0000000
43130,0.0000197,0.0000000,0.0000000
43131,0.0000197,0.0000000,0.0000000
43132,0.0000197,0.0000000,0.0000000
43133,0.0000197,0.0000000,0.0000000
43134,0.0000197,0.0000000,0.0000000
43135,0.0000197,0.0000000,0.0000000
43136,0.0000196,0.0000000,0.0000000
43137,0.0000196,0.0000000,0.0000000
43138,0.0000196,0.0000000,0.0000000
43139,0.0000196,0.0000000,0.0000000
43140,0.0000196,0.0000000,0.0000000
43141,0.0000196,0.0000000,0.0000000
43142,0.0000196,0.0000000,0.0000000
43143,0.0000196,0.0000000,0.0000000
43144,0.0000196,0.0000000,0.0000000
43145,0.0000196,0.0000000,0.0000000
43146,0.0000196,0.0000000,0.0000000
43147,0.0000196,0.0000000,0.0000000
43148,0.0000196,0.0000000,0.0000000
43149,0.0000196,0.0000000,0.0000000
43150,0.0000196,0.0000000,0.0000000
43151,0.0000196,0.0000000,0.0000000
43152,0.0000196,0.0000000,0.0000000
43153,0.0000196,0.0000000,0.0000000
43154,0.0000196,0.0000000,0.0000000
43155,0.0000196,0.0000000,0.0000000
43156,0.0000196,0.0000000,0.0000000
43157,0.0000196,0.0000000,0.0000000
43158,0.0000196,0.0000000,0.0000000
43159,0.0000196,0.0000000,0.0000000
43160,0.0000196,0.0000000,0.0000000
43161,0.0000196,0.0000000,0.0000000
43162,0.0000196,0.0000000,0.0000000
43163,0.0000196,0.0000000,0.0000000
43164,0.0000196,0.0000000,0.0000000
43165,0.0000196,0.0000000,0.0000000
43166,0.0000196,0.0000000,0.0000000
43167,0.0000196,0.0000000,0.0000000
43168,0.0000196,0.0000000,0.0000000
43169,0.0000195,0.0000000,0.0000000
43170,0.0000195,0.0000000,0.0000000
43171,0.0000195,0.0000000,0.0000000
43172,0.0000195,0.0000000,0.0000000
43173,0.0000195,0.0000000,0.0000000
43174,0.0000195,0.0000000,0.0000000
43175,0.0000195,0.0000000,0.0000000
43176,0.0000195,0.0000000,0.0000000
43177,0.0000195,0.0000000,0.0000000
43178,0.0000195,0.0000000,0.0000000
43179,0.0000195,0.0000000,0.0000000
43180,0.0000195,0.0000000,0.0000000
43181,0.0000195,0.0000000,0.0000000
43182,0.0000195,0.0000000,0.0000000
43183,0.0000195,0.0000000,0.0000000
43184,0.0000195,0.0000000,0.0000000
43185,0.0000195,0.0000000,0.0000000
43186,0.0000195,0.0000000,0.0000000
43187,0.0000195,0.0000000,0.0000000
43188,0.0000195,0.0000000,0.0000000
43189,0.0000195,0.0000000,0.0000000
43190,0.0000195,0.0000000,0.0000000
43191,0.0000195,0.0000000,0.0000000
43192,0.0000195,0.0000000,0.0000000
43193,0.0000195,0.0000000,0.0000000
43194,0.0000195,0.0000000,0.0000000
43195,0.0000195,0.0000000,0.0000000
43196,0.0000195,0.0000000,0.0000000
43197,0.0000195,0.0000000,0.0000000
43198,0.0000195,0.0000000,0.0000000
43199,0.0000195,0.0000000,0.0000000
43200,0.0000195,0.0000000,0.0000000
43201,0.0000195,0.0000000,0.0000000
43202,0.0000194,0.0000000,0.0000000
43203,0.0000194,0.0000000,0.0000000
43204,0.0000194,0.0000000,0.0000000
43205,0.0000194,0.0000000,0.0000000
43206,0.0000194,0.0000000,0.0000000
43207,0.0000194,0.0000000,0.0000000
43208,0.0000194,0.0000000,0.0000000
43209,0.0000194,0.0000000,0.0000000
43210,0.0000194,0.0000000,0.0000000
43211,0.0000194,0.0000000,0.0000000
43212,0.0000194,0.0000000,0.0000000
43213,0.0000194,0.0000000,0.0000000
43214,0.0000194,0.0000000,0.0000000
43215,0.0000194,0.0000000,0.0000000
43216,0.0000194,0.0000000,0.0000000
43217,0.0000194,0.0000000,0.0000000
43218,0.0000194,0.0000000,0.0000000
43219,0.0000194,0.0000000,0.0000000
43220,0.0000194,0.0000000,0.0000000
43221,0.0000194,0.0000000,0.0000000
43222,0.0000194,0.0000000,0.0000000
43223,0.0000194,0.0000000,0.0000000
43224,0.0000194,0.0000000,0.0000000
43225,0.0000194,0.0000000,0.0000000
43226,0.0000194,0.0000000,0.0000000
43227,0.0000194,0.0000000,0.0000000
43228,0.0000194,0.0000000,0.0000000
43229,0.0000194,0.0000000,0.0000000
43230,0.0000194,0.0000000,0.0000000
43231,0.0000194,0.0000000,0.0000000
43232,0.0000194,0.0000000,0.0000000
43233,0.0000194,0.0000000,0.0000000
43234,0.0000194,0.0000000,0.0000000
43235,0.0000193,0.0000000,0.0000000
43236,0.0000193,0.0000000,0.0000000
43237,0.0000193,0.0000000,0.0000000
43238,0.0000193,0.0000000,0.0000000
43239,0.0000193,0.0000000,0.0000000
43240,0.0000193,0.0000000,0.0000000
43241,0.0000193,0.0000000,0.0000000
43242,0.0000193,0.0000000,0.0000000
43243,0.0000193,0.0000000,0.0000000
43244,0.0000193,0.0000000,0.0000000
43245,0.0000193,0.0000000,0.0000000
43246,0.0000193,0.0000000,0.0000000
43247,0.0000193,0.0000000,0.0000000
43248,0.0000193,0.0000000,0.0000000
43249,0.0000193,0.0000000,0.0000000
43250,0.0000193,0.0000000,0.0000000
43251,0.0000193,0.0000000,0.0000000
43252,0.0000193,0.0000000,0.0000000
43253,0.0000193,0.0000000,0.0000000
43254,0.0000193,0.0000000,0.0000000
43255,0.0000193,0.0000000,0.0000000
43256,0.0000193,0.0000000,0.0000000
43257,0.0000193,0.0000000,0.0000000
43258,0.0000193,0.0000000,0.0000000
43259,0.0000193,0.0000000,0.0000000
43260,0.0000193,0.0000000,0.0000000
43261,0.0000193,0.0000000,0.0000000
43262,0.0000193,0.0000000,0.0000000
43263,0.0000193,0.0000000,0.0000000
43264,0.0000193,0.0000000,0.0000000
43265,0.0000193,0.0000000,0.0000000
43266,0.0000193,0.0000000,0.0000000
43267,0.0000193,0.0000000,0.0000000
43268,0.0000192,0.0000000,0.0000000
43269,0.0000192,0.0000000,0.0000000
43270,0.0000192,0.0000000,0.0000000
43271,0.0000192,0.0000000,0.0000000
43272,0.0000192,0.0000000,0.0000000
43273,0.0000192,0.0000000,0.0000000
43274,0.0000192,0.0000000,0.0000000
43275,0.0000192,0.0000000,0.0000000
43276,0.0000192,0.0000000,0.0000000
43277,0.0000192,0.0000000,0.0000000
43278,0.0000192,0.0000000,0.0000000
43279,0.0000192,0.0000000,0.0000000
43280,0.0000192,0.0000000,0.0000000
43281,0.0000192,0.0000000,0.0000000
43282,0.0000192,0.0000000,0.0000000
43283,0.0000192,0.0000000,0.0000000
43284,0.0000192,0.0000000,0.0000000
43285,0.0000192,0.0000000,0.0000000
43286,0.0000192,0.0000000,0.0000000
43287,0.0000192,0.0000000,0.0000000
43288,0.0000192,0.0000000,0.0000000
43289,0.0000192,0.0000000,0.0000000
43290,0.0000192,0.0000000,0.0000000
43291,0.0000192,0.0000000,0.0000000
43292,0.0000192,0.0000000,0.0000000
43293,0.0000192,0.0000000,0.0000000
43294,0.0000192,0.0000000,0.0000000
43295,0.0000192,0.0000000,0.0000000
43296,0.0000192,0.0000000,0.0000000
43297,0.0000192,0.0000000,0.0000000
43298,0.0000192,0.0000000,0.0000000
43299,0.0000192,0.0000000,0.0000000
43300,0.0000192,0.0000000,0.0000000
43301,0.0000191,0.0000000,0.0000000
43302,0.0000191,0.0000000,0.0000000
43303,0.0000191,0.0000000,0.0000000
43304,0.0000191,0.0000000,0.0000000
43305,0.0000191,0.0000000,0.0000000
43306,0.0000191,0.0000000,0.0000000
43307,0.0000191,0.0000000,0.0000000
43308,0.0000191,0.0000000,0.0000000
43309,0.0000191,0.0000000,0.0000000
43310,0.0000191,0.0000000,0.0000000
43311,0.0000191,0.0000000,0.0000000
43312,0.0000191,0.0000000,0.0000000
43313,0.0000191,0.0000000,0.0000000
43314,0.0000191,0.0000000,0.0000000
43315,0.0000191,0.0000000,0.0000000
43316,0.0000191,0.0000000,0.0000000
43317,0.0000191,0.0000000,0.0000000
43318,0.0000191,0.0000000,0.0000000
43319,0.0000191,0.0000000,0.0000000
43320,0.0000191,0.0000000,0.0000000
43321,0.0000191,0.0000000,0.0000000
43322,0.0000191,0.0000000,0.0000000
43323,0.0000191,0.0000000,0.0000000
43324,0.0000191,0.0000000,0.0000000
43325,0.0000191,0.0000000,0.0000000
43326,0.0000191,0.0000000,0.0000000
43327,0.0000191,0.0000000,0.0000000
43328,0.0000191,0.0000000,0.0000000
43329,0.0000191,0.0000000,0.0000000
43330,0.0000191,0.0000000,0.0000000
43331,0.0000191,0.0000000,0.0000000
43332,0.0000191,0.0000000,0.0000000
43333,0.0000191,0.0000000,0.0000000
43334,0.0000191,0.0000000,0.0000000
43335,0.0000190,0.0000000,0.0000000
43336,0.0000190,0.0000000,0.0000000
43337,0.0000190,0.0000000,0.0000000
43338,0.0000190,0.0000000,0.0000000
43339,0.0000190,0.0000000,0.0000000
43340,0.0000190,0.0000000,0.0000000
43341,0.0000190,0.0000000,0.0000000
43342,0.0000190,0.0000000,0.0000000
43343,0.0000190,0.0000000,0.0000000
43344,0.0000190,0.0000000,0.0000000
43345,0.0000190,0.0000000,0.0000000
43346,0.0000190,0.0000000,0.0000000
43347,0.0000190,0.0000000,0.0000000
43348,0.0000190,0.0000000,0.0000000
43349,0.0000190,0.0000000,0.0000000
43350,0.0000190,0.0000000,0.0000000
43351,0.0000190,0.0000000,0.0000000
43352,0.0000190,0.0000000,0.0000000
43353,0.0000190,0.0000000,0.0000000
43354,0.0000190,0.0000000,0.0000000
43355,0.0000190,0.0000000,0.0000000
43356,0.0000190,0.0000000,0.0000000
43357,0.0000190,0.0000000,0.0000000
43358,0.0000190,0.0000000,0.0000000
43359,0.0000190,0.0000000,0.0000000
43360,0.0000190,0.0000000,0.0000000
43361,0.0000190,0.0000000,0.0000000
43362,0.0000190,0.0000000,0.0000000
43363,0.0000190,0.0000000,0.0000000
43364,0.0000190,0.0000000,0.0000000
43365,0.0000190,0.0000000,0.0000000
43366,0.0000190,0.0000000,0.0000000
43367,0.0000190,0.0000000,0.0000000
43368,0.0000189,0.0000000,0.0000000
43369,0.0000189,0.0000000,0.0000000
43370,0.0000189,0.0000000,0.0000000
43371,0.0000189,0.0000000,0.0000000
43372,0.0000189,0.0000000,0.0000000
43373,0.0000189,0.0000000,0.0000000
43374,0.0000189,0.0000000,0.0000000
43375,0.0000189,0.0000000,0.0000000
43376,0.0000189,0.0000000,0.0000000
43377,0.0000189,0.0000000,0.0000000
43378,0.0000189,0.0000000,0.0000000
43379,0.0000189,0.0000000,0.0000000
43380,0.0000189,0.0000000,0.0000000
43381,0.0000189,0.0000000,0.0000000
43382,0.0000189,0.0000000,0.0000000
43383,0.0000189,0.0000000,0.0000000
43384,0.0000189,0.0000000,0.0000000
43385,0.0000189,0.0000000,0.0000000
43386,0.0000189,0.0000000,0.0000000
43387,0.0000189,0.0000000,0.0000000
43388,0.0000189,0.0000000,0.0000000
43389,0.0000189,0.0000000,0.0000000
43390,0.0000189,0.0000000,0.0000000
43391,0.0000189,0.0000000,0.0000000
43392,0.0000189,0.0000000,0.0000000
43393,0.0000189,0.0000000,0.0000000
43394,0.0000189,0.0000000,0.0000000
43395,0.0000189,0.0000000,0.0000000
43396,0.0000189,0.0000000,0.0000000
43397,0.0000189,0.0000000,0.0000000
43398,0.0000189,0.0000000,0.0000000
43399,0.0000189,0.0000000,0.0000000
43400,0.0000189,0.0000000,0.0000000
43401,0.0000189,0.0000000,0.0000000
43402,0.0000188,0.0000000,0.0000000
43403,0.0000188,0.0000000,0.0000000
43404,0.0000188,0.0000000,0.0000000
43405,0.0000188,0.0000000,0.0000000
43406,0.0000188,0.0000000,0.0000000
43407,0.0000188,0.0000000,0.0000000
43408,0.0000188,0.0000000,0.0000000
43409,0.0000188,0.0000000,0.0000000
43410,0.0000188,0.0000000,0.0000000
43411,0.0000188,0.0000000,0.0000000
43412,0.0000188,0.0000000,0.0000000
43413,0.0000188,0.0000000,0.0000000
43414,0.0000188,0.0000000,0.0000000
43415,0.0000188,0.0000000,0.0000000
43416,0.0000188,0.0000000,0.0000000
43417,0.0000188,0.0000000,0.0000000
43418,0.0000188,0.0000000,0.0000000
43419,0.0000188,0.0000000,0.0000000
43420,0.0000188,0.0000000,0.0000000
43421,0.0000188,0.0000000,0.0000000
43422,0.0000188,0.0000000,0.0000000
43423,0.0000188,0.0000000,0.0000000
43424,0.0000188,0.0000000,0.0000000
43425,0.0000188,0.0000000,0.0000000
43426,0.0000188,0.0000000,0.0000000
43427,0.0000188,0.0000000,0.0000000
43428,0.0000188,0.0000000,0.0000000
43429,0.0000188,0.0000000,0.0000000
43430,0.0000188,0.0000000,0.0000000
43431,0.0000188,0.0000000,0.0000000
43432,0.0000188,0.0000000,0.0000000
43433,0.0000188,0.0000000,0.0000000
43434,0.0000188,0.0000000,0.0000000
43435,0.0000188,0.0000000,0.0000000
43436,0.0000187,0.0000000,0.0000000
43437,0.0000187,0.0000000,0.0000000
43438,0.0000187,0.0000000,0.0000000
43439,0.0000187,0.0000000,0.0000000
43440,0.0000187,0.0000000,0.0000000
43441,0.0000187,0.0000000,0.0000000
43442,0.0000187,0.0000000,0.0000000
43443,0.0000187,0.0000000,0.0000000
43444,0.0000187,0.0000000,0.0000000
43445,0.0000187,0.0000000,0.0000000
43446,0.0000187,0.0000000,0.0000000
43447,0.0000187,0.0000000,0.0000000
43448,0.0000187,0.0000000,0.0000000
43449,0.0000187,0.0000000,0.0000000
43450,0.0000187,0.0000000,0.0000000
43451,0.0000187,0.0000000,0.0000000
43452,0.0000187,0.0000000,0.0000000
43453,0.0000187,0.0000000,0.0000000
43454,0.0000187,0.0000000,0.0000000
43455,0.0000187,0.0000000,0.0000000
43456,0.0000187,0.0000000,0.0000000
43457,0.0000187,0.0000000,0.0000000
43458,0.0000187,0.0000000,0.0000000
43459,0.0000187,0.0000000,0.0000000
43460,0.0000187,0.0000000,0.0000000
43461,0.0000187,0.0000000,0.0000000
43462,0.0000187,0.0000000,0.0000000
43463,0.0000187,0.0000000,0.0000000
43464,0.0000187,0.0000000,0.0000000
43465,0.0000187,0.0000000,0.0000000
43466,0.0000187,0.0000000,0.0000000
43467,0.0000187,0.0000000,0.0000000
43468,0.0000187,0.0000000,0.0000000
43469,0.0000187,0.0000000,0.0000000
43470,0.0000187,0.0000000,0.0000000
43471,0.0000186,0.0000000,0.0000000
43472,0.0000186,0.0000000,0.0000000
43473,0.0000186,0.0000000,0.0000000
43474,0.0000186,0.0000000,0.0000000
43475,0.0000186,0.0000000,0.0000000
43476,0.0000186,0.0000000,0.0000000
43477,0.0000186,0.0000000,0.0000000
43478,0.0000186,0.0000000,0.0000000
43479,0.0000186,0.0000000,0.0000000
43480,0.0000186,0.0000000,0.0000000
43481,0.0000186,0.0000000,0.0000000
43482,0.0000186,0.0000000,0.0000000
43483,0.0000186,0.0000000,0.0000000
43484,0.0000186,0.0000000,0.0000000
43485,0.0000186,0.0000000,0.0000000
43486,0.0000186,0.0000000,0.0000000
43487,0.0000186,0.0000000,0.0000000
43488,0.0000186,0.0000000,0.0000000
43489,0.0000186,0.0000000,0.0000000
43490,0.0000186,0.0000000,0.0000000
43491,0.0000186,0.0000000,0.0000000
43492,0.0000186,0.0000000,0.0000000
43493,0.0000186,0.0000000,0.0000000
43494,0.0000186,0.0000000,0.0000000
43495,0.0000186,0.0000000,0.0000000
43496,0.0000186,0.0000000,0.0000000
43497,0.0000186,0.0000000,0.0000000
43498,0.0000186,0.0000000,0.0000000
43499,0.0000186,0.0000000,0.0000000
43500,0.0000186,0.0000000,0.0000000
43501,0.0000186,0.0000000,0.0000000
43502,0.0000186,0.0000000,0.0000000
43503,0.0000186,0.0000000,0.0000000
43504,0.0000186,0.0000000,0.0000000
43505,0.0000185,0.0000000,0.0000000
43506,0.0000185,0.0000000,0.0000000
43507,0.0000185,0.0000000,0.0000000
43508,0.0000185,0.0000000,0.0000000
43509,0.0000185,0.0000000,0.0000000
43510,0.0000185,0.0000000,0.0000000
43511,0.0000185,0.0000000,0.0000000
43512,0.0000185,0.0000000,0.0000000
43513,0.0000185,0.0000000,0.0000000
43514,0.0000185,0.0000000,0.0000000
43515,0.0000185,0.0000000,0.0000000
43516,0.0000185,0.0000000,0.0000000
43517,0.0000185,0.0000000,0.0000000
43518,0.0000185,0.0000000,0.0000000
43519,0.0000185,0.0000000,0.0000000
43520,0.0000185,0.0000000,0.0000000
43521,0.0000185,0.0000000,0.0000000
43522,0.0000185,0.0000000,0.0000000
43523,0.0000185,0.0000000,0.0000000
43524,0.0000185,0.0000000,0.0000000
43525,0.0000185,0.0000000,0.0000000
43526,0.0000185,0.0000000,0.0000000
43527,0.0000185,0.0000000,0.0000000
43528,0.0000185,0.0000000,0.0000000
43529,0.0000185,0.0000000,0.0000000
43530,0.0000185,0.0000000,0.0000000
43531,0.0000185,0.0000000,0.0000000
43532,0.0000185,0.0000000,0.0000000
43533,0.0000185,0.0000000,0.0000000
43534,0.0000185,0.0000000,0.0000000
43535,0.0000185,0.0000000,0.0000000
43536,0.0000185,0.0000000,0.0000000
43537,0.0000185,0.0000000,0.0000000
43538,0.0000185,0.0000000,0.0000000
43539,0.0000185,0.0000000,0.0000000
43540,0.0000184,0.0000000,0.0000000
43541,0.0000184,0.0000000,0.0000000
43542,0.0000184,0.0000000,0.0000000
43543,0.0000184,0.0000000,0.0000000
43544,0.0000184,0.0000000,0.0000000
43545,0.0000184,0.0000000,0.0000000
43546,0.0000184,0.0000000,0.0000000
43547,0.0000184,0.0000000,0.0000000
43548,0.0000184,0.0000000,0.0000000
43549,0.0000184,0.0000000,0.0000000
43550,0.0000184,0.0000000,0.0000000
43551,0.0000184,0.0000000,0.0000000
43552,0.0000184,0.0000000,0.0000000
43553,0.0000184,0.0000000,0.0000000
43554,0.0000184,0.0000000,0.0000000
43555,0.0000184,0.0000000,0.0000000
43556,0.0000184,0.0000000,0.0000000
43557,0.0000184,0.0000000,0.0000000
43558,0.0000184,0.0000000,0.0000000
43559,0.0000184,0.0000000,0.0000000
43560,0.0000184,0.0000000,0.0000000
43561,0.0000184,0.0000000,0.0000000
43562,0.0000184,0.0000000,0.0000000
43563,0.0000184,0.0000000,0.0000000
43564,0.0000184,0.0000000,0.0000000
43565,0.0000184,0.0000000,0.0000000
43566,0.0000184,0.0000000,0.0000000
43567,0.0000184,0.0000000,0.0000000
43568,0.0000184,0.0000000,0.0000000
43569,0.0000184,0.0000000,0.0000000
43570,0.0000184,0.0000000,0.0000000
43571,0.0000184,0.0000000,0.0000000
43572,0.0000184,0.0000000,0.0000000
43573,0.0000184,0.0000000,0.0000000
43574,0.0000184,0.0000000,0.0000000
43575,0.0000183,0.0000000,0.0000000
43576,0.0000183,0.0000000,0.0000000
43577,0.0000183,0.0000000,0.0000000
43578,0.0000183,0.0000000,0.0000000
43579,0.0000183,0.0000000,0.0000000
43580,0.0000183,0.0000000,0.0000000
43581,0.0000183,0.0000000,0.0000000
43582,0.0000183,0.0000000,0.0000000
43583,0.0000183,0.0000000,0.0000000
43584,0.0000183,0.0000000,0.0000000
43585,0.0000183,0.0000000,0.0000000
43586,0.0000183,0.0000000,0.0000000
43587,0.0000183,0.0000000,0.0000000
43588,0.0000183,0.0000000,0.0000000
43589,0.0000183,0.0000000,0.0000000
43590,0.0000183,0.0000000,0.0000000
43591,0.0000183,0.0000000,0.0000000
43592,0.0000183,0.0000000,0.0000000
43593,0.0000183,0.0000000,0.0000000
43594,0.0000183,0.0000000,0.0000000
43595,0.0000183,0.0000000,0.0000000
43596,0.0000183,0.0000000,0.0000000
43597,0.0000183,0.0000000,0.0000000
43598,0.0000183,0.0000000,0.0000000
43599,0.0000183,0.0000000,0.0000000
43600,0.0000183,0.0000000,0.0000000
43601,0.0000183,0.0000000,0.0000000
43602,0.0000183,0.0000000,0.0000000
43603,0.0000183,0.0000000,0.0000000
43604,0.0000183,0.0000000,0.0000000
43605,0.0000183,0.0000000,0.0000000
43606,0.0000183,0.0000000,0.0000000
43607,0.0000183,0.0000000,0.0000000
43608,0.0000183,0.0000000,0.0000000
43609,0.0000183,0.0000000,0.0000000
43610,0.0000182,0.0000000,0.0000000
43611,0.0000182,0.0000000,0.0000000
43612,0.0000182,0.0000000,0.0000000
43613,0.0000182,0.0000000,0.0000000
43614,0.0000182,0.0000000,0.0000000
43615,0.0000182,0.0000000,0.0000000
43616,0.0000182,0.0000000,0.0000000
43617,0.0000182,0.0000000,0.0000000
43618,0.0000182,0.0000000,0.0000000
43619,0.0000182,0.0000000,0.0000000
43620,0.0000182,0.0000000,0.0000000
43621,0.0000182,0.0000000,0.0000000
43622,0.0000182,0.0000000,0.0000000
43623,0.0000182,0.0000000,0.0000000
43624,0.0000182,0.0000000,0.0000000
43625,0.0000182,0.0000000,0.0000000
43626,0.0000182,0.0000000,0.0000000
43627,0.0000182,0.0000000,0.0000000
43628,0.0000182,0.0000000,0.0000000
43629,0.0000182,0.0000000,0.0000000
43630,0.0000182,0.0000000,0.0000000
43631,0.0000182,0.0000000,0.0000000
43632,0.0000182,0.0000000,0.0000000
43633,0.0000182,0.0000000,0.0000000
43634,0.0000182,0.0000000,0.0000000
43635,0.0000182,0.0000000,0.0000000
43636,0.0000182,0.0000000,0.0000000
43637,0.0000182,0.0000000,0.0000000
43638,0.0000182,0.0000000,0.0000000
43639,0.0000182,0.0000000,0.0000000
43640,0.0000182,0.0000000,0.0000000
43641,0.0000182,0.0000000,0.0000000
43642,0.0000182,0.0000000,0.0000000
43643,0.0000182,0.0000000,0.0000000
43644,0.0000182,0.0000000,0.0000000
43645,0.0000181,0.0000000,0.0000000
43646,0.0000181,0.0000000,0.0000000
43647,0.0000181,0.0000000,0.0000000
43648,0.0000181,0.0000000,0.0000000
43649,0.0000181,0.0000000,0.0000000
43650,0.0000181,0.0000000,0.0000000
43651,0.0000181,0.0000000,0.0000000
43652,0.0000181,0.0000000,0.0000000
43653,0.0000181,0.0000000,0.0000000
43654,0.0000181,0.0000000,0.0000000
43655,0.0000181,0.0000000,0.0000000
43656,0.0000181,0.0000000,0.0000000
43657,0.0000181,0.0000000,0.0000000
43658,0.0000181,0.0000000,0.0000000
43659,0.0000181,0.0000000,0.0000000
43660,0.0000181,0.0000000,0.0000000
43661,0.0000181,0.0000000,0.0000000
43662,0.0000181,0.0000000,0.0000000
43663,0.0000181,0.0000000,0.0000000
43664,0.0000181,0.0000000,0.0000000
43665,0.0000181,0.0000000,0.0000000
43666,0.0000181,0.0000000,0.0000000
43667,0.0000181,0.0000000,0.0000000
43668,0.0000181,0.0000000,0.0000000
43669,0.0000181,0.0000000,0.0000000
43670,0.0000181,0.0000000,0.0000000
43671,0.0000181,0.0000000,0.0000000
43672,0.0000181,0.0000000,0.0000000
43673,0.0000181,0.0000000,0.0000000
43674,0.0000181,0.0000000,0.0000000
43675,0.0000181,0.0000000,0.0000000
43676,0.0000181,0.0000000,0.0000000
43677,0.0000181,0.0000000,0.0000000
43678,0.0000181,0.0000000,0.0000000
43679,0.0000181,0.0000000,0.0000000
43680,0.0000181,0.0000000,0.0000000
43681,0.0000180,0.0000000,0.0000000
43682,0.0000180,0.0000000,0.0000000
43683,0.0000180,0.0000000,0.0000000
43684,0.0000180,0.0000000,0.0000000
43685,0.0000180,0.0000000,0.0000000
43686,0.0000180,0.0000000,0.0000000
43687,0.0000180,0.0000000,0.0000000
43688,0.0000180,0.0000000,0.0000000
43689,0.0000180,0.0000000,0.0000000
43690,0.0000180,0.0000000,0.0000000
43691,0.0000180,0.0000000,0.0000000
43692,0.0000180,0.0000000,0.0000000
43693,0.0000180,0.0000000,0.0000000
43694,0.0000180,0.0000000,0.0000000
43695,0.0000180,0.0000000,0.0000000
43696,0.0000180,0.0000000,0.0000000
43697,0.0000180,0.0000000,0.0000000
43698,0.0000180,0.0000000,0.0000000
43699,0.0000180,0.0000000,0.0000000
43700,0.0000180,0.0000000,0.0000000
43701,0.0000180,0.0000000,0.0000000
43702,0.0000180,0.0000000,0.0000000
43703,0.0000180,0.0000000,0.0000000
43704,0.0000180,0.0000000,0.0000000
43705,0.0000180,0.0000000,0.0000000
43706,0.0000180,0.0000000,0.0000000
43707,0.0000180,0.0000000,0.0000000
43708,0.0000180,0.0000000,0.0000000
43709,0.0000180,0.0000000,0.0000000
43710,0.0000180,0.0000000,0.0000000
43711,0.0000180,0.0000000,0.0000000
43712,0.0000180,0.0000000,0.0000000
43713,0.0000180,0.0000000,0.0000000
43714,0.0000180,0.0000000,0.0000000
43715,0.0000180,0.0000000,0.0000000
43716,0.0000179,0.0000000,0.0000000
43717,0.0000179,0.0000000,0.0000000
43718,0.0000179,0.0000000,0.0000000
43719,0.0000179,0.0000000,0.0000000
43720,0.0000179,0.0000000,0.0000000
43721,0.0000179,0.0000000,0.0000000
43722,0.0000179,0.0000000,0.0000000
43723,0.0000179,0.0000000,0.0000000
43724,0.0000179,0.0000000,0.0000000
43725,0.0000179,0.0000000,0.0000000
43726,0.0000179,0.0000000,0.0000000
43727,0.0000179,0.0000000,0.0000000
43728,0.0000179,0.0000000,0.0000000
43729,0.0000179,0.0000000,0.0000000
43730,0.0000179,0.0000000,0.0000000
43731,0.0000179,0.0000000,0.0000000
43732,0.0000179,0.0000000,0.0000000
43733,0.0000179,0.0000000,0.0000000
43734,0.0000179,0.0000000,0.0000000
43735,0.0000179,0.0000000,0.0000000
43736,0.0000179,0.0000000,0.0000000
43737,0.0000179,0.0000000,0.0000000
43738,0.0000179,0.0000000,0.0000000
43739,0.0000179,0.0000000,0.0000000
43740,0.0000179,0.0000000,0.0000000
43741,0.0000179,0.0000000,0.0000000
43742,0.0000179,0.0000000,0.0000000
43743,0.0000179,0.0000000,0.0000000
43744,0.0000179,0.0000000,0.0000000
43745,0.0000179,0.0000000,0.0000000
43746,0.0000179,0.0000000,0.0000000
43747,0.0000179,0.0000000,0.0000000
43748,0.0000179,0.0000000,0.0000000
43749,0.0000179,0.0000000,0.0000000
43750,0.0000179,0.0000000,0.0000000
43751,0.0000179,0.0000000,0.0000000
43752,0.0000178,0.0000000,0.0000000
43753,0.0000178,0.0000000,0.0000000
43754,0.0000178,0.0000000,0.0000000
43755,0.0000178,0.0000000,0.0000000
43756,0.0000178,0.0000000,0.0000000
43757,0.0000178,0.0000000,0.0000000
43758,0.0000178,0.0000000,0.0000000
43759,0.0000178,0.0000000,0.0000000
43760,0.0000178,0.0000000,0.0000000
43761,0.0000178,0.0000000,0.0000000
43762,0.0000178,0.0000000,0.0000000
43763,0.0000178,0.0000000,0.0000000
43764,0.0000178,0.0000000,0.0000000
43765,0.0000178,0.0000000,0.0000000
43766,0.0000178,0.0000000,0.0000000
43767,0.0000178,0.0000000,0.0000000
43768,0.0000178,0.0000000,0.0000000
43769,0.0000178,0.0000000,0.0000000
43770,0.0000178,0.0000000,0.0000000
43771,0.0000178,0.0000000,0.0000000
43772,0.0000178,0.0000000,0.0000000
43773,0.0000178,0.0000000,0.0000000
43774,0.0000178,0.0000000,0.0000000
43775,0.0000178,0.0000000,0.0000000
43776,0.0000178,0.0000000,0.0000000
43777,0.0000178,0.0000000,0.0000000
43778,0.0000178,0.0000000,0.0000000
43779,0.0000178,0.0000000,0.0000000
43780,0.0000178,0.0000000,0.0000000
43781,0.0000178,0.0000000,0.0000000
43782,0.0000178,0.0000000,0.0000000
43783,0.0000178,0.0000000,0.0000000
43784,0.0000178,0.0000000,0.0000000
43785,0.0000178,0.0000000,0.0000000
43786,0.0000178,0.0000000,0.0000000
43787,0.0000178,0.0000000,0.0000000
43788,0.0000177,0.0000000,0.0000000
43789,0.0000177,0.0000000,0.0000000
43790,0.0000177,0.0000000,0.0000000
43791,0.0000177,0.0000000,0.0000000
43792,0.0000177,0.0000000,0.0000000
43793,0.0000177,0.0000000,0.0000000
43794,0.0000177,0.0000000,0.0000000
43795,0.0000177,0.0000000,0.0000000
43796,0.0000177,0.0000000,0.0000000
43797,0.0000177,0.0000000,0.0000000
43798,0.0000177,0.0000000,0.0000000
43799,0.0000177,0.0000000,0.0000000
43800,0.0000177,0.0000000,0.0000000
43801,0.0000177,0.0000000,0.0000000
43802,0.0000177,0.0000000,0.0000000
43803,0.0000177,0.0000000,0.0000000
43804,0.0000177,0.0000000,0.0000000
43805,0.0000177,0.0000000,0.0000000
43806,0.0000177,0.0000000,0.0000000
43807,0.0000177,0.0000000,0.0000000
43808,0.0000177,0.0000000,0.0000000
43809,0.0000177,0.0000000,0.0000000
43810,0.0000177,0.0000000,0.0000000
43811,0.0000177,0.0000000,0.0000000
43812,0.0000177,0.0000000,0.0000000
43813,0.0000177,0.0000000,0.0000000
43814,0.0000177,0.0000000,0.0000000
43815,0.0000177,0.0000000,0.0000000
43816,0.0000177,0.0000000,0.0000000
43817,0.0000177,0.0000000,0.0000000
43818,0.0000177,0.0000000,0.0000000
43819,0.0000177,0.0000000,0.0000000
43820,0.0000177,0.0000000,0.0000000
43821,0.0000177,0.0000000,0.0000000
43822,0.0000177,0.0000000,0.0000000
43823,0.0000177,0.0000000,0.0000000
43824,0.0000176,0.0000000,0.0000000
43825,0.0000176,0.0000000,0.0000000
43826,0.0000176,0.0000000,0.0000000
43827,0.0000176,0.0000000,0.0000000
43828,0.0000176,0.0000000,0.0000000
43829,0.0000176,0.0000000,0.0000000
43830,0.0000176,0.0000000,0.0000000
43831,0.0000176,0.0000000,0.0000000
43832,0.0000176,0.0000000,0.0000000
43833,0.0000176,0.0000000,0.0000000
43834,0.0000176,0.0000000,0.0000000
43835,0.0000176,0.0000000,0.0000000
43836,0.0000176,0.0000000,0.0000000
43837,0.0000176,0.0000000,0.0000000
43838,0.0000176,0.0000000,0.0000000
43839,0.0000176,0.0000000,0.0000000
43840,0.0000176,0.0000000,0.0000000
43841,0.0000176,0.0000000,0.0000000
43842,0.0000176,0.0000000,0.0000000
43843,0.0000176,0.0000000,0.0000000
43844,0.0000176,0.0000000,0.0000000
43845,0.0000176,0.0000000,0.0000000
43846,0.0000176,0.0000000,0.0000000
43847,0.0000176,0.0000000,0.0000000
43848,0.0000176,0.0000000,0.0000000
43849,0.0000176,0.0000000,0.0000000
43850,0.0000176,0.0000000,0.0000000
43851,0.0000176,0.0000000,0.0000000
43852,0.0000176,0.0000000,0.0000000
43853,0.0000176,0.0000000,0.0000000
43854,0.0000176,0.0000000,0.0000000
43855,0.0000176,0.0000000,0.0000000
43856,0.0000176,0.0000000,0.0000000
43857,0.0000176,0.0000000,0.0000000
43858,0.0000176,0.0000000,0.0000000
43859,0.0000176,0.0000000,0.0000000
43860,0.0000176,0.0000000,0.0000000
43861,0.0000175,0.0000000,0.0000000
43862,0.0000175,0.0000000,0.0000000
43863,0.0000175,0.0000000,0.0000000
43864,0.0000175,0.0000000,0.0000000
43865,0.0000175,0.0000000,0.0000000
43866,0.0000175,0.0000000,0.0000000
43867,0.0000175,0.0000000,0.0000000
43868,0.0000175,0.0000000,0.0000000
43869,0.0000175,0.0000000,0.0000000
43870,0.0000175,0.0000000,0.0000000
43871,0.0000175,0.0000000,0.0000000
43872,0.0000175,0.0000000,0.0000000
43873,0.0000175,0.0000000,0.0000000
43874,0.0000175,0.0000000,0.0000000
43875,0.0000175,0.0000000,0.0000000
43876,0.0000175,0.0000000,0.0000000
43877,0.0000175,0.0000000,0.0000000
43878,0.0000175,0.0000000,0.0000000
43879,0.0000175,0.0000000,0.0000000
43880,0.0000175,0.0000000,0.0000000
43881,0.0000175,0.0000000,0.0000000
43882,0.0000175,0.0000000,0.0000000
43883,0.0000175,0.0000000,0.0000000
43884,0.0000175,0.0000000,0.0000000
43885,0.0000175,0.0000000,0.0000000
43886,0.0000175,0.0000000,0.0000000
43887,0.0000175,0.0000000,0.0000000
43888,0.0000175,0.0000000,0.0000000
43889,0.0000175,0.0000000,0.0000000
43890,0.0000175,0.0000000,0.0000000
43891,0.0000175,0.0000000,0.0000000
43892,0.0000175,0.0000000,0.0000000
43893,0.0000175,0.0000000,0.0000000
43894,0.0000175,0.0000000,0.0000000
43895,0.0000175,0.0000000,0.0000000
43896,0.0000175,0.0000000,0.0000000
43897,0.0000175,0.0000000,0.0000000
43898,0.0000174,0.0000000,0.0000000
43899,0.0000174,0.0000000,0.0000000
43900,0.0000174,0.0000000,0.0000000
43901,0.0000174,0.0000000,0.0000000
43902,0.0000174,0.0000000,0.0000000
43903,0.0000174,0.0000000,0.0000000
43904,0.0000174,0.0000000,0.0000000
43905,0.0000174,0.0000000,0.0000000
43906,0.0000174,0.0000000,0.0000000
43907,0.0000174,0.0000000,0.0000000
43908,0.0000174,0.0000000,0.0000000
43909,0.0000174,0.0000000,0.0000000
43910,0.0000174,0.0000000,0.0000000
43911,0.0000174,0.0000000,0.0000000
43912,0.0000174,0.0000000,0.0000000
43913,0.0000174,0.0000000,0.0000000
43914,0.0000174,0.0000000,0.0000000
43915,0.0000174,0.0000000,0.0000000
43916,0.0000174,0.0000000,0.0000000
43917,0.0000174,0.0000000,0.0000000
43918,0.0000174,0.0000000,0.0000000
43919,0.0000174,0.0000000,0.0000000
43920,0.0000174,0.0000000,0.0000000
43921,0.0000174,0.0000000,0.0000000
43922,0.0000174,0.0000000,0.0000000
43923,0.0000174,0.0000000,0.0000000
43924,0.0000174,0.0000000,0.0000000
43925,0.0000174,0.0000000,0.0000000
43926,0.0000174,0.0000000,0.0000000
43927,0.0000174,0.0000000,0.0000000
43928,0.0000174,0.0000000,0.0000000
43929,0.0000174,0.0000000,0.0000000
43930,0.0000174,0.0000000,0.0000000
43931,0.0000174,0.0000000,0.0000000
43932,0.0000174,0.0000000,0.0000000
43933,0.0000174,0.0000000,0.0000000
43934,0.0000174,0.0000000,0.0000000
43935,0.0000173,0.0000000,0.0000000
43936,0.0000173,0.0000000,0.0000000
43937,0.0000173,0.0000000,0.0000000
43938,0.0000173,0.0000000,0.0000000
43939,0.0000173,0.0000000,0.0000000
43940,0.0000173,0.0000000,0.0000000
43941,0.0000173,0.0000000,0.0000000
43942,0.0000173,0.0000000,0.0000000
43943,0.0000173,0.0000000,0.0000000
43944,0.0000173,0.0000000,0.0000000
43945,0.0000173,0.0000000,0.0000000
43946,0.0000173,0.0000000,0.0000000
43947,0.0000173,0.0000000,0.0000000
43948,0.0000173,0.0000000,0.0000000
43949,0.0000173,0.0000000,0.0000000
43950,0.0000173,0.0000000,0.0000000
43951,0.0000173,0.0000000,0.0000000
43952,0.0000173,0.0000000,0.0000000
43953,0.0000173,0.0000000,0.0000000
43954,0.0000173,0.0000000,0.0000000
43955,0.0000173,0.0000000,0.0000000
43956,0.0000173,0.0000000,0.0000000
43957,0.0000173,0.0000000,0.0000000
43958,0.0000173,0.0000000,0.0000000
43959,0.0000173,0.0000000,0.0000000
43960,0.0000173,0.0000000,0.0000000
43961,0.0000173,0.0000000,0.0000000
43962,0.0000173,0.0000000,0.0000000
43963,0.0000173,0.0000000,0.0000000
43964,0.0000173,0.0000000,0.0000000
43965,0.0000173,0.0000000,0.0000000
43966,0.0000173,0.0000000,0.0000000
43967,0.0000173,0.0000000,0.0000000
43968,0.0000173,0.0000000,0.0000000
43969,0.0000173,0.0000000,0.0000000
43970,0.0000173,0.0000000,0.0000000
43971,0.0000173,0.0000000,0.0000000
43972,0.0000172,0.0000000,0.0000000
43973,0.0000172,0.0000000,0.0000000
43974,0.0000172,0.0000000,0.0000000
43975,0.0000172,0.0000000,0.0000000
43976,0.0000172,0.0000000,0.0000000
43977,0.0000172,0.0000000,0.0000000
43978,0.0000172,0.0000000,0.0000000
43979,0.0000172,0.0000000,0.0000000
43980,0.0000172,0.0000000,0.0000000
43981,0.0000172,0.0000000,0.0000000
43982,0.0000172,0.0000000,0.0000000
43983,0.0000172,0.0000000,0.0000000
43984,0.0000172,0.0000000,0.0000000
43985,0.0000172,0.0000000,0.0000000
43986,0.0000172,0.0000000,0.0000000
43987,0.0000172,0.0000000,0.0000000
43988,0.0000172,0.0000000,0.0000000
43989,0.0000172,0.0000000,0.0000000
43990,0.0000172,0.0000000,0.0000000
43991,0.0000172,0.0000000,0.0000000
43992,0.0000172,0.0000000,0.0000000
43993,0.0000172,0.0000000,0.0000000
43994,0.0000172,0.0000000,0.0000000
43995,0.0000172,0.0000000,0.0000000
43996,0.0000172,0.0000000,0.0000000
43997,0.0000172,0.0000000,0.0000000
43998,0.0000172,0.0000000,0.0000000
43999,0.0000172,0.0000000,0.0000000
44000,0.0000172,0.0000000,0.0000000
44001,0.0000172,0.0000000,0.0000000
44002,0.0000172,0.0000000,0.0000000
44003,0.0000172,0.0000000,0.0000000
44004,0.0000172,0.0000000,0.0000000
44005,0.0000172,0.0000000,0.0000000
44006,0.0000172,0.0000000,0.0000000
44007,0.0000172,0.0000000,0.0000000
44008,0.0000172,0.0000000,0.0000000
44009,0.0000171,0.0000000,0.0000000
44010,0.0000171,0.0000000,0.0000000
44011,0.0000171,0.0000000,0.0000000
44012,0.0000171,0.0000000,0.0000000
44013,0.0000171,0.0000000,0.0000000
44014,0.0000171,0.0000000,0.0000000
44015,0.0000171,0.0000000,0.0000000
44016,0.0000171,0.0000000,0.0000000
44017,0.0000171,0.0000000,0.0000000
44018,0.0000171,0.0000000,0.0000000
44019,0.0000171,0.0000000,0.0000000
44020,0.0000171,0.0000000,0.0000000
44021,0.0000171,0.0000000,0.0000000
44022,0.0000171,0.0000000,0.0000000
44023,0.0000171,0.0000000,0.0000000
44024,0.0000171,0.0000000,0.0000000
44025,0.0000171,0.0000000,0.0000000
44026,0.0000171,0.0000000,0.0000000
44027,0.0000171,0.0000000,0.0000000
44028,0.0000171,0.0000000,0.0000000
44029,0.0000171,0.0000000,0.0000000
44030,0.0000171,0.0000000,0.0000000
44031,0.0000171,0.0000000,0.0000000
44032,0.0000171,0.0000000,0.0000000
44033,0.0000171,0.0000000,0.0000000
44034,0.0000171,0.0000000,0.0000000
44035,0.0000171,0.0000000,0.0000000
44036,0.0000171,0.0000000,0.0000000
44037,0.0000171,0.0000000,0.0000000
44038,0.0000171,0.0000000,0.0000000
44039,0.0000171,0.0000000,0.0000000
44040,0.0000171,0.0000000,0.0000000
44041,0.0000171,0.0000000,0.0000000
44042,0.0000171,0.0000000,0.0000000
44043,0.0000171,0.0000000,0.0000000
44044,0.0000171,0.0000000,0.0000000
44045,0.0000171,0.0000000,0.0000000
44046,0.0000171,0.0000000,0.0000000
44047,0.0000170,0.0000000,0.0000000
44048,0.0000170,0.0000000,0.0000000
44049,0.0000170,0.0000000,0.0000000
44050,0.0000170,0.0000000,0.0000000
44051,0.0000170,0.0000000,0.0000000
44052,0.0000170,0.0000000,0.0000000
44053,0.0000170,0.0000000,0.0000000
44054,0.0000170,0.0000000,0.0000000
44055,0.0000170,0.0000000,0.0000000
44056,0.0000170,0.0000000,0.0000000
44057,0.0000170,0.0000000,0.0000000
44058,0.0000170,0.0000000,0.0000000
44059,0.0000170,0.0000000,0.0000000
44060,0.0000170,0.0000000,0.0000000
44061,0.0000170,0.0000000,0.0000000
44062,0.0000170,0.0000000,0.0000000
44063,0.0000170,0.0000000,0.0000000
44064,0.0000170,0.0000000,0.0000000
44065,0.0000170,0.0000000,0.0000000
44066,0.0000170,0.0000000,0.0000000
44067,0.0000170,0.0000000,0.0000000
44068,0.0000170,0.0000000,0.0000000
44069,0.0000170,0.0000000,0.0000000
44070,0.0000170,0.0000000,0.0000000
44071,0.0000170,0.0000000,0.0000000
44072,0.0000170,0.0000000,0.0000000
44073,0.0000170,0.0000000,0.0000000
44074,0.0000170,0.0000000,0.0000000
44075,0.0000170,0.0000000,0.0000000
44076,0.0000170,0.0000000,0.0000000
44077,0.0000170,0.0000000,0.0000000
44078,0.0000170,0.0000000,0.0000000
44079,0.0000170,0.0000000,0.0000000
44080,0.0000170,0.0000000,0.0000000
44081,0.0000170,0.0000000,0.0000000
44082,0.0000170,0.0000000,0.0000000
44083,0.0000170,0.0000000,0.0000000
44084,0.0000169,0.0000000,0.0000000
44085,0.0000169,0.0000000,0.0000000
44086,0.0000169,0.0000000,0.0000000
44087,0.0000169,0.0000000,0.0000000
44088,0.0000169,0.0000000,0.0000000
44089,0.0000169,0.0000000,0.0000000
44090,0.0000169,0.0000000,0.0000000
44091,0.0000169,0.0000000,0.0000000
44092,0.0000169,0.0000000,0.0000000
44093,0.0000169,0.0000000,0.0000000
44094,0.0000169,0.0000000,0.0000000
44095,0.0000169,0.0000000,0.0000000
44096,0.0000169,0.0000000,0.0000000
44097,0.0000169,0.0000000,0.0000000
44098,0.0000169,0.0000000,0.0000000
44099,0.0000169,0.0000000,0.0000000
44100,0.0000169,0.0000000,0.0000000
44101,0.0000169,0.0000000,0.0000000
44102,0.0000169,0.0000000,0.0000000
44103,0.0000169,0.0000000,0.0000000
44104,0.0000169,0.0000000,0.0000000
44105,0.0000169,0.0000000,0.0000000
44106,0.0000169,0.0000000,0.0000000
44107,0.0000169,0.0000000,0.0000000
44108,0.0000169,0.0000000,0.0000000
44109,0.0000169,0.0000000,0.0000000
44110,0.0000169,0.0000000,0.0000000
44111,0.0000169,0.0000000,0.0000000
44112,0.0000169,0.0000000,0.0000000
44113,0.0000169,0.0000000,0.0000000
44114,0.0000169,0.0000000,0.0000000
44115,0.0000169,0.0000000,0.0000000
44116,0.0000169,0.0000000,0.0000000
44117,0.0000169,0.0000000,0.0000000
44118,0.0000169,0.0000000,0.0000000
44119,0.0000169,0.0000000,0.0000000
44120,0.0000169,0.0000000,0.0000000
44121,0.0000169,0.0000000,0.0000000
44122,0.0000168,0.0000000,0.0000000
44123,0.0000168,0.0000000,0.0000000
44124,0.0000168,0.0000000,0.0000000
44125,0.0000168,0.0000000,0.0000000
44126,0.0000168,0.0000000,0.0000000
44127,0.0000168,0.0000000,0.0000000
44128,0.0000168,0.0000000,0.0000000
44129,0.0000168,0.0000000,0.0000000
44130,0.0000168,0.0000000,0.0000000
44131,0.0000168,0.0000000,0.0000000
44132,0.0000168,0.0000000,0.0000000
44133,0.0000168,0.0000000,0.0000000
44134,0.0000168,0.0000000,0.0000000
44135,0.0000168,0.0000000,0.0000000
44136,0.0000168,0.0000000,0.0000000
44137,0.0000168,0.0000000,0.0000000
44138,0.0000168,0.0000000,0.0000000
44139,0.0000168,0.0000000,0.0000000
44140,0.0000168,0.0000000,0.0000000
44141,0.0000168,0.0000000,0.0000000
44142,0.0000168,0.0000000,0.0000000
44143,0.0000168,0.0000000,0.0000000
44144,0.0000168,0.0000000,0.0000000
44145,0.0000168,0.0000000,0.0000000
44146,0.0000168,0.0000000,0.0000000
44147,0.0000168,0.0000000,0.0000000
44148,0.0000168,0.0000000,0.0000000
44149,0.0000168,0.0000000,0.0000000
44150,0.0000168,0.0000000,0.0000000
44151,0.0000168,0.0000000,0.0000000
44152,0.0000168,0.0000000,0.0000000
44153,0.0000168,0.0000000,0.0000000
44154,0.0000168,0.0000000,0.0000000
44155,0.0000168,0.0000000,0.0000000
44156,0.0000168,0.0000000,0.0000000
44157,0.0000168,0.0000000,0.0000000
44158,0.0000168,0.0000000,0.0000000
44159,0.0000168,0.0000000,0.0000000
44160,0.0000168,0.0000000,0.0000000
44161,0.0000167,0.0000000,0.0000000
44162,0.0000167,0.0000000,0.0000000
44163,0.0000167,0.0000000,0.0000000
44164,0.0000167,0.0000000,0.0000000
44165,0.0000167,0.0000000,0.0000000
44166,0.0000167,0.0000000,0.0000000
44167,0.0000167,0.0000000,0.0000000
44168,0.0000167,0.0000000,0.0000000
44169,0.0000167,0.0000000,0.0000000
44170,0.0000167,0.0000000,0.0000000
44171,0.0000167,0.0000000,0.0000000
44172,0.0000167,0.0000000,0.0000000
44173,0.0000167,0.0000000,0.0000000
44174,0.0000167,0.0000000,0.0000000
44175,0.0000167,0.0000000,0.0000000
44176,0.0000167,0.0000000,0.0000000
44177,0.0000167,0.0000000,0.0000000
44178,0.0000167,0.0000000,0.0000000
44179,0.0000167,0.0000000,0.0000000
44180,0.0000167,0.0000000,0.0000000
44181,0.0000167,0.0000000,0.0000000
44182,0.0000167,0.0000000,0.0000000
44183,0.0000167,0.0000000,0.0000000
44184,0.0000167,0.0000000,0.0000000
44185,0.0000167,0.0000000,0.0000000
44186,0.0000167,0.0000000,0.0000000
44187,0.0000167,0.0000000,0.0000000
44188,0.0000167,0.0000000,0.0000000
44189,0.0000167,0.0000000,0.0000000
44190,0.0000167,0.0000000,0.0000000
44191,0.0000167,0.0000000,0.0000000
44192,0.0000167,0.0000000,0.0000000
44193,0.0000167,0.0000000,0.0000000
44194,0.0000167,0.0000000,0.0000000
44195,0.0000167,0.0000000,0.0000000
44196,0.0000167,0.0000000,0.0000000
44197,0.0000167,0.0000000,0.0000000
44198,0.0000167,0.0000000,0.0000000
44199,0.0000166,0.0000000,0.0000000
44200,0.0000166,0.0000000,0.0000000
44201,0.0000166,0.0000000,0.0000000
44202,0.0000166,0.0000000,0.0000000
44203,0.0000166,0.0000000,0.0000000
44204,0.0000166,0.0000000,0.0000000
44205,0.0000166,0.0000000,0.0000000
44206,0.0000166,0.0000000,0.0000000
44207,0.0000166,0.0000000,0.0000000
44208,0.0000166,0.0000000,0.0000000
44209,0.0000166,0.0000000,0.0000000
44210,0.0000166,0.0000000,0.0000000
44211,0.0000166,0.0000000,0.0000000
44212,0.0000166,0.0000000,0.0000000
44213,0.0000166,0.0000000,0.0000000
44214,0.0000166,0.0000000,0.0000000
44215,0.0000166,0.0000000,0.0000000
44216,0.0000166,0.0000000,0.0000000
44217,0.0000166,0.0000000,0.0000000
44218,0.0000166,0.0000000,0.0000000
44219,0.0000166,0.0000000,0.0000000
44220,0.0000166,0.0000000,0.0000000
44221,0.0000166,0.0000000,0.0000000
44222,0.0000166,0.0000000,0.0000000
44223,0.0000166,0.0000000,0.0000000
44224,0.0000166,0.0000000,0.0000000
44225,0.0000166,0.0000000,0.0000000
44226,0.0000166,0.0000000,0.0000000
44227,0.0000166,0.0000000,0.0000000
44228,0.0000166,0.0000000,0.0000000
44229,0.0000166,0.0000000,0.0000000
44230,0.0000166,0.0000000,0.0000000
44231,0.0000166,0.0000000,0.0000000
44232,0.0000166,0.0000000,0.0000000
44233,0.0000166,0.0000000,0.0000000
44234,0.0000166,0.0000000,0.0000000
44235,0.0000166,0.0000000,0.0000000
44236,0.0000166,0.0000000,0.0000000
44237,0.0000166,0.0000000,0.0000000
44238,0.0000165,0.0000000,0.0000000
44239,0.0000165,0.0000000,0.0000000
44240,0.0000165,0.0000000,0.0000000
44241,0.0000165,0.0000000,0.0000000
44242,0.0000165,0.0000000,0.0000000
44243,0.0000165,0.0000000,0.0000000
44244,0.0000165,0.0000000,0.0000000
44245,0.0000165,0.0000000,0.0000000
44246,0.0000165,0.0000000,0.0000000
44247,0.0000165,0.0000000,0.0000000
44248,0.0000165,0.0000000,0.0000000
44249,0.0000165,0.0000000,0.0000000
44250,0.0000165,0.0000000,0.0000000
44251,0.0000165,0.0000000,0.0000000
44252,0.0000165,0.0000000,0.0000000
44253,0.0000165,0.0000000,0.0000000
44254,0.0000165,0.0000000,0.0000000
44255,0.0000165,0.0000000,0.0000000
44256,0.0000165,0.0000000,0.0000000
44257,0.0000165,0.0000000,0.0000000
44258,0.0000165,0.0000000,0.0000000
44259,0.0000165,0.0000000,0.0000000
44260,0.0000165,0.0000000,0.0000000
44261,0.0000165,0.0000000,0.0000000
44262,0.0000165,0.0000000,0.0000000
44263,0.0000165,0.0000000,0.0000000
44264,0.0000165,0.0000000,0.0000000
44265,0.0000165,0.0000000,0.0000000
44266,0.0000165,0.0000000,0.0000000
44267,0.0000165,0.0000000,0.0000000
44268,0.0000165,0.0000000,0.0000000
44269,0.0000165,0.0000000,0.0000000
44270,0.0000165,0.0000000,0.0000000
44271,0.0000165,0.0000000,0.0000000
44272,0.0000165,0.0000000,0.0000000
44273,0.0000165,0.0000000,0.0000000
44274,0.0000165,0.0000000,0.0000000
44275,0.0000165,0.0000000,0.0000000
44276,0.0000165,0.0000000,0.0000000
44277,0.0000164,0.0000000,0.0000000
44278,0.0000164,0.0000000,0.0000000
44279,0.0000164,0.0000000,0.0000000
44280,0.0000164,0.0000000,0.0000000
44281,0.0000164,0.0000000,0.0000000
44282,0.0000164,0.0000000,0.0000000
44283,0.0000164,0.0000000,0.0000000
44284,0.0000164,0.0000000,0.0000000
44285,0.0000164,0.0000000,0.0000000
44286,0.0000164,0.0000000,0.0000000
44287,0.0000164,0.0000000,0.0000000
44288,0.0000164,0.0000000,0.0000000
44289,0.0000164,0.0000000,0.0000000
44290,0.0000164,0.0000000,0.0000000
44291,0.0000164,0.0000000,0.0000000
44292,0.0000164,0.0000000,0.0000000
44293,0.0000164,0.0000000,0.0000000
44294,0.0000164,0.0000000,0.0000000
44295,0.0000164,0.0000000,0.0000000
44296,0.0000164,0.0000000,0.0000000
44297,0.0000164,0.0000000,0.0000000
44298,0.0000164,0.0000000,0.0000000
44299,0.0000164,0.0000000,0.0000000
44300,0.0000164,0.0000000,0.0000000
44301,0.0000164,0.0000000,0.0000000
44302,0.0000164,0.0000000,0.0000000
44303,0.0000164,0.0000000,0.0000000
44304,0.0000164,0.0000000,0.0000000
44305,0.0000164,0.0000000,0.0000000
44306,0.0000164,0.0000000,0.0000000
44307,0.0000164,0.0000000,0.0000000
44308,0.0000164,0.0000000,0.0000000
44309,0.0000164,0.0000000,0.0000000
44310,0.0000164,0.0000000,0.0000000
44311,0.0000164,0.0000000,0.0000000
44312,0.0000164,0.0000000,0.0000000
44313,0.0000164,0.0000000,0.0000000
44314,0.0000164,0.0000000,0.0000000
44315,0.0000164,0.0000000,0.0000000
44316,0.0000163,0.0000000,0.0000000
44317,0.0000163,0.0000000,0.0000000
44318,0.0000163,0.0000000,0.0000000
44319,0.0000163,0.0000000,0.0000000
44320,0.0000163,0.0000000,0.0000000
44321,0.0000163,0.0000000,0.0000000
44322,0.0000163,0.0000000,0.0000000
44323,0.0000163,0.0000000,0.0000000
44324,0.0000163,0.0000000,0.0000000
44325,0.0000163,0.0000000,0.0000000
44326,0.0000163,0.0000000,0.0000000
44327,0.0000163,0.0000000,0.0000000
44328,0.0000163,0.0000000,0.0000000
44329,0.0000163,0.0000000,0.0000000
44330,0.0000163,0.0000000,0.0000000
44331,0.0000163,0.0000000,0.0000000
44332,0.0000163,0.0000000,0.0000000
44333,0.0000163,0.0000000,0.0000000
44334,0.0000163,0.0000000,0.0000000
44335,0.0000163,0.0000000,0.0000000
44336,0.0000163,0.0000000,0.0000000
44337,0.0000163,0.0000000,0.0000000
44338,0.0000163,0.0000000,0.0000000
44339,0.0000163,0.0000000,0.0000000
44340,0.0000163,0.0000000,0.0000000
44341,0.0000163,0.0000000,0.0000000
44342,0.0000163,0.0000000,0.0000000
44343,0.0000163,0.0000000,0.0000000
44344,0.0000163,0.0000000,0.0000000
44345,0.0000163,0.0000000,0.0000000
44346,0.0000163,0.0000000,0.0000000
44347,0.0000163,0.0000000,0.0000000
44348,0.0000163,0.0000000,0.0000000
44349,0.0000163,0.0000000,0.0000000
44350,0.0000163,0.0000000,0.0000000
44351,0.0000163,0.0000000,0.0000000
44352,0.0000163,0.0000000,0.0000000
44353,0.0000163,0.0000000,0.0000000
44354,0.0000163,0.0000000,0.0000000
44355,0.0000163,0.0000000,0.0000000
44356,0.0000162,0.0000000,0.0000000
44357,0.0000162,0.0000000,0.0000000
44358,0.0000162,0.0000000,0.0000000
44359,0.0000162,0.0000000,0.0000000
44360,0.0000162,0.0000000,0.0000000
44361,0.0000162,0.0000000,0.0000000
44362,0.0000162,0.0000000,0.0000000
44363,0.0000162,0.0000000,0.0000000
44364,0.0000162,0.0000000,0.0000000
44365,0.0000162,0.0000000,0.0000000
44366,0.0000162,0.0000000,0.0000000
44367,0.0000162,0.0000000,0.0000000
44368,0.0000162,0.0000000,0.0000000
44369,0.0000162,0.0000000,0.0000000
44370,0.0000162,0.0000000,0.0000000
44371,0.0000162,0.0000000,0.0000000
44372,0.0000162,0.0000000,0.0000000
44373,0.0000162,0.0000000,0.0000000
44374,0.0000162,0.0000000,0.0000000
44375,0.0000162,0.0000000,0.0000000
44376,0.0000162,0.0000000,0.0000000
44377,0.0000162,0.0000000,0.0000000
44378,0.0000162,0.0000000,0.0000000
44379,0.0000162,0.0000000,0.0000000
44380,0.0000162,0.0000000,0.0000000
44381,0.0000162,0.0000000,0.0000000
44382,0.0000162,0.0000000,0.0000000
44383,0.0000162,0.0000000,0.0000000
44384,0.0000162,0.0000000,0.0000000
44385,0.0000162,0.0000000,0.0000000
44386,0.0000162,0.0000000,0.0000000
44387,0.0000162,0.0000000,0.0000000
44388,0.0000162,0.0000000,0.0000000
44389,0.0000162,0.0000000,0.0000000
44390,0.0000162,0.0000000,0.0000000
44391,0.0000162,0.0000000,0.0000000
44392,0.0000162,0.0000000,0.0000000
44393,0.0000162,0.0000000,0.0000000
44394,0.0000162,0.0000000,0.0000000
44395,0.0000161,0.0000000,0.0000000
44396,0.0000161,0.0000000,0.0000000
44397,0.0000161,0.0000000,0.0000000
44398,0.0000161,0.0000000,0.0000000
44399,0.0000161,0.0000000,0.0000000
44400,0.0000161,0.0000000,0.0000000
44401,0.0000161,0.0000000,0.0000000
44402,0.0000161,0.0000000,0.0000000
44403,0.0000161,0.0000000,0.0000000
44404,0.0000161,0.0000000,0.0000000
44405,0.0000161,0.0000000,0.0000000
44406,0.0000161,0.0000000,0.0000000
44407,0.0000161,0.0000000,0.0000000
44408,0.0000161,0.0000000,0.0000000
44409,0.0000161,0.0000000,0.0000000
44410,0.0000161,0.0000000,0.0000000
44411,0.0000161,0.0000000,0.0000000
44412,0.0000161,0.0000000,0.0000000
44413,0.0000161,0.0000000,0.0000000
44414,0.0000161,0.0000000,0.0000000
44415,0.0000161,0.0000000,0.0000000
44416,0.0000161,0.0000000,0.0000000
44417,0.0000161,0.0000000,0.0000000
44418,0.0000161,0.0000000,0.0000000
44419,0.0000161,0.0000000,0.0000000
44420,0.0000161,0.0000000,0.0000000
44421,0.0000161,0.0000000,0.0000000
44422,0.0000161,0.0000000,0.0000000
44423,0.0000161,0.0000000,0.0000000
44424,0.0000161,0.0000000,0.0000000
44425,0.0000161,0.0000000,0.0000000
44426,0.0000161,0.0000000,0.0000000
44427,0.0000161,0.0000000,0.0000000
44428,0.0000161,0.0000000,0.0000000
44429,0.0000161,0.0000000,0.0000000
44430,0.0000161,0.0000000,0.0000000
44431,0.0000161,0.0000000,0.0000000
44432,0.0000161,0.0000000,0.0000000
44433,0.0000161,0.0000000,0.0000000
44434,0.0000161,0.0000000,0.0000000
44435,0.0000160,0.0000000,0.0000000
44436,0.0000160,0.0000000,0.0000000
44437,0.0000160,0.0000000,0.0000000
44438,0.0000160,0.0000000,0.0000000
44439,0.0000160,0.0000000,0.0000000
44440,0.0000160,0.0000000,0.0000000
44441,0.0000160,0.0000000,0.0000000
44442,0.0000160,0.0000000,0.0000000
44443,0.0000160,0.0000000,0.0000000
44444,0.0000160,0.0000000,0.0000000
44445,0.0000160,0.0000000,0.0000000
44446,0.0000160,0.0000000,0.0000000
44447,0.0000160,0.0000000,0.0000000
44448,0.0000160,0.0000000,0.0000000
44449,0.0000160,0.0000000,0.0000000
44450,0.0000160,0.0000000,0.0000000
44451,0.0000160,0.0000000,0.0000000
44452,0.0000160,0.0000000,0.0000000
44453,0.0000160,0.0000000,0.0000000
44454,0.0000160,0.0000000,0.0000000
44455,0.0000160,0.0000000,0.0000000
44456,0.0000160,0.0000000,0.0000000
44457,0.0000160,0.0000000,0.0000000
44458,0.0000160,0.0000000,0.0000000
44459,0.0000160,0.0000000,0.0000000
44460,0.0000160,0.0000000,0.0000000
44461,0.0000160,0.0000000,0.0000000
44462,0.0000160,0.0000000,0.0000000
44463,0.0000160,0.0000000,0.0000000
44464,0.0000160,0.0000000,0.0000000
44465,0.0000160,0.0000000,0.0000000
44466,0.0000160,0.0000000,0.0000000
44467,0.0000160,0.0000000,0.0000000
44468,0.0000160,0.0000000,0.0000000
44469,0.0000160,0.0000000,0.0000000
44470,0.0000160,0.0000000,0.0000000
44471,0.0000160,0.0000000,0.0000000
44472,0.0000160,0.0000000,0.0000000
44473,0.0000160,0.0000000,0.0000000
44474,0.0000160,0.0000000,0.0000000
44475,0.0000160,0.0000000,0.0000000
44476,0.0000159,0.0000000,0.0000000
44477,0.0000159,0.0000000,0.0000000
44478,0.0000159,0.0000000,0.0000000
44479,0.0000159,0.0000000,0.0000000
44480,0.0000159,0.0000000,0.0000000
44481,0.0000159,0.0000000,0.0000000
44482,0.0000159,0.0000000,0.0000000
44483,0.0000159,0.0000000,0.0000000
44484,0.0000159,0.0000000,0.0000000
44485,0.0000159,0.0000000,0.0000000
44486,0.0000159,0.0000000,0.0000000
44487,0.0000159,0.0000000,0.0000000
44488,0.0000159,0.0000000,0.0000000
44489,0.0000159,0.0000000,0.0000000
44490,0.0000159,0.0000000,0.0000000
44491,0.0000159,0.0000000,0.0000000
44492,0.0000159,0.0000000,0.0000000
44493,0.0000159,0.0000000,0.0000000
44494,0.0000159,0.0000000,0.0000000
44495,0.0000159,0.0000000,0.0000000
44496,0.0000159,0.0000000,0.0000000
44497,0.0000159,0.0000000,0.0000000
44498,0.0000159,0.0000000,0.0000000
44499,0.0000159,0.0000000,0.0000000
44500,0.0000159,0.0000000,0.0000000
44501,0.0000159,0.0000000,0.0000000
44502,0.0000159,0.0000000,0.0000000
44503,0.0000159,0.0000000,0.0000000
44504,0.0000159,0.0000000,0.0000000
44505,0.0000159,0.0000000,0.0000000
44506,0.0000159,0.0000000,0.0000000
44507,0.0000159,0.0000000,0.0000000
44508,0.0000159,0.0000000,0.0000000
44509,0.0000159,0.0000000,0.0000000
44510,0.0000159,0.0000000,0.0000000
44511,0.0000159,0.0000000,0.0000000
44512,0.0000159,0.0000000,0.0000000
44513,0.0000159,0.0000000,0.0000000
44514,0.0000159,0.0000000,0.0000000
44515,0.0000159,0.0000000,0.0000000
44516,0.0000158,0.0000000,0.0000000
44517,0.0000158,0.0000000,0.0000000
44518,0.0000158,0.0000000,0.0000000
44519,0.0000158,0.0000000,0.0000000
44520,0.0000158,0.0000000,0.0000000
44521,0.0000158,0.0000000,0.0000000
44522,0.0000158,0.0000000,0.0000000
44523,0.0000158,0.0000000,0.0000000
44524,0.0000158,0.0000000,0.0000000
44525,0.0000158,0.0000000,0.0000000
44526,0.0000158,0.0000000,0.0000000
44527,0.0000158,0.0000000,0.0000000
44528,0.0000158,0.0000000,0.0000000
44529,0.0000158,0.0000000,0.0000000
44530,0.0000158,0.0000000,0.0000000
44531,0.0000158,0.0000000,0.0000000
44532,0.0000158,0.0000000,0.0000000
44533,0.0000158,0.0000000,0.0000000
44534,0.0000158,0.0000000,0.0000000
44535,0.0000158,0.0000000,0.0000000
44536,0.0000158,0.0000000,0.0000000
44537,0.0000158,0.0000000,0.0000000
44538,0.0000158,0.0000000,0.0000000
44539,0.0000158,0.0000000,0.0000000
44540,0.0000158,0.0000000,0.0000000
44541,0.0000158,0.0000000,0.0000000
44542,0.0000158,0.0000000,0.0000000
44543,0.0000158,0.0000000,0.0000000
44544,0.0000158,0.0000000,0.0000000
44545,0.0000158,0.0000000,0.0000000
44546,0.0000158,0.0000000,0.0000000
44547,0.0000158,0.0000000,0.0000000
44548,0.0000158,0.0000000,0.0000000
44549,0.0000158,0.0000000,0.0000000
44550,0.0000158,0.0000000,0.0000000
44551,0.0000158,0.0000000,0.0000000
44552,0.0000158,0.0000000,0.0000000
44553,0.0000158,0.0000000,0.0000000
44554,0.0000158,0.0000000,0.0000000
44555,0.0000158,0.0000000,0.0000000
44556,0.0000158,0.0000000,0.0000000
44557,0.0000157,0.0000000,0.0000000
44558,0.0000157,0.0000000,0.0000000
44559,0.0000157,0.0000000,0.0000000
44560,0.0000157,0.0000000,0.0000000
44561,0.0000157,0.0000000,0.0000000
44562,0.0000157,0.0000000,0.0000000
44563,0.0000157,0.0000000,0.0000000
44564,0.0000157,0.0000000,0.0000000
44565,0.0000157,0.0000000,0.0000000
44566,0.0000157,0.0000000,0.0000000
44567,0.0000157,0.0000000,0.0000000
44568,0.0000157,0.0000000,0.0000000
44569,0.0000157,0.0000000,0.0000000
44570,0.0000157,0.0000000,0.0000000
44571,0.0000157,0.0000000,0.0000000
44572,0.0000157,0.0000000,0.0000000
44573,0.0000157,0.0000000,0.0000000
44574,0.0000157,0.0000000,0.0000000
44575,0.0000157,0.0000000,0.0000000
44576,0.0000157,0.0000000,0.0000000
44577,0.0000157,0.0000000,0.0000000
44578,0.0000157,0.0000000,0.0000000
44579,0.0000157,0.0000000,0.0000000
44580,0.0000157,0.0000000,0.0000000
44581,0.0000157,0.0000000,0.0000000
44582,0.0000157,0.0000000,0.0000000
44583,0.0000157,0.0000000,0.0000000
44584,0.0000157,0.0000000,0.0000000
44585,0.0000157,0.0000000,0.0000000
44586,0.0000157,0.0000000,0.0000000
44587,0.0000157,0.0000000,0.0000000
44588,0.0000157,0.0000000,0.0000000
44589,0.0000157,0.0000000,0.0000000
44590,0.0000157,0.0000000,0.0000000
44591,0.0000157,0.0000000,0.0000000
44592,0.0000157,0.0000000,0.0000000
44593,0.0000157,0.0000000,0.0000000
44594,0.0000157,0.0000000,0.0000000
44595,0.0000157,0.0000000,0.0000000
44596,0.0000157,0.0000000,0.0000000
44597,0.0000157,0.0000000,0.0000000
44598,0.0000156,0.0000000,0.0000000
44599,0.0000156,0.0000000,0.0000000
44600,0.0000156,0.0000000,0.0000000
44601,0.0000156,0.0000000,0.0000000
44602,0.0000156,0.0000000,0.0000000
44603,0.0000156,0.0000000,0.0000000
44604,0.0000156,0.0000000,0.0000000
44605,0.0000156,0.0000000,0.0000000
44606,0.0000156,0.0000000,0.0000000
44607,0.0000156,0.0000000,0.0000000
44608,0.0000156,0.0000000,0.0000000
44609,0.0000156,0.0000000,0.0000000
44610,0.0000156,0.0000000,0.0000000
44611,0.0000156,0.0000000,0.0000000
44612,0.0000156,0.0000000,0.0000000
44613,0.0000156,0.0000000,0.0000000
44614,0.0000156,0.0000000,0.0000000
44615,0.0000156,0.0000000,0.0000000
44616,0.0000156,0.0000000,0.0000000
44617,0.0000156,0.0000000,0.0000000
44618,0.0000156,0.0000000,0.0000000
44619,0.0000156,0.0000000,0.0000000
44620,0.0000156,0.0000000,0.0000000
44621,0.0000156,0.0000000,0.0000000
44622,0.0000156,0.0000000,0.0000000
44623,0.0000156,0.0000000,0.0000000
44624,0.0000156,0.0000000,0.0000000
44625,0.0000156,0.0000000,0.0000000
44626,0.0000156,0.0000000,0.0000000
44627,0.0000156,0.0000000,0.0000000
44628,0.0000156,0.0000000,0.0000000
44629,0.0000156,0.0000000,0.0000000
44630,0.0000156,0.0000000,0.0000000
44631,0.0000156,0.0000000,0.0000000
44632,0.0000156,0.0000000,0.0000000
44633,0.0000156,0.0000000,0.0000000
44634,0.0000156,0.0000000,0.0000000
44635,0.0000156,0.0000000,0.0000000
44636,0.0000156,0.0000000,0.0000000
44637,0.0000156,0.0000000,0.0000000
44638,0.0000156,0.0000000,0.0000000
44639,0.0000155,0.0000000,0.0000000
44640,0.0000155,0.0000000,0.0000000
44641,0.0000155,0.0000000,0.0000000
44642,0.0000155,0.0000000,0.0000000
44643,0.0000155,0.0000000,0.0000000
44644,0.0000155,0.0000000,0.0000000
44645,0.0000155,0.0000000,0.0000000
44646,0.0000155,0.0000000,0.0000000
44647,0.0000155,0.0000000,0.0000000
44648,0.0000155,0.0000000,0.0000000
44649,0.0000155,0.0000000,0.0000000
44650,0.0000155,0.0000000,0.0000000
44651,0.0000155,0.0000000,0.0000000
44652,0.0000155,0.0000000,0.0000000
44653,0.0000155,0.0000000,0.0000000
44654,0.0000155,0.0000000,0.0000000
44655,0.0000155,0.0000000,0.0000000
44656,0.0000155,0.0000000,0.0000000
44657,0.0000155,0.0000000,0.0000000
44658,0.0000155,0.0000000,0.0000000
44659,0.0000155,0.0000000,0.0000000
44660,0.0000155,0.0000000,0.0000000
44661,0.0000155,0.0000000,0.0000000
44662,0.0000155,0.0000000,0.0000000
44663,0.0000155,0.0000000,0.0000000
44664,0.0000155,0.0000000,0.0000000
44665,0.0000155,0.0000000,0.0000000
44666,0.0000155,0.0000000,0.0000000
44667,0.0000155,0.0000000,0.0000000
44668,0.0000155,0.0000000,0.0000000
44669,0.0000155,0.0000000,0.0000000
44670,0.0000155,0.0000000,0.0000000
44671,0.0000155,0.0000000,0.0000000
44672,0.0000155,0.0000000,0.0000000
44673,0.0000155,0.0000000,0.0000000
44674,0.0000155,0.0000000,0.0000000
44675,0.0000155,0.0000000,0.0000000
44676,0.0000155,0.0000000,0.0000000
44677,0.0000155,0.0000000,0.0000000
44678,0.0000155,0.0000000,0.0000000
44679,0.0000155,0.0000000,0.0000000
44680,0.0000155,0.0000000,0.0000000
44681,0.0000154,0.0000000,0.0000000
44682,0.0000154,0.0000000,0.0000000
44683,0.0000154,0.0000000,0.0000000
44684,0.0000154,0.0000000,0.0000000
44685,0.0000154,0.0000000,0.0000000
44686,0.0000154,0.0000000,0.0000000
44687,0.0000154,0.0000000,0.0000000
44688,0.0000154,0.0000000,0.0000000
44689,0.0000154,0.0000000,0.0000000
44690,0.0000154,0.0000000,0.0000000
44691,0.0000154,0.0000000,0.0000000
44692,0.0000154,0.0000000,0.0000000
44693,0.0000154,0.0000000,0.0000000
44694,0.0000154,0.0000000,0.0000000
44695,0.0000154,0.0000000,0.0000000
44696,0.0000154,0.0000000,0.0000000
44697,0.0000154,0.0000000,0.0000000
44698,0.0000154,0.0000000,0.0000000
44699,0.0000154,0.0000000,0.0000000
44700,0.0000154,0.0000000,0.0000000
44701,0.0000154,0.0000000,0.0000000
44702,0.0000154,0.0000000,0.0000000
44703,0.0000154,0.0000000,0.0000000
44704,0.0000154,0.0000000,0.0000000
44705,0.0000154,0.0000000,0.0000000
44706,0.0000154,0.0000000,0.0000000
44707,0.0000154,0.0000000,0.0000000
44708,0.0000154,0.0000000,0.0000000
44709,0.0000154,0.0000000,0.0000000
44710,0.0000154,0.0000000,0.0000000
44711,0.0000154,0.0000000,0.0000000
44712,0.0000154,0.0000000,0.0000000
44713,0.0000154,0.0000000,0.0000000
44714,0.0000154,0.0000000,0.0000000
44715,0.0000154,0.0000000,0.0000000
44716,0.0000154,0.0000000,0.0000000
44717,0.0000154,0.0000000,0.0000000
44718,0.0000154,0.0000000,0.0000000
44719,0.0000154,0.0000000,0.0000000
44720,0.0000154,0.0000000,0.0000000
44721,0.0000154,0.0000000,0.0000000
44722,0.0000154,0.0000000,0.0000000
44723,0.0000153,0.0000000,0.0000000
44724,0.0000153,0.0000000,0.0000000
44725,0.0000153,0.0000000,0.0000000
44726,0.0000153,0.0000000,0.0000000
44727,0.0000153,0.0000000,0.0000000
44728,0.0000153,0.0000000,0.0000000
44729,0.0000153,0.0000000,0.0000000
44730,0.0000153,0.0000000,0.0000000
44731,0.0000153,0.0000000,0.0000000
44732,0.0000153,0.0000000,0.0000000
44733,0.0000153,0.0000000,0.0000000
44734,0.0000153,0.0000000,0.0000000
44735,0.0000153,0.0000000,0.0000000
44736,0.0000153,0.0000000,0.0000000
44737,0.0000153,0.0000000,0.0000000
44738,0.0000153,0.0000000,0.0000000
44739,0.0000153,0.0000000,0.0000000
44740,0.0000153,0.0000000,0.0000000
44741,0.0000153,0.0000000,0.0000000
44742,0.0000153,0.0000000,0.0000000
44743,0.0000153,0.0000000,0.0000000
44744,0.0000153,0.0000000,0.0000000
44745,0.0000153,0.0000000,0.0000000
44746,0.0000153,0.0000000,0.0000000
44747,0.0000153,0.0000000,0.0000000
44748,0.0000153,0.0000000,0.0000000
44749,0.0000153,0.0000000,0.0000000
44750,0.0000153,0.0000000,0.0000000
44751,0.0000153,0.0000000,0.0000000
44752,0.0000153,0.0000000,0.0000000
44753,0.0000153,0.0000000,0.0000000
44754,0.0000153,0.0000000,0.0000000
44755,0.0000153,0.0000000,0.0000000
44756,0.0000153,0.0000000,0.0000000
44757,0.0000153,0.0000000,0.0000000
44758,0.0000153,0.0000000,0.0000000
44759,0.0000153,0.0000000,0.0000000
44760,0.0000153,0.0000000,0.0000000
44761,0.0000153,0.0000000,0.0000000
44762,0.0000153,0.0000000,0.0000000
44763,0.0000153,0.0000000,0.0000000
44764,0.0000153,0.0000000,0.0000000
44765,0.0000152,0.0000000,0.0000000
44766,0.0000152,0.0000000,0.0000000
44767,0.0000152,0.0000000,0.0000000
44768,0.0000152,0.0000000,0.0000000
44769,0.0000152,0.0000000,0.0000000
44770,0.0000152,0.0000000,0.0000000
44771,0.0000152,0.0000000,0.0000000
44772,0.0000152,0.0000000,0.0000000
44773,0.0000152,0.0000000,0.0000000
44774,0.0000152,0.0000000,0.0000000
44775,0.0000152,0.0000000,0.0000000
44776,0.0000152,0.0000000,0.0000000
44777,0.0000152,0.0000000,0.0000000
44778,0.0000152,0.0000000,0.0000000
44779,0.0000152,0.0000000,0.0000000
44780,0.0000152,0.0000000,0.0000000
44781,0.0000152,0.0000000,0.0000000
44782,0.0000152,0.0000000,0.0000000
44783,0.0000152,0.0000000,0.0000000
44784,0.0000152,0.0000000,0.0000000
44785,0.0000152,0.0000000,0.0000000
44786,0.0000152,0.0000000,0.0000000
44787,0.0000152,0.0000000,0.0000000
44788,0.0000152,0.0000000,0.0000000
44789,0.0000152,0.0000000,0.0000000
44790,0.0000152,0.0000000,0.0000000
44791,0.0000152,0.0000000,0.0000000
44792,0.0000152,0.0000000,0.0000000
44793,0.0000152,0.0000000,0.0000000
44794,0.0000152,0.0000000,0.0000000
44795,0.0000152,0.0000000,0.0000000
44796,0.0000152,0.0000000,0.0000000
44797,0.0000152,0.0000000,0.0000000
44798,0.0000152,0.0000000,0.0000000
44799,0.0000152,0.0000000,0.0000000
44800,0.0000152,0.0000000,0.0000000
44801,0.0000152,0.0000000,0.0000000
44802,0.0000152,0.0000000,0.0000000
44803,0.0000152,0.0000000,0.0000000
44804,0.0000152,0.0000000,0.0000000
44805,0.0000152,0.0000000,0.0000000
44806,0.0000152,0.0000000,0.0000000
44807,0.0000151,0.0000000,0.0000000
44808,0.0000151,0.0000000,0.0000000
44809,0.0000151,0.0000000,0.0000000
44810,0.0000151,0.0000000,0.0000000
44811,0.0000151,0.0000000,0.0000000
44812,0.0000151,0.0000000,0.0000000
44813,0.0000151,0.0000000,0.0000000
44814,0.0000151,0.0000000,0.0000000
44815,0.0000151,0.0000000,0.0000000
44816,0.0000151,0.0000000,0.0000000
44817,0.0000151,0.0000000,0.0000000
44818,0.0000151,0.0000000,0.0000000
44819,0.0000151,0.0000000,0.0000000
44820,0.0000151,0.0000000,0.0000000
44821,0.0000151,0.0000000,0.0000000
44822,0.0000151,0.0000000,0.0000000
44823,0.0000151,0.0000000,0.0000000
44824,0.0000151,0.0000000,0.0000000
44825,0.0000151,0.0000000,0.0000000
44826,0.0000151,0.0000000,0.0000000
44827,0.0000151,0.0000000,0.0000000
44828,0.0000151,0.0000000,0.0000000
44829,0.0000151,0.0000000,0.0000000
44830,0.0000151,0.0000000,0.0000000
44831,0.0000151,0.0000000,0.0000000
44832,0.0000151,0.0000000,0.0000000
44833,0.0000151,0.0000000,0.0000000
44834,0.0000151,0.0000000,0.0000000
44835,0.0000151,0.0000000,0.0000000
44836,0.0000151,0.0000000,0.0000000
44837,0.0000151,0.0000000,0.0000000
44838,0.0000151,0.0000000,0.0000000
44839,0.0000151,0.0000000,0.0000000
44840,0.0000151,0.0000000,0.0000000
44841,0.0000151,0.0000000,0.0000000
44842,0.0000151,0.0000000,0.0000000
44843,0.0000151,0.0000000,0.0000000
44844,0.0000151,0.0000000,0.0000000
44845,0.0000151,0.0000000,0.0000000
44846,0.0000151,0.0000000,0.0000000
44847,0.0000151,0.0000000,0.0000000
44848,0.0000151,0.0000000,0.0000000
44849,0.0000151,0.0000000,0.0000000
44850,0.0000150,0.0000000,0.0000000
44851,0.0000150,0.0000000,0.0000000
44852,0.0000150,0.0000000,0.0000000
44853,0.0000150,0.0000000,0.0000000
44854,0.0000150,0.0000000,0.0000000
44855,0.0000150,0.0000000,0.0000000
44856,0.0000150,0.0000000,0.0000000
44857,0.0000150,0.0000000,0.0000000
44858,0.0000150,0.0000000,0.0000000
44859,0.0000150,0.0000000,0.0000000
44860,0.0000150,0.0000000,0.0000000
44861,0.0000150,0.0000000,0.0000000
44862,0.0000150,0.0000000,0.0000000
44863,0.0000150,0.0000000,0.0000000
44864,0.0000150,0.0000000,0.0000000
44865,0.0000150,0.0000000,0.0000000
44866,0.0000150,0.0000000,0.0000000
44867,0.0000150,0.0000000,0.0000000
44868,0.0000150,0.0000000,0.0000000
44869,0.0000150,0.0000000,0.0000000
44870,0.0000150,0.0000000,0.0000000
44871,0.0000150,0.0000000,0.0000000
44872,0.0000150,0.0000000,0.0000000
44873,0.0000150,0.0000000,0.0000000
44874,0.0000150,0.0000000,0.0000000
44875,0.0000150,0.0000000,0.0000000
44876,0.0000150,0.0000000,0.0000000
44877,0.0000150,0.0000000,0.0000000
44878,0.0000150,0.0000000,0.0000000
44879,0.0000150,0.0000000,0.0000000
44880,0.0000150,0.0000000,0.0000000
44881,0.0000150,0.0000000,0.0000000
44882,0.0000150,0.0000000,0.0000000
44883,0.0000150,0.0000000,0.0000000
44884,0.0000150,0.0000000,0.0000000
44885,0.0000150,0.0000000,0.0000000
44886,0.0000150,0.0000000,0.0000000
44887,0.0000150,0.0000000,0.0000000
44888,0.0000150,0.0000000,0.0000000
44889,0.0000150,0.0000000,0.0000000
44890,0.0000150,0.0000000,0.0000000
44891,0.0000150,0.0000000,0.0000000
44892,0.0000150,0.0000000,0.0000000
44893,0.0000149,0.0000000,0.0000000
44894,0.0000149,0.0000000,0.0000000
44895,0.0000149,0.0000000,0.0000000
44896,0.0000149,0.0000000,0.0000000
44897,0.0000149,0.0000000,0.0000000
44898,0.0000149,0.0000000,0.0000000
44899,0.0000149,0.0000000,0.0000000
44900,0.0000149,0.0000000,0.0000000
44901,0.0000149,0.0000000,0.0000000
44902,0.0000149,0.0000000,0.0000000
44903,0.0000149,0.0000000,0.0000000
44904,0.0000149,0.0000000,0.0000000
44905,0.0000149,0.0000000,0.0000000
44906,0.0000149,0.0000000,0.0000000
44907,0.0000149,0.0000000,0.0000000
44908,0.0000149,0.0000000,0.0000000
44909,0.0000149,0.0000000,0.0000000
44910,0.0000149,0.0000000,0.0000000
44911,0.0000149,0.0000000,0.0000000
44912,0.0000149,0.0000000,0.0000000
44913,0.0000149,0.0000000,0.0000000
44914,0.0000149,0.0000000,0.0000000
44915,0.0000149,0.0000000,0.0000000
44916,0.0000149,0.0000000,0.0000000
44917,0.0000149,0.0000000,0.0000000
44918,0.0000149,0.0000000,0.0000000
44919,0.0000149,0.0000000,0.0000000
44920,0.0000149,0.0000000,0.0000000
44921,0.0000149,0.0000000,0.0000000
44922,0.0000149,0.0000000,0.0000000
44923,0.0000149,0.0000000,0.0000000
44924,0.0000149,0.0000000,0.0000000
44925,0.0000149,0.0000000,0.0000000
44926,0.0000149,0.0000000,0.0000000
44927,0.0000149,0.0000000,0.0000000
44928,0.0000149,0.0000000,0.0000000
44929,0.0000149,0.0000000,0.0000000
44930,0.0000149,0.0000000,0.0000000
44931,0.0000149,0.0000000,0.0000000
44932,0.0000149,0.0000000,0.0000000
44933,0.0000149,0.0000000,0.0000000
44934,0.0000149,0.0000000,0.0000000
44935,0.0000149,0.0000000,0.0000000
44936,0.0000148,0.0000000,0.0000000
44937,0.0000148,0.0000000,0.0000000
44938,0.0000148,0.0000000,0.0000000
44939,0.0000148,0.0000000,0.0000000
44940,0.0000148,0.0000000,0.0000000
44941,0.0000148,0.0000000,0.0000000
44942,0.0000148,0.0000000,0.0000000
44943,0.0000148,0.0000000,0.0000000
44944,0.0000148,0.0000000,0.0000000
44945,0.0000148,0.0000000,0.0000000
44946,0.0000148,0.0000000,0.0000000
44947,0.0000148,0.0000000,0.0000000
44948,0.0000148,0.0000000,0.0000000
44949,0.0000148,0.0000000,0.0000000
44950,0.0000148,0.0000000,0.0000000
44951,0.0000148,0.0000000,0.0000000
44952,0.0000148,0.0000000,0.0000000
44953,0.0000148,0.0000000,0.0000000
44954,0.0000148,0.0000000,0.0000000
44955,0.0000148,0.0000000,0.0000000
44956,0.0000148,0.0000000,0.0000000
44957,0.0000148,0.0000000,0.0000000
44958,0.0000148,0.0000000,0.0000000
44959,0.0000148,0.0000000,0.0000000
44960,0.0000148,0.0000000,0.0000000
44961,0.0000148,0.0000000,0.0000000
44962,0.0000148,0.0000000,0.0000000
44963,0.0000148,0.0000000,0.0000000
44964,0.0000148,0.0000000,0.0000000
44965,0.0000148,0.0000000,0.0000000
44966,0.0000148,0.0000000,0.0000000
44967,0.0000148,0.0000000,0.0000000
44968,0.0000148,0.0000000,0.0000000
44969,0.0000148,0.0000000,0.0000000
44970,0.0000148,0.0000000,0.0000000
44971,0.0000148,0.0000000,0.0000000
44972,0.0000148,0.0000000,0.0000000
44973,0.0000148,0.0000000,0.0000000
44974,0.0000148,0.0000000,0.0000000
44975,0.0000148,0.0000000,0.0000000
44976,0.0000148,0.0000000,0.0000000
44977,0.0000148,0.0000000,0.0000000
44978,0.0000148,0.0000000,0.0000000
44979,0.0000148,0.0000000,0.0000000
44980,0.0000147,0.0000000,0.0000000
44981,0.0000147,0.0000000,0.0000000
44982,0.0000147,0.0000000,0.0000000
44983,0.0000147,0.0000000,0.0000000
44984,0.0000147,0.0000000,0.0000000
44985,0.0000147,0.0000000,0.0000000
44986,0.0000147,0.0000000,0.0000000
44987,0.0000147,0.0000000,0.0000000
44988,0.0000147,0.0000000,0.0000000
44989,0.0000147,0.0000000,0.0000000
44990,0.0000147,0.0000000,0.0000000
44991,0.0000147,0.0000000,0.0000000
44992,0.0000147,0.0000000,0.0000000
44993,0.0000147,0.0000000,0.0000000
44994,0.0000147,0.0000000,0.0000000
44995,0.0000147,0.0000000,0.0000000
44996,0.0000147,0.0000000,0.0000000
44997,0.0000147,0.0000000,0.0000000
44998,0.0000147,0.0000000,0.0000000
44999,0.0000147,0.0000000,0.0000000
45000,0.0000147,0.0000000,0.0000000
45001,0.0000147,0.0000000,0.0000000
45002,0.0000147,0.0000000,0.0000000
45003,0.0000147,0.0000000,0.0000000
45004,0.0000147,0.0000000,0.0000000
45005,0.0000147,0.0000000,0.0000000
45006,0.0000147,0.0000000,0.0000000
45007,0.0000147,0.0000000,0.0000000
45008,0.0000147,0.0000000,0.0000000
45009,0.0000147,0.0000000,0.0000000
45010,0.0000147,0.0000000,0.0000000
45011,0.0000147,0.0000000,0.0000000
45012,0.0000147,0.0000000,0.0000000
45013,0.0000147,0.0000000,0.0000000
45014,0.0000147,0.0000000,0.0000000
45015,0.0000147,0.0000000,0.0000000
45016,0.0000147,0.0000000,0.0000000
45017,0.0000147,0.0000000,0.0000000
45018,0.0000147,0.0000000,0.0000000
45019,0.0000147,0.0000000,0.0000000
45020,0.0000147,0.0000000,0.0000000
45021,0.0000147,0.0000000,0.0000000
45022,0.0000147,0.0000000,0.0000000
45023,0.0000146,0.0000000,0.0000000
45024,0.0000146,0.0000000,0.0000000
45025,0.0000146,0.0000000,0.0000000
45026,0.0000146,0.0000000,0.0000000
45027,0.0000146,0.0000000,0.0000000
45028,0.0000146,0.0000000,0.0000000
45029,0.0000146,0.0000000,0.0000000
45030,0.0000146,0.0000000,0.0000000
45031,0.0000146,0.0000000,0.0000000
45032,0.0000146,0.0000000,0.0000000
45033,0.0000146,0.0000000,0.0000000
45034,0.0000146,0.0000000,0.0000000
45035,0.0000146,0.0000000,0.0000000
45036,0.0000146,0.0000000,0.0000000
45037,0.0000146,0.0000000,0.0000000
45038,0.0000146,0.0000000,0.0000000
45039,0.0000146,0.0000000,0.0000000
45040,0.0000146,0.0000000,0.0000000
45041,0.0000146,0.0000000,0.0000000
45042,0.0000146,0.0000000,0.0000000
45043,0.0000146,0.0000000,0.0000000
45044,0.0000146,0.0000000,0.0000000
45045,0.0000146,0.0000000,0.0000000
45046,0.0000146,0.0000000,0.0000000
45047,0.0000146,0.0000000,0.0000000
45048,0.0000146,0.0000000,0.0000000
45049,0.0000146,0.0000000,0.0000000
45050,0.0000146,0.0000000,0.0000000
45051,0.0000146,0.0000000,0.0000000
45052,0.0000146,0.0000000,0.0000000
45053,0.0000146,0.0000000,0.0000000
45054,0.0000146,0.0000000,0.0000000
45055,0.0000146,0.0000000,0.0000000
45056,0.0000146,0.0000000,0.0000000
45057,0.0000146,0.0000000,0.0000000
45058,0.0000146,0.0000000,0.0000000
45059,0.0000146,0.0000000,0.0000000
45060,0.0000146,0.0000000,0.0000000
45061,0.0000146,0.0000000,0.0000000
45062,0.0000146,0.0000000,0.0000000
45063,0.0000146,0.0000000,0.0000000
45064,0.0000146,0.0000000,0.0000000
45065,0.0000146,0.0000000,0.0000000
45066,0.0000146,0.0000000,0.0000000
45067,0.0000146,0.0000000,0.0000000
45068,0.0000145,0.0000000,0.0000000
45069,0.0000145,0.0000000,0.0000000
45070,0.0000145,0.0000000,0.0000000
45071,0.0000145,0.0000000,0.0000000
45072,0.0000145,0.0000000,0.0000000
45073,0.0000145,0.0000000,0.0000000
45074,0.0000145,0.0000000,0.0000000
45075,0.0000145,0.0000000,0.0000000
45076,0.0000145,0.0000000,0.0000000
45077,0.0000145,0.0000000,0.0000000
45078,0.0000145,0.0000000,0.0000000
45079,0.0000145,0.0000000,0.0000000
45080,0.0000145,0.0000000,0.0000000
45081,0.0000145,0.0000000,0.0000000
45082,0.0000145,0.0000000,0.0000000
45083,0.0000145,0.0000000,0.0000000
45084,0.0000145,0.0000000,0.0000000
45085,0.0000145,0.0000000,0.0000000
45086,0.0000145,0.0000000,0.0000000
45087,0.0000145,0.0000000,0.0000000
45088,0.0000145,0.0000000,0.0000000
45089,0.0000145,0.0000000,0.0000000
45090,0.0000145,0.0000000,0.0000000
45091,0.0000145,0.0000000,0.0000000
45092,0.0000145,0.0000000,0.0000000
45093,0.0000145,0.0000000,0.0000000
45094,0.0000145,0.0000000,0.0000000
45095,0.0000145,0.0000000,0.0000000
45096,0.0000145,0.0000000,0.0000000
45097,0.0000145,0.0000000,0.0000000
45098,0.0000145,0.0000000,0.0000000
45099,0.0000145,0.0000000,0.0000000
45100,0.0000145,0.0000000,0.0000000
45101,0.0000145,0.0000000,0.0000000
45102,0.0000145,0.0000000,0.0000000
45103,0.0000145,0.0000000,0.0000000
45104,0.0000145,0.0000000,0.0000000
45105,0.0000145,0.0000000,0.0000000
45106,0.0000145,0.0000000,0.0000000
45107,0.0000145,0.0000000,0.0000000
45108,0.0000145,0.0000000,0.0000000
45109,0.0000145,0.0000000,0.0000000
45110,0.0000145,0.0000000,0.0000000
45111,0.0000145,0.0000000,0.0000000
45112,0.0000144,0.0000000,0.0000000
45113,0.0000144,0.0000000,0.0000000
45114,0.0000144,0.0000000,0.0000000
45115,0.0000144,0.0000000,0.0000000
45116,0.0000144,0.0000000,0.0000000
45117,0.0000144,0.0000000,0.0000000
45118,0.0000144,0.0000000,0.0000000
45119,0.0000144,0.0000000,0.0000000
45120,0.0000144,0.0000000,0.0000000
45121,0.0000144,0.0000000,0.0000000
45122,0.0000144,0.0000000,0.0000000
45123,0.0000144,0.0000000,0.0000000
45124,0.0000144,0.0000000,0.0000000
45125,0.0000144,0.0000000,0.0000000
45126,0.0000144,0.0000000,0.0000000
45127,0.0000144,0.0000000,0.0000000
45128,0.0000144,0.0000000,0.0000000
45129,0.0000144,0.0000000,0.0000000
45130,0.0000144,0.0000000,0.0000000
45131,0.0000144,0.0000000,0.0000000
45132,0.0000144,0.0000000,0.0000000
45133,0.0000144,0.0000000,0.0000000
45134,0.0000144,0.0000000,0.0000000
45135,0.0000144,0.0000000,0.0000000
45136,0.0000144,0.0000000,0.0000000
45137,0.0000144,0.0000000,0.0000000
45138,0.0000144,0.0000000,0.0000000
45139,0.0000144,0.0000000,0.0000000
45140,0.0000144,0.0000000,0.0000000
45141,0.0000144,0.0000000,0.0000000
45142,0.0000144,0.0000000,0.0000000
45143,0.0000144,0.0000000,0.0000000
45144,0.0000144,0.0000000,0.0000000
45145,0.0000144,0.0000000,0.0000000
45146,0.0000144,0.0000000,0.0000000
45147,0.0000144,0.0000000,0.0000000
45148,0.0000144,0.0000000,0.0000000
45149,0.0000144,0.0000000,0.0000000
45150,0.0000144,0.0000000,0.0000000
45151,0.0000144,0.0000000,0.0000000
45152,0.0000144,0.0000000,0.0000000
45153,0.0000144,0.0000000,0.0000000
45154,0.0000144,0.0000000,0.0000000
45155,0.0000144,0.0000000,0.0000000
45156,0.0000144,0.0000000,0.0000000
45157,0.0000143,0.0000000,0.0000000
45158,0.0000143,0.0000000,0.0000000
45159,0.0000143,0.0000000,0.0000000
45160,0.0000143,0.0000000,0.0000000
45161,0.0000143,0.0000000,0.0000000
45162,0.0000143,0.0000000,0.0000000
45163,0.0000143,0.0000000,0.0000000
45164,0.0000143,0.0000000,0.0000000
45165,0.0000143,0.0000000,0.0000000
45166,0.0000143,0.0000000,0.0000000
45167,0.0000143,0.0000000,0.0000000
45168,0.0000143,0.0000000,0.0000000
45169,0.0000143,0.0000000,0.0000000
45170,0.0000143,0.0000000,0.0000000
45171,0.0000143,0.0000000,0.0000000
45172,0.0000143,0.0000000,0.0000000
45173,0.0000143,0.0000000,0.0000000
45174,0.0000143,0.0000000,0.0000000
45175,0.0000143,0.0000000,0.0000000
45176,0.0000143,0.0000000,0.0000000
45177,0.0000143,0.0000000,0.0000000
45178,0.0000143,0.0000000,0.0000000
45179,0.0000143,0.0000000,0.0000000
45180,0.0000143,0.0000000,0.0000000
45181,0.0000143,0.0000000,0.0000000
45182,0.0000143,0.0000000,0.0000000
45183,0.0000143,0.0000000,0.0000000
45184,0.0000143,0.0000000,0.0000000
45185,0.0000143,0.0000000,0.0000000
45186,0.0000143,0.0000000,0.0000000
45187,0.0000143,0.0000000,0.0000000
45188,0.0000143,0.0000000,0.0000000
45189,0.0000143,0.0000000,0.0000000
45190,0.0000143,0.0000000,0.0000000
45191,0.0000143,0.0000000,0.0000000
45192,0.0000143,0.0000000,0.0000000
45193,0.0000143,0.0000000,0.0000000
45194,0.0000143,0.0000000,0.0000000
45195,0.0000143,0.0000000,0.0000000
45196,0.0000143,0.0000000,0.0000000
45197,0.0000143,0.0000000,0.0000000
45198,0.0000143,0.0000000,0.0000000
45199,0.0000143,0.0000000,0.0000000
45200,0.0000143,0.0000000,0.0000000
45201,0.0000143,0.0000000,0.0000000
45202,0.0000142,0.0000000,0.0000000
45203,0.0000142,0.0000000,0.0000000
45204,0.0000142,0.0000000,0.0000000
45205,0.0000142,0.0000000,0.0000000
45206,0.0000142,0.0000000,0.0000000
45207,0.0000142,0.0000000,0.0000000
45208,0.0000142,0.0000000,0.0000000
45209,0.0000142,0.0000000,0.0000000
45210,0.0000142,0.0000000,0.0000000
45211,0.0000142,0.0000000,0.0000000
45212,0.0000142,0.0000000,0.0000000
45213,0.0000142,0.0000000,0.0000000
45214,0.0000142,0.0000000,0.0000000
45215,0.0000142,0.0000000,0.0000000
45216,0.0000142,0.0000000,0.0000000
45217,0.0000142,0.0000000,0.0000000
45218,0.0000142,0.0000000,0.0000000
45219,0.0000142,0.0000000,0.0000000
45220,0.0000142,0.0000000,0.0000000
45221,0.0000142,0.0000000,0.0000000
45222,0.0000142,0.0000000,0.0000000
45223,0.0000142,0.0000000,0.0000000
45224,0.0000142,0.0000000,0.0000000
45225,0.0000142,0.0000000,0.0000000
45226,0.0000142,0.0000000,0.0000000
45227,0.0000142,0.0000000,0.0000000
45228,0.0000142,0.0000000,0.0000000
45229,0.0000142,0.0000000,0.0000000
45230,0.0000142,0.0000000,0.0000000
45231,0.0000142,0.0000000,0.0000000
45232,0.0000142,0.0000000,0.0000000
45233,0.0000142,0.0000000,0.0000000
45234,0.0000142,0.0000000,0.0000000
45235,0.0000142,0.0000000,0.0000000
45236,0.0000142,0.0000000,0.0000000
45237,0.0000142,0.0000000,0.0000000
45238,0.0000142,0.0000000,0.0000000
45239,0.0000142,0.0000000,0.0000000
45240,0.0000142,0.0000000,0.0000000
45241,0.0000142,0.0000000,0.0000000
45242,0.0000142,0.0000000,0.0000000
45243,0.0000142,0.0000000,0.0000000
45244,0.0000142,0.0000000,0.0000000
45245,0.0000142,0.0000000,0.0000000
45246,0.0000142,0.0000000,0.0000000
45247,0.0000142,0.0000000,0.0000000
45248,0.0000141,0.0000000,0.0000000
45249,0.0000141,0.0000000,0.0000000
45250,0.0000141,0.0000000,0.0000000
45251,0.0000141,0.0000000,0.0000000
45252,0.0000141,0.0000000,0.0000000
45253,0.0000141,0.0000000,0.0000000
45254,0.0000141,0.0000000,0.0000000
45255,0.0000141,0.0000000,0.0000000
45256,0.0000141,0.0000000,0.0000000
45257,0.0000141,0.0000000,0.0000000
45258,0.0000141,0.0000000,0.0000000
45259,0.0000141,0.0000000,0.0000000
45260,0.0000141,0.0000000,0.0000000
45261,0.0000141,0.0000000,0.0000000
45262,0.0000141,0.0000000,0.0000000
45263,0.0000141,0.0000000,0.0000000
45264,0.0000141,0.0000000,0.0000000
45265,0.0000141,0.0000000,0.0000000
45266,0.0000141,0.0000000,0.0000000
45267,0.0000141,0.0000000,0.0000000
45268,0.0000141,0.0000000,0.0000000
45269,0.0000141,0.0000000,0.0000000
45270,0.0000141,0.0000000,0.0000000
45271,0.0000141,0.0000000,0.0000000
45272,0.0000141,0.0000000,0.0000000
45273,0.0000141,0.0000000,0.0000000
45274,0.0000141,0.0000000,0.0000000
45275,0.0000141,0.0000000,0.0000000
45276,0.0000141,0.0000000,0.0000000
45277,0.0000141,0.0000000,0.0000000
45278,0.0000141,0.0000000,0.0000000
45279,0.0000141,0.0000000,0.0000000
45280,0.0000141,0.0000000,0.0000000
45281,0.0000141,0.0000000,0.0000000
45282,0.0000141,0.0000000,0.0000000
45283,0.0000141,0.0000000,0.0000000
45284,0.0000141,0.0000000,0.0000000
45285,0.0000141,0.0000000,0.0000000
45286,0.0000141,0.0000000,0.0000000
45287,0.0000141,0.0000000,0.0000000
45288,0.0000141,0.0000000,0.0000000
45289,0.0000141,0.0000000,0.0000000
45290,0.0000141,0.0000000,0.0000000
45291,0.0000141,0.0000000,0.0000000
45292,0.0000141,0.0000000,0.0000000
45293,0.0000140,0.0000000,0.0000000
45294,0.0000140,0.0000000,0.0000000
45295,0.0000140,0.0000000,0.0000000
45296,0.0000140,0.0000000,0.0000000
45297,0.0000140,0.0000000,0.0000000
45298,0.0000140,0.0000000,0.0000000
45299,0.0000140,0.0000000,0.0000000
45300,0.0000140,0.0000000,0.0000000
45301,0.0000140,0.0000000,0.0000000
45302,0.0000140,0.0000000,0.0000000
45303,0.0000140,0.0000000,0.0000000
45304,0.0000140,0.0000000,0.0000000
45305,0.0000140,0.0000000,0.0000000
45306,0.0000140,0.0000000,0.0000000
45307,0.0000140,0.0000000,0.0000000
45308,0.0000140,0.0000000,0.0000000
45309,0.0000140,0.0000000,0.0000000
45310,0.0000140,0.0000000,0.0000000
45311,0.0000140,0.0000000,0.0000000
45312,0.0000140,0.0000000,0.0000000
45313,0.0000140,0.0000000,0.0000000
45314,0.0000140,0.0000000,0.0000000
45315,0.0000140,0.0000000,0.0000000
45316,0.0000140,0.0000000,0.0000000
45317,0.0000140,0.0000000,0.0000000
45318,0.0000140,0.0000000,0.0000000
45319,0.0000140,0.0000000,0.0000000
45320,0.0000140,0.0000000,0.0000000
45321,0.0000140,0.0000000,0.0000000
45322,0.0000140,0.0000000,0.0000000
45323,0.0000140,0.0000000,0.0000000
45324,0.0000140,0.0000000,0.0000000
45325,0.0000140,0.0000000,0.0000000
45326,0.0000140,0.0000000,0.0000000
45327,0.0000140,0.0000000,0.0000000
45328,0.0000140,0.0000000,0.0000000
45329,0.0000140,0.0000000,0.0000000
45330,0.0000140,0.0000000,0.0000000
45331,0.0000140,0.0000000,0.0000000
45332,0.0000140,0.0000000,0.0000000
45333,0.0000140,0.0000000,0.0000000
45334,0.0000140,0.0000000,0.0000000
45335,0.0000140,0.0000000,0.0000000
45336,0.0000140,0.0000000,0.0000000
45337,0.0000140,0.0000000,0.0000000
45338,0.0000140,0.0000000,0.0000000
45339,0.0000139,0.0000000,0.0000000
45340,0.0000139,0.0000000,0.0000000
45341,0.0000139,0.0000000,0.0000000
45342,0.0000139,0.0000000,0.0000000
45343,0.0000139,0.0000000,0.0000000
45344,0.0000139,0.0000000,0.0000000
45345,0.0000139,0.0000000,0.0000000
45346,0.0000139,0.0000000,0.0000000
45347,0.0000139,0.0000000,0.0000000
45348,0.0000139,0.0000000,0.0000000
45349,0.0000139,0.0000000,0.0000000
45350,0.0000139,0.0000000,0.0000000
45351,0.0000139,0.0000000,0.0000000
45352,0.0000139,0.0000000,0.0000000
45353,0.0000139,0.0000000,0.0000000
45354,0.0000139,0.0000000,0.0000000
45355,0.0000139,0.0000000,0.0000000
45356,0.0000139,0.0000000,0.0000000
45357,0.0000139,0.0000000,0.0000000
45358,0.0000139,0.0000000,0.0000000
45359,0.0000139,0.0000000,0.0000000
45360,0.0000139,0.0000000,0.0000000
45361,0.0000139,0.0000000,0.0000000
45362,0.0000139,0.0000000,0.0000000
45363,0.0000139,0.0000000,0.0000000
45364,0.0000139,0.0000000,0.0000000
45365,0.0000139,0.0000000,0.0000000
45366,0.0000139,0.0000000,0.0000000
45367,0.0000139,0.0000000,0.0000000
45368,0.0000139,0.0000000,0.0000000
45369,0.0000139,0.0000000,0.0000000
45370,0.0000139,0.0000000,0.0000000
45371,0.0000139,0.0000000,0.0000000
45372,0.0000139,0.0000000,0.0000000
45373,0.0000139,0.0000000,0.0000000
45374,0.0000139,0.0000000,0.0000000
45375,0.0000139,0.0000000,0.0000000
45376,0.0000139,0.0000000,0.0000000
45377,0.0000139,0.0000000,0.0000000
45378,0.0000139,0.0000000,0.0000000
45379,0.0000139,0.0000000,0.0000000
45380,0.0000139,0.0000000,0.0000000
45381,0.0000139,0.0000000,0.0000000
45382,0.0000139,0.0000000,0.0000000
45383,0.0000139,0.0000000,0.0000000
45384,0.0000139,0.0000000,0.0000000
45385,0.0000139,0.0000000,0.0000000
45386,0.0000138,0.0000000,0.0000000
45387,0.0000138,0.0000000,0.0000000
45388,0.0000138,0.0000000,0.0000000
45389,0.0000138,0.0000000,0.0000000
45390,0.0000138,0.0000000,0.0000000
45391,0.0000138,0.0000000,0.0000000
45392,0.0000138,0.0000000,0.0000000
45393,0.0000138,0.0000000,0.0000000
45394,0.0000138,0.0000000,0.0000000
45395,0.0000138,0.0000000,0.0000000
45396,0.0000138,0.0000000,0.0000000
45397,0.0000138,0.0000000,0.0000000
45398,0.0000138,0.0000000,0.0000000
45399,0.0000138,0.0000000,0.0000000
45400,0.0000138,0.0000000,0.0000000
45401,0.0000138,0.0000000,0.0000000
45402,0.0000138,0.0000000,0.0000000
45403,0.0000138,0.0000000,0.0000000
45404,0.0000138,0.0000000,0.0000000
45405,0.0000138,0.0000000,0.0000000
45406,0.0000138,0.0000000,0.0000000
45407,0.0000138,0.0000000,0.0000000
45408,0.0000138,0.0000000,0.0000000
45409,0.0000138,0.0000000,0.0000000
45410,0.0000138,0.0000000,0.0000000
45411,0.0000138,0.0000000,0.0000000
45412,0.0000138,0.0000000,0.0000000
45413,0.0000138,0.0000000,0.0000000
45414,0.0000138,0.0000000,0.0000000
45415,0.0000138,0.0000000,0.0000000
45416,0.0000138,0.0000000,0.0000000
45417,0.0000138,0.0000000,0.0000000
45418,0.0000138,0.0000000,0.0000000
45419,0.0000138,0.0000000,0.0000000
45420,0.0000138,0.0000000,0.0000000
45421,0.0000138,0.0000000,0.0000000
45422,0.0000138,0.0000000,0.0000000
45423,0.0000138,0.0000000,0.0000000
45424,0.0000138,0.0000000,0.0000000
45425,0.0000138,0.0000000,0.0000000
45426,0.0000138,0.0000000,0.0000000
45427,0.0000138,0.0000000,0.0000000
45428,0.0000138,0.0000000,0.0000000
45429,0.0000138,0.0000000,0.0000000
45430,0.0000138,0.0000000,0.0000000
45431,0.0000138,0.0000000,0.0000000
45432,0.0000138,0.0000000,0.0000000
45433,0.0000137,0.0000000,0.0000000
45434,0.0000137,0.0000000,0.0000000
45435,0.0000137,0.0000000,0.0000000
45436,0.0000137,0.0000000,0.0000000
45437,0.0000137,0.0000000,0.0000000
45438,0.0000137,0.0000000,0.0000000
45439,0.0000137,0.0000000,0.0000000
45440,0.0000137,0.0000000,0.0000000
45441,0.0000137,0.0000000,0.0000000
45442,0.0000137,0.0000000,0.0000000
45443,0.0000137,0.0000000,0.0000000
45444,0.0000137,0.0000000,0.0000000
45445,0.0000137,0.0000000,0.0000000
45446,0.0000137,0.0000000,0.0000000
45447,0.0000137,0.0000000,0.0000000
45448,0.0000137,0.0000000,0.0000000
45449,0.0000137,0.0000000,0.0000000
45450,0.0000137,0.0000000,0.0000000
45451,0.0000137,0.0000000,0.0000000
45452,0.0000137,0.0000000,0.0000000
45453,0.0000137,0.0000000,0.0000000
45454,0.0000137,0.0000000,0.0000000
45455,0.0000137,0.0000000,0.0000000
45456,0.0000137,0.0000000,0.0000000
45457,0.0000137,0.0000000,0.0000000
45458,0.0000137,0.0000000,0.0000000
45459,0.0000137,0.0000000,0.0000000
45460,0.0000137,0.0000000,0.0000000
45461,0.0000137,0.0000000,0.0000000
45462,0.0000137,0.0000000,0.0000000
45463,0.0000137,0.0000000,0.0000000
45464,0.0000137,0.0000000,0.0000000
45465,0.0000137,0.0000000,0.0000000
45466,0.0000137,0.0000000,0.0000000
45467,0.0000137,0.0000000,0.0000000
45468,0.0000137,0.0000000,0.0000000
45469,0.0000137,0.0000000,0.0000000
45470,0.0000137,0.0000000,0.0000000
45471,0.0000137,0.0000000,0.0000000
45472,0.0000137,0.0000000,0.0000000
45473,0.0000137,0.0000000,0.0000000
45474,0.0000137,0.0000000,0.0000000
45475,0.0000137,0.0000000,0.0000000
45476,0.0000137,0.0000000,0.0000000
45477,0.0000137,0.0000000,0.0000000
45478,0.0000137,0.0000000,0.0000000
45479,0.0000137,0.0000000,0.0000000
45480,0.0000136,0.0000000,0.0000000
45481,0.0000136,0.0000000,0.0000000
45482,0.0000136,0.0000000,0.0000000
45483,0.0000136,0.0000000,0.0000000
45484,0.0000136,0.0000000,0.0000000
45485,0.0000136,0.0000000,0.0000000
45486,0.0000136,0.0000000,0.0000000
45487,0.0000136,0.0000000,0.0000000
45488,0.0000136,0.0000000,0.0000000
45489,0.0000136,0.0000000,0.0000000
45490,0.0000136,0.0000000,0.0000000
45491,0.0000136,0.0000000,0.0000000
45492,0.0000136,0.0000000,0.0000000
45493,0.0000136,0.0000000,0.0000000
45494,0.0000136,0.0000000,0.0000000
45495,0.0000136,0.0000000,0.0000000
45496,0.0000136,0.0000000,0.0000000
45497,0.0000136,0.0000000,0.0000000
45498,0.0000136,0.0000000,0.0000000
45499,0.0000136,0.0000000,0.0000000
45500,0.0000136,0.0000000,0.0000000
45501,0.0000136,0.0000000,0.0000000
45502,0.0000136,0.0000000,0.0000000
45503,0.0000136,0.0000000,0.0000000
45504,0.0000136,0.0000000,0.0000000
45505,0.0000136,0.0000000,0.0000000
45506,0.0000136,0.0000000,0.0000000
45507,0.0000136,0.0000000,0.0000000
45508,0.0000136,0.0000000,0.0000000
45509,0.0000136,0.0000000,0.0000000
45510,0.0000136,0.0000000,0.0000000
45511,0.0000136,0.0000000,0.0000000
45512,0.0000136,0.0000000,0.0000000
45513,0.0000136,0.0000000,0.0000000
45514,0.0000136,0.0000000,0.0000000
45515,0.0000136,0.0000000,0.0000000
45516,0.0000136,0.0000000,0.0000000
45517,0.0000136,0.0000000,0.0000000
45518,0.0000136,0.0000000,0.0000000
45519,0.0000136,0.0000000,0.0000000
45520,0.0000136,0.0000000,0.0000000
45521,0.0000136,0.0000000,0.0000000
45522,0.0000136,0.0000000,0.0000000
45523,0.0000136,0.0000000,0.0000000
45524,0.0000136,0.0000000,0.0000000
45525,0.0000136,0.0000000,0.0000000
45526,0.0000136,0.0000000,0.0000000
45527,0.0000135,0.0000000,0.0000000
45528,0.0000135,0.0000000,0.0000000
45529,0.0000135,0.0000000,0.0000000
45530,0.0000135,0.0000000,0.0000000
45531,0.0000135,0.0000000,0.0000000
45532,0.0000135,0.0000000,0.0000000
45533,0.0000135,0.0000000,0.0000000
45534,0.0000135,0.0000000,0.0000000
45535,0.0000135,0.0000000,0.0000000
45536,0.0000135,0.0000000,0.0000000
45537,0.0000135,0.0000000,0.0000000
45538,0.0000135,0.0000000,0.0000000
45539,0.0000135,0.0000000,0.0000000
45540,0.0000135,0.0000000,0.0000000
45541,0.0000135,0.0000000,0.0000000
45542,0.0000135,0.0000000,0.0000000
45543,0.0000135,0.0000000,0.0000000
45544,0.0000135,0.0000000,0.0000000
45545,0.0000135,0.0000000,0.0000000
45546,0.0000135,0.0000000,0.0000000
45547,0.0000135,0.0000000,0.0000000
45548,0.0000135,0.0000000,0.0000000
45549,0.0000135,0.0000000,0.0000000
45550,0.0000135,0.0000000,0.0000000
45551,0.0000135,0.0000000,0.0000000
45552,0.0000135,0.0000000,0.0000000
45553,0.0000135,0.0000000,0.0000000
45554,0.0000135,0.0000000,0.0000000
45555,0.0000135,0.0000000,0.0000000
45556,0.0000135,0.0000000,0.0000000
45557,0.0000135,0.0000000,0.0000000
45558,0.0000135,0.0000000,0.0000000
45559,0.0000135,0.0000000,0.0000000
45560,0.0000135,0.0000000,0.0000000
45561,0.0000135,0.0000000,0.0000000
45562,0.0000135,0.0000000,0.0000000
45563,0.0000135,0.0000000,0.0000000
45564,0.0000135,0.0000000,0.0000000
45565,0.0000135,0.0000000,0.0000000
45566,0.0000135,0.0000000,0.0000000
45567,0.0000135,0.0000000,0.0000000
45568,0.0000135,0.0000000,0.0000000
45569,0.0000135,0.0000000,0.0000000
45570,0.0000135,0.0000000,0.0000000
45571,0.0000135,0.0000000,0.0000000
45572,0.0000135,0.0000000,0.0000000
45573,0.0000135,0.0000000,0.0000000
45574,0.0000135,0.0000000,0.0000000
45575,0.0000134,0.0000000,0.0000000
45576,0.0000134,0.0000000,0.0000000
45577,0.0000134,0.0000000,0.0000000
45578,0.0000134,0.0000000,0.0000000
45579,0.0000134,0.0000000,0.0000000
45580,0.0000134,0.0000000,0.0000000
45581,0.0000134,0.0000000,0.0000000
45582,0.0000134,0.0000000,0.0000000
45583,0.0000134,0.0000000,0.0000000
45584,0.0000134,0.0000000,0.0000000
45585,0.0000134,0.0000000,0.0000000
45586,0.0000134,0.0000000,0.0000000
45587,0.0000134,0.0000000,0.0000000
45588,0.0000134,0.0000000,0.0000000
45589,0.0000134,0.0000000,0.0000000
45590,0.0000134,0.0000000,0.0000000
45591,0.0000134,0.0000000,0.0000000
45592,0.0000134,0.0000000,0.0000000
45593,0.0000134,0.0000000,0.0000000
45594,0.0000134,0.0000000,0.0000000
45595,0.0000134,0.0000000,0.0000000
45596,0.0000134,0.0000000,0.0000000
45597,0.0000134,0.0000000,0.0000000
45598,0.0000134,0.0000000,0.0000000
45599,0.0000134,0.0000000,0.0000000
45600,0.0000134,0.0000000,0.0000000
45601,0.0000134,0.0000000,0.0000000
45602,0.0000134,0.0000000,0.0000000
45603,0.0000134,0.0000000,0.0000000
45604,0.0000134,0.0000000,0.0000000
45605,0.0000134,0.0000000,0.0000000
45606,0.0000134,0.0000000,0.0000000
45607,0.0000134,0.0000000,0.0000000
45608,0.0000134,0.0000000,0.0000000
45609,0.0000134,0.0000000,0.0000000
45610,0.0000134,0.0000000,0.0000000
45611,0.0000134,0.0000000,0.0000000
45612,0.0000134,0.0000000,0.0000000
45613,0.0000134,0.0000000,0.0000000
45614,0.0000134,0.0000000,0.0000000
45615,0.0000134,0.0000000,0.0000000
45616,0.0000134,0.0000000,0.0000000
45617,0.0000134,0.0000000,0.0000000
45618,0.0000134,0.0000000,0.0000000
45619,0.0000134,0.0000000,0.0000000
45620,0.0000134,0.0000000,0.0000000
45621,0.0000134,0.0000000,0.0000000
45622,0.0000134,0.0000000,0.0000000
45623,0.0000134,0.0000000,0.0000000
45624,0.0000133,0.0000000,0.0000000
45625,0.0000133,0.0000000,0.0000000
45626,0.0000133,0.0000000,0.0000000
45627,0.0000133,0.0000000,0.0000000
45628,0.0000133,0.0000000,0.0000000
45629,0.0000133,0.0000000,0.0000000
45630,0.0000133,0.0000000,0.0000000
45631,0.0000133,0.0000000,0.0000000
45632,0.0000133,0.0000000,0.0000000
45633,0.0000133,0.0000000,0.0000000
45634,0.0000133,0.0000000,0.0000000
45635,0.0000133,0.0000000,0.0000000
45636,0.0000133,0.0000000,0.0000000
45637,0.0000133,0.0000000,0.0000000
45638,0.0000133,0.0000000,0.0000000
45639,0.0000133,0.0000000,0.0000000
45640,0.0000133,0.0000000,0.0000000
45641,0.0000133,0.0000000,0.0000000
45642,0.0000133,0.0000000,0.0000000
45643,0.0000133,0.0000000,0.0000000
45644,0.0000133,0.0000000,0.0000000
45645,0.0000133,0.0000000,0.0000000
45646,0.0000133,0.0000000,0.0000000
45647,0.0000133,0.0000000,0.0000000
45648,0.0000133,0.0000000,0.0000000
45649,0.0000133,0.0000000,0.0000000
45650,0.0000133,0.0000000,0.0000000
45651,0.0000133,0.0000000,0.0000000
45652,0.0000133,0.0000000,0.0000000
45653,0.0000133,0.0000000,0.0000000
45654,0.0000133,0.0000000,0.0000000
45655,0.0000133,0.0000000,0.0000000
45656,0.0000133,0.0000000,0.0000000
45657,0.0000133,0.0000000,0.0000000
45658,0.0000133,0.0000000,0.0000000
45659,0.0000133,0.0000000,0.0000000
45660,0.0000133,0.0000000,0.0000000
45661,0.0000133,0.0000000,0.0000000
45662,0.0000133,0.0000000,0.0000000
45663,0.0000133,0.0000000,0.0000000
45664,0.0000133,0.0000000,0.0000000
45665,0.0000133,0.0000000,0.0000000
45666,0.0000133,0.0000000,0.0000000
45667,0.0000133,0.0000000,0.0000000
45668,0.0000133,0.0000000,0.0000000
45669,0.0000133,0.0000000,0.0000000
45670,0.0000133,0.0000000,0.0000000
45671,0.0000133,0.0000000,0.0000000
45672,0.0000132,0.0000000,0.0000000
45673,0.0000132,0.0000000,0.0000000
45674,0.0000132,0.0000000,0.0000000
45675,0.0000132,0.0000000,0.0000000
45676,0.0000132,0.0000000,0.0000000
45677,0.0000132,0.0000000,0.0000000
45678,0.0000132,0.0000000,0.0000000
45679,0.0000132,0.0000000,0.0000000
45680,0.0000132,0.0000000,0.0000000
45681,0.0000132,0.0000000,0.0000000
45682,0.0000132,0.0000000,0.0000000
45683,0.0000132,0.0000000,0.0000000
45684,0.0000132,0.0000000,0.0000000
45685,0.0000132,0.0000000,0.0000000
45686,0.0000132,0.0000000,0.0000000
45687,0.0000132,0.0000000,0.0000000
45688,0.0000132,0.0000000,0.0000000
45689,0.0000132,0.0000000,0.0000000
45690,0.0000132,0.0000000,0.0000000
45691,0.0000132,0.0000000,0.0000000
45692,0.0000132,0.0000000,0.0000000
45693,0.0000132,0.0000000,0.0000000
45694,0.0000132,0.0000000,0.0000000
45695,0.0000132,0.0000000,0.0000000
45696,0.0000132,0.0000000,0.0000000
45697,0.0000132,0.0000000,0.0000000
45698,0.0000132,0.0000000,0.0000000
45699,0.0000132,0.0000000,0.0000000
45700,0.0000132,0.0000000,0.0000000
45701,0.0000132,0.0000000,0.0000000
45702,0.0000132,0.0000000,0.0000000
45703,0.0000132,0.0000000,0.0000000
45704,0.0000132,0.0000000,0.0000000
45705,0.0000132,0.0000000,0.0000000
45706,0.0000132,0.0000000,0.0000000
45707,0.0000132,0.0000000,0.0000000
45708,0.0000132,0.0000000,0.0000000
45709,0.0000132,0.0000000,0.0000000
45710,0.0000132,0.0000000,0.0000000
45711,0.0000132,0.0000000,0.0000000
45712,0.0000132,0.0000000,0.0000000
45713,0.0000132,0.0000000,0.0000000
45714,0.0000132,0.0000000,0.0000000
45715,0.0000132,0.0000000,0.0000000
45716,0.0000132,0.0000000,0.0000000
45717,0.0000132,0.0000000,0.0000000
45718,0.0000132,0.0000000,0.0000000
45719,0.0000132,0.0000000,0.0000000
45720,0.0000132,0.0000000,0.0000000
45721,0.0000131,0.0000000,0.0000000
45722,0.0000131,0.0000000,0.0000000
45723,0.0000131,0.0000000,0.0000000
45724,0.0000131,0.0000000,0.0000000
45725,0.0000131,0.0000000,0.0000000
45726,0.0000131,0.0000000,0.0000000
45727,0.0000131,0.0000000,0.0000000
45728,0.0000131,0.0000000,0.0000000
45729,0.0000131,0.0000000,0.0000000
45730,0.0000131,0.0000000,0.0000000
45731,0.0000131,0.0000000,0.0000000
45732,0.0000131,0.0000000,0.0000000
45733,0.0000131,0.0000000,0.0000000
45734,0.0000131,0.0000000,0.0000000
45735,0.0000131,0.0000000,0.0000000
45736,0.0000131,0.0000000,0.0000000
45737,0.0000131,0.0000000,0.0000000
45738,0.0000131,0.0000000,0.0000000
45739,0.0000131,0.0000000,0.0000000
45740,0.0000131,0.0000000,0.0000000
45741,0.0000131,0.0000000,0.0000000
45742,0.0000131,0.0000000,0.0000000
45743,0.0000131,0.0000000,0.0000000
45744,0.0000131,0.0000000,0.0000000
45745,0.0000131,0.0000000,0.0000000
45746,0.0000131,0.0000000,0.0000000
45747,0.0000131,0.0000000,0.0000000
45748,0.0000131,0.0000000,0.0000000
45749,0.0000131,0.0000000,0.0000000
45750,0.0000131,0.0000000,0.0000000
45751,0.0000131,0.0000000,0.0000000
45752,0.0000131,0.0000000,0.0000000
45753,0.0000131,0.0000000,0.0000000
45754,0.0000131,0.0000000,0.0000000
45755,0.0000131,0.0000000,0.0000000
45756,0.0000131,0.0000000,0.0000000
45757,0.0000131,0.0000000,0.0000000
45758,0.0000131,0.0000000,0.0000000
45759,0.0000131,0.0000000,0.0000000
45760,0.0000131,0.0000000,0.0000000
45761,0.0000131,0.0000000,0.0000000
45762,0.0000131,0.0000000,0.0000000
45763,0.0000131,0.0000000,0.0000000
45764,0.0000131,0.0000000,0.0000000
45765,0.0000131,0.0000000,0.0000000
45766,0.0000131,0.0000000,0.0000000
45767,0.0000131,0.0000000,0.0000000
45768,0.0000131,0.0000000,0.0000000
45769,0.0000131,0.0000000,0.0000000
45770,0.0000130,0.0000000,0.0000000
45771,0.0000130,0.0000000,0.0000000
45772,0.0000130,0.0000000,0.0000000
45773,0.0000130,0.0000000,0.0000000
45774,0.0000130,0.0000000,0.0000000
45775,0.0000130,0.0000000,0.0000000
45776,0.0000130,0.0000000,0.0000000
45777,0.0000130,0.0000000,0.0000000
45778,0.0000130,0.0000000,0.0000000
45779,0.0000130,0.0000000,0.0000000
45780,0.0000130,0.0000000,0.0000000
45781,0.0000130,0.0000000,0.0000000
45782,0.0000130,0.0000000,0.0000000
45783,0.0000130,0.0000000,0.0000000
45784,0.0000130,0.0000000,0.0000000
45785,0.0000130,0.0000000,0.0000000
45786,0.0000130,0.0000000,0.0000000
45787,0.0000130,0.0000000,0.0000000
45788,0.0000130,0.0000000,0.0000000
45789,0.0000130,0.0000000,0.0000000
45790,0.0000130,0.0000000,0.0000000
45791,0.0000130,0.0000000,0.0000000
45792,0.0000130,0.0000000,0.0000000
45793,0.0000130,0.0000000,0.0000000
45794,0.0000130,0.0000000,0.0000000
45795,0.0000130,0.0000000,0.0000000
45796,0.0000130,0.0000000,0.0000000
45797,0.0000130,0.0000000,0.0000000
45798,0.0000130,0.0000000,0.0000000
45799,0.0000130,0.0000000,0.0000000
45800,0.0000130,0.0000000,0.0000000
45801,0.0000130,0.0000000,0.0000000
45802,0.0000130,0.0000000,0.0000000
45803,0.0000130,0.0000000,0.0000000
45804,0.0000130,0.0000000,0.0000000
45805,0.0000130,0.0000000,0.0000000
45806,0.0000130,0.0000000,0.0000000
45807,0.0000130,0.0000000,0.0000000
45808,0.0000130,0.0000000,0.0000000
45809,0.0000130,0.0000000,0.0000000
45810,0.0000130,0.0000000,0.0000000
45811,0.0000130,0.0000000,0.0000000
45812,0.0000130,0.0000000,0.0000000
45813,0.0000130,0.0000000,0.0000000
45814,0.0000130,0.0000000,0.0000000
45815,0.0000130,0.0000000,0.0000000
45816,0.0000130,0.0000000,0.0000000
45817,0.0000130,0.0000000,0.0000000
45818,0.0000130,0.0000000,0.0000000
45819,0.0000130,0.0000000,0.0000000
45820,0.0000129,0.0000000,0.0000000
45821,0.0000129,0.0000000,0.0000000
45822,0.0000129,0.0000000,0.0000000
45823,0.0000129,0.0000000,0.0000000
45824,0.0000129,0.0000000,0.0000000
45825,0.0000129,0.0000000,0.0000000
45826,0.0000129,0.0000000,0.0000000
45827,0.0000129,0.0000000,0.0000000
45828,0.0000129,0.0000000,0.0000000
45829,0.0000129,0.0000000,0.0000000
45830,0.0000129,0.0000000,0.0000000
45831,0.0000129,0.0000000,0.0000000
45832,0.0000129,0.0000000,0.0000000
45833,0.0000129,0.0000000,0.0000000
45834,0.0000129,0.0000000,0.0000000
45835,0.0000129,0.0000000,0.0000000
45836,0.0000129,0.0000000,0.0000000
45837,0.0000129,0.0000000,0.0000000
45838,0.0000129,0.0000000,0.0000000
45839,0.0000129,0.0000000,0.0000000
45840,0.0000129,0.0000000,0.0000000
45841,0.0000129,0.0000000,0.0000000
45842,0.0000129,0.0000000,0.0000000
45843,0.0000129,0.0000000,0.0000000
45844,0.0000129,0.0000000,0.0000000
45845,0.0000129,0.0000000,0.0000000
45846,0.0000129,0.0000000,0.0000000
45847,0.0000129,0.0000000,0.0000000
45848,0.0000129,0.0000000,0.0000000
45849,0.0000129,0.0000000,0.0000000
45850,0.0000129,0.0000000,0.0000000
45851,0.0000129,0.0000000,0.0000000
45852,0.0000129,0.0000000,0.0000000
45853,0.0000129,0.0000000,0.0000000
45854,0.0000129,0.0000000,0.0000000
45855,0.0000129,0.0000000,0.0000000
45856,0.0000129,0.0000000,0.0000000
45857,0.0000129,0.0000000,0.0000000
45858,0.0000129,0.0000000,0.0000000
45859,0.0000129,0.0000000,0.0000000
45860,0.0000129,0.0000000,0.0000000
45861,0.0000129,0.0000000,0.0000000
45862,0.0000129,0.0000000,0.0000000
45863,0.0000129,0.0000000,0.0000000
45864,0.0000129,0.0000000,0.0000000
45865,0.0000129,0.0000000,0.0000000
45866,0.0000129,0.0000000,0.0000000
45867,0.0000129,0.0000000,0.0000000
45868,0.0000129,0.0000000,0.0000000
45869,0.0000129,0.0000000,0.0000000
45870,0.0000128,0.0000000,0.0000000
45871,0.0000128,0.0000000,0.0000000
45872,0.0000128,0.0000000,0.0000000
45873,0.0000128,0.0000000,0.0000000
45874,0.0000128,0.0000000,0.0000000
45875,0.0000128,0.0000000,0.0000000
45876,0.0000128,0.0000000,0.0000000
45877,0.0000128,0.0000000,0.0000000
45878,0.0000128,0.0000000,0.0000000
45879,0.0000128,0.0000000,0.0000000
45880,0.0000128,0.0000000,0.0000000
45881,0.0000128,0.0000000,0.0000000
45882,0.0000128,0.0000000,0.0000000
45883,0.0000128,0.0000000,0.0000000
45884,0.0000128,0.0000000,0.0000000
45885,0.0000128,0.0000000,0.0000000
45886,0.0000128,0.0000000,0.0000000
45887,0.0000128,0.0000000,0.0000000
45888,0.0000128,0.0000000,0.0000000
45889,0.0000128,0.0000000,0.0000000
45890,0.0000128,0.0000000,0.0000000
45891,0.0000128,0.0000000,0.0000000
45892,0.0000128,0.0000000,0.0000000
45893,0.0000128,0.0000000,0.0000000
45894,0.0000128,0.0000000,0.0000000
45895,0.0000128,0.0000000,0.0000000
45896,0.0000128,0.0000000,0.0000000
45897,0.0000128,0.0000000,0.0000000
45898,0.0000128,0.0000000,0.0000000
45899,0.0000128,0.0000000,0.0000000
45900,0.0000128,0.0000000,0.0000000
45901,0.0000128,0.0000000,0.0000000
45902,0.0000128,0.0000000,0.0000000
45903,0.0000128,0.0000000,0.0000000
45904,0.0000128,0.0000000,0.0000000
45905,0.0000128,0.0000000,0.0000000
45906,0.0000128,0.0000000,0.0000000
45907,0.0000128,0.0000000,0.0000000
45908,0.0000128,0.0000000,0.0000000
45909,0.0000128,0.0000000,0.0000000
45910,0.0000128,0.0000000,0.0000000
45911,0.0000128,0.0000000,0.0000000
45912,0.0000128,0.0000000,0.0000000
45913,0.0000128,0.0000000,0.0000000
45914,0.0000128,0.0000000,0.0000000
45915,0.0000128,0.0000000,0.0000000
45916,0.0000128,0.0000000,0.0000000
45917,0.0000128,0.0000000,0.0000000
45918,0.0000128,0.0000000,0.0000000
45919,0.0000128,0.0000000,0.0000000
45920,0.0000128,0.0000000,0.0000000
45921,0.0000127,0.0000000,0.0000000
45922,0.0000127,0.0000000,0.0000000
45923,0.0000127,0.0000000,0.0000000
45924,0.0000127,0.0000000,0.0000000
45925,0.0000127,0.0000000,0.0000000
45926,0.0000127,0.0000000,0.0000000
45927,0.0000127,0.0000000,0.0000000
45928,0.0000127,0.0000000,0.0000000
45929,0.0000127,0.0000000,0.0000000
45930,0.0000127,0.0000000,0.0000000
45931,0.0000127,0.0000000,0.0000000
45932,0.0000127,0.0000000,0.0000000
45933,0.0000127,0.0000000,0.0000000
45934,0.0000127,0.0000000,0.0000000
45935,0.0000127,0.0000000,0.0000000
45936,0.0000127,0.0000000,0.0000000
45937,0.0000127,0.0000000,0.0000000
45938,0.0000127,0.0000000,0.0000000
45939,0.0000127,0.0000000,0.0000000
45940,0.0000127,0.0000000,0.0000000
45941,0.0000127,0.0000000,0.0000000
45942,0.0000127,0.0000000,0.0000000
45943,0.0000127,0.0000000,0.0000000
45944,0.0000127,0.0000000,0.0000000
45945,0.0000127,0.0000000,0.0000000
45946,0.0000127,0.0000000,0.0000000
45947,0.0000127,0.0000000,0.0000000
45948,0.0000127,0.0000000,0.0000000
45949,0.0000127,0.0000000,0.0000000
45950,0.0000127,0.0000000,0.0000000
45951,0.0000127,0.0000000,0.0000000
45952,0.0000127,0.0000000,0.0000000
45953,0.0000127,0.0000000,0.0000000
45954,0.0000127,0.0000000,0.0000000
45955,0.0000127,0.0000000,0.0000000
45956,0.0000127,0.0000000,0.0000000
45957,0.0000127,0.0000000,0.0000000
45958,0.0000127,0.0000000,0.0000000
45959,0.0000127,0.0000000,0.0000000
45960,0.0000127,0.0000000,0.0000000
45961,0.0000127,0.0000000,0.0000000
45962,0.0000127,0.0000000,0.0000000
45963,0.0000127,0.0000000,0.0000000
45964,0.0000127,0.0000000,0.0000000
45965,0.0000127,0.0000000,0.0000000
45966,0.0000127,0.0000000,0.0000000
45967,0.0000127,0.0000000,0.0000000
45968,0.0000127,0.0000000,0.0000000
45969,0.0000127,0.0000000,0.0000000
45970,0.0000127,0.0000000,0.0000000
45971,0.0000127,0.0000000,0.0000000
45972,0.0000126,0.0000000,0.0000000
45973,0.0000126,0.0000000,0.0000000
45974,0.0000126,0.0000000,0.0000000
45975,0.0000126,0.0000000,0.0000000
45976,0.0000126,0.0000000,0.0000000
45977,0.0000126,0.0000000,0.0000000
45978,0.0000126,0.0000000,0.0000000
45979,0.0000126,0.0000000,0.0000000
45980,0.0000126,0.0000000,0.0000000
45981,0.0000126,0.0000000,0.0000000
45982,0.0000126,0.0000000,0.0000000
45983,0.0000126,0.0000000,0.0000000
45984,0.0000126,0.0000000,0.0000000
45985,0.0000126,0.0000000,0.0000000
45986,0.0000126,0.0000000,0.0000000
45987,0.0000126,0.0000000,0.0000000
45988,0.0000126,0.0000000,0.0000000
45989,0.0000126,0.0000000,0.0000000
45990,0.0000126,0.0000000,0.0000000
45991,0.0000126,0.0000000,0.0000000
45992,0.0000126,0.0000000,0.0000000
45993,0.0000126,0.0000000,0.0000000
45994,0.0000126,0.0000000,0.0000000
45995,0.0000126,0.0000000,0.0000000
45996,0.0000126,0.0000000,0.0000000
45997,0.0000126,0.0000000,0.0000000
45998,0.0000126,0.0000000,0.0000000
45999,0.0000126,0.0000000,0.0000000
46000,0.0000126,0.0000000,0.0000000
46001,0.0000126,0.0000000,0.0000000
46002,0.0000126,0.0000000,0.0000000
46003,0.0000126,0.0000000,0.0000000
46004,0.0000126,0.0000000,0.0000000
46005,0.0000126,0.0000000,0.0000000
46006,0.0000126,0.0000000,0.0000000
46007,0.0000126,0.0000000,0.0000000
46008,0.0000126,0.0000000,0.0000000
46009,0.0000126,0.0000000,0.0000000
46010,0.0000126,0.0000000,0.0000000
46011,0.0000126,0.0000000,0.0000000
46012,0.0000126,0.0000000,0.0000000
46013,0.0000126,0.0000000,0.0000000
46014,0.0000126,0.0000000,0.0000000
46015,0.0000126,0.0000000,0.0000000
46016,0.0000126,0.0000000,0.0000000
46017,0.0000126,0.0000000,0.0000000
46018,0.0000126,0.0000000,0.0000000
46019,0.0000126,0.0000000,0.0000000
46020,0.0000126,0.0000000,0.0000000
46021,0.0000126,0.0000000,0.0000000
46022,0.0000126,0.0000000,0.0000000
46023,0.0000125,0.0000000,0.0000000
46024,0.0000125,0.0000000,0.0000000
46025,0.0000125,0.0000000,0.0000000
46026,0.0000125,0.0000000,0.0000000
46027,0.0000125,0.0000000,0.0000000
46028,0.0000125,0.0000000,0.0000000
46029,0.0000125,0.0000000,0.0000000
46030,0.0000125,0.0000000,0.0000000
46031,0.0000125,0.0000000,0.0000000
46032,0.0000125,0.0000000,0.0000000
46033,0.0000125,0.0000000,0.0000000
46034,0.0000125,0.0000000,0.0000000
46035,0.0000125,0.0000000,0.0000000
46036,0.0000125,0.0000000,0.0000000
46037,0.0000125,0.0000000,0.0000000
46038,0.0000125,0.0000000,0.0000000
46039,0.0000125,0.0000000,0.0000000
46040,0.0000125,0.0000000,0.0000000
46041,0.0000125,0.0000000,0.0000000
46042,0.0000125,0.0000000,0.0000000
46043,0.0000125,0.0000000,0.0000000
46044,0.0000125,0.0000000,0.0000000
46045,0.0000125,0.0000000,0.0000000
46046,0.0000125,0.0000000,0.0000000
46047,0.0000125,0.0000000,0.0000000
46048,0.0000125,0.0000000,0.0000000
46049,0.0000125,0.0000000,0.0000000
46050,0.0000125,0.0000000,0.0000000
46051,0.0000125,0.0000000,0.0000000
46052,0.0000125,0.0000000,0.0000000
46053,0.0000125,0.0000000,0.0000000
46054,0.0000125,0.0000000,0.0000000
46055,0.0000125,0.0000000,0.0000000
46056,0.0000125,0.0000000,0.0000000
46057,0.0000125,0.0000000,0.0000000
46058,0.0000125,0.0000000,0.0000000
46059,0.0000125,0.0000000,0.0000000
46060,0.0000125,0.0000000,0.0000000
46061,0.0000125,0.0000000,0.0000000
46062,0.0000125,0.0000000,0.0000000
46063,0.0000125,0.0000000,0.0000000
46064,0.0000125,0.0000000,0.0000000
46065,0.0000125,0.0000000,0.0000000
46066,0.0000125,0.0000000,0.0000000
46067,0.0000125,0.0000000,0.0000000
46068,0.0000125,0.0000000,0.0000000
46069,0.0000125,0.0000000,0.0000000
46070,0.0000125,0.0000000,0.0000000
46071,0.0000125,0.0000000,0.0000000
46072,0.0000125,0.0000000,0.0000000
46073,0.0000125,0.0000000,0.0000000
46074,0.0000125,0.0000000,0.0000000
46075,0.0000124,0.0000000,0.0000000
46076,0.0000124,0.0000000,0.0000000
46077,0.0000124,0.0000000,0.0000000
46078,0.0000124,0.0000000,0.0000000
46079,0.0000124,0.0000000,0.0000000
46080,0.0000124,0.0000000,0.0000000
46081,0.0000124,0.0000000,0.0000000
46082,0.0000124,0.0000000,0.0000000
46083,0.0000124,0.0000000,0.0000000
46084,0.0000124,0.0000000,0.0000000
46085,0.0000124,0.0000000,0.0000000
46086,0.0000124,0.0000000,0.0000000
46087,0.0000124,0.0000000,0.0000000
46088,0.0000124,0.0000000,0.0000000
46089,0.0000124,0.0000000,0.0000000
46090,0.0000124,0.0000000,0.0000000
46091,0.0000124,0.0000000,0.0000000
46092,0.0000124,0.0000000,0.0000000
46093,0.0000124,0.0000000,0.0000000
46094,0.0000124,0.0000000,0.0000000
46095,0.0000124,0.0000000,0.0000000
46096,0.0000124,0.0000000,0.0000000
46097,0.0000124,0.0000000,0.0000000
46098,0.0000124,0.0000000,0.0000000
46099,0.0000124,0.0000000,0.0000000
46100,0.0000124,0.0000000,0.0000000
46101,0.0000124,0.0000000,0.0000000
46102,0.0000124,0.0000000,0.0000000
46103,0.0000124,0.0000000,0.0000000
46104,0.0000124,0.0000000,0.0000000
46105,0.0000124,0.0000000,0.0000000
46106,0.0000124,0.0000000,0.0000000
46107,0.0000124,0.0000000,0.0000000
46108,0.0000124,0.0000000,0.0000000
46109,0.0000124,0.0000000,0.0000000
46110,0.0000124,0.0000000,0.0000000
46111,0.0000124,0.0000000,0.0000000
46112,0.0000124,0.0000000,0.0000000
46113,0.0000124,0.0000000,0.0000000
46114,0.0000124,0.0000000,0.0000000
46115,0.0000124,0.0000000,0.0000000
46116,0.0000124,0.0000000,0.0000000
46117,0.0000124,0.0000000,0.0000000
46118,0.0000124,0.0000000,0.0000000
46119,0.0000124,0.0000000,0.0000000
46120,0.0000124,0.0000000,0.0000000
46121,0.0000124,0.0000000,0.0000000
46122,0.0000124,0.0000000,0.0000000
46123,0.0000124,0.0000000,0.0000000
46124,0.0000124,0.0000000,0.0000000
46125,0.0000124,0.0000000,0.0000000
46126,0.0000124,0.0000000,0.0000000
46127,0.0000123,0.0000000,0.0000000
46128,0.0000123,0.0000000,0.0000000
46129,0.0000123,0.0000000,0.0000000
46130,0.0000123,0.0000000,0.0000000
46131,0.0000123,0.0000000,0.0000000
46132,0.0000123,0.0000000,0.0000000
46133,0.0000123,0.0000000,0.0000000
46134,0.0000123,0.0000000,0.0000000
46135,0.0000123,0.0000000,0.0000000
46136,0.0000123,0.0000000,0.0000000
46137,0.0000123,0.0000000,0.0000000
46138,0.0000123,0.0000000,0.0000000
46139,0.0000123,0.0000000,0.0000000
46140,0.0000123,0.0000000,0.0000000
46141,0.0000123,0.0000000,0.0000000
46142,0.0000123,0.0000000,0.0000000
46143,0.0000123,0.0000000,0.0000000
46144,0.0000123,0.0000000,0.0000000
46145,0.0000123,0.0000000,0.0000000
46146,0.0000123,0.0000000,0.0000000
46147,0.0000123,0.0000000,0.0000000
46148,0.0000123,0.0000000,0.0000000
46149,0.0000123,0.0000000,0.0000000
46150,0.0000123,0.0000000,0.0000000
46151,0.0000123,0.0000000,0.0000000
46152,0.0000123,0.0000000,0.0000000
46153,0.0000123,0.0000000,0.0000000
46154,0.0000123,0.0000000,0.0000000
46155,0.0000123,0.0000000,0.0000000
46156,0.0000123,0.0000000,0.0000000
46157,0.0000123,0.0000000,0.0000000
46158,0.0000123,0.0000000,0.0000000
46159,0.0000123,0.0000000,0.0000000
46160,0.0000123,0.0000000,0.0000000
46161,0.0000123,0.0000000,0.0000000
46162,0.0000123,0.0000000,0.0000000
46163,0.0000123,0.0000000,0.0000000
46164,0.0000123,0.0000000,0.0000000
46165,0.0000123,0.0000000,0.0000000
46166,0.0000123,0.0000000,0.0000000
46167,0.0000123,0.0000000,0.0000000
46168,0.0000123,0.0000000,0.0000000
46169,0.0000123,0.0000000,0.0000000
46170,0.0000123,0.0000000,0.0000000
46171,0.0000123,0.0000000,0.0000000
46172,0.0000123,0.0000000,0.0000000
46173,0.0000123,0.0000000,0.0000000
46174,0.0000123,0.0000000,0.0000000
46175,0.0000123,0.0000000,0.0000000
46176,0.0000123,0.0000000,0.0000000
46177,0.0000123,0.0000000,0.0000000
46178,0.0000123,0.0000000,0.0000000
46179,0.0000123,0.0000000,0.0000000
46180,0.0000122,0.0000000,0.0000000
46181,0.0000122,0.0000000,0.0000000
46182,0.0000122,0.0000000,0.0000000
46183,0.0000122,0.0000000,0.0000000
46184,0.0000122,0.0000000,0.0000000
46185,0.0000122,0.0000000,0.0000000
46186,0.0000122,0.0000000,0.0000000
46187,0.0000122,0.0000000,0.0000000
46188,0.0000122,0.0000000,0.0000000
46189,0.0000122,0.0000000,0.0000000
46190,0.0000122,0.0000000,0.0000000
46191,0.0000122,0.0000000,0.0000000
46192,0.0000122,0.0000000,0.0000000
46193,0.0000122,0.0000000,0.0000000
46194,0.0000122,0.0000000,0.0000000
46195,0.0000122,0.0000000,0.0000000
46196,0.0000122,0.0000000,0.0000000
46197,0.0000122,0.0000000,0.0000000
46198,0.0000122,0.0000000,0.0000000
46199,0.0000122,0.0000000,0.0000000
46200,0.0000122,0.0000000,0.0000000
46201,0.0000122,0.0000000,0.0000000
46202,0.0000122,0.0000000,0.0000000
46203,0.0000122,0.0000000,0.0000000
46204,0.0000122,0.0000000,0.0000000
46205,0.0000122,0.0000000,0.0000000
46206,0.0000122,0.0000000,0.0000000
46207,0.0000122,0.0000000,0.0000000
46208,0.0000122,0.0000000,0.0000000
46209,0.0000122,0.0000000,0.0000000
46210,0.0000122,0.0000000,0.0000000
46211,0.0000122,0.0000000,0.0000000
46212,0.0000122,0.0000000,0.0000000
46213,0.0000122,0.0000000,0.0000000
46214,0.0000122,0.0000000,0.0000000
46215,0.0000122,0.0000000,0.0000000
46216,0.0000122,0.0000000,0.0000000
46217,0.0000122,0.0000000,0.0000000
46218,0.0000122,0.0000000,0.0000000
46219,0.0000122,0.0000000,0.0000000
46220,0.0000122,0.0000000,0.0000000
46221,0.0000122,0.0000000,0.0000000
46222,0.0000122,0.0000000,0.0000000
46223,0.0000122,0.0000000,0.0000000
46224,0.0000122,0.0000000,0.0000000
46225,0.0000122,0.0000000,0.0000000
46226,0.0000122,0.0000000,0.0000000
46227,0.0000122,0.0000000,0.0000000
46228,0.0000122,0.0000000,0.0000000
46229,0.0000122,0.0000000,0.0000000
46230,0.0000122,0.0000000,0.0000000
46231,0.0000122,0.0000000,0.0000000
46232,0.0000122,0.0000000,0.0000000
46233,0.0000121,0.0000000,0.0000000
46234,0.0000121,0.0000000,0.0000000
46235,0.0000121,0.0000000,0.0000000
46236,0.0000121,0.0000000,0.0000000
46237,0.0000121,0.0000000,0.0000000
46238,0.0000121,0.0000000,0.0000000
46239,0.0000121,0.0000000,0.0000000
46240,0.0000121,0.0000000,0.0000000
46241,0.0000121,0.0000000,0.0000000
46242,0.0000121,0.0000000,0.0000000
46243,0.0000121,0.0000000,0.0000000
46244,0.0000121,0.0000000,0.0000000
46245,0.0000121,0.0000000,0.0000000
46246,0.0000121,0.0000000,0.0000000
46247,0.0000121,0.0000000,0.0000000
46248,0.0000121,0.0000000,0.0000000
46249,0.0000121,0.0000000,0.0000000
46250,0.0000121,0.0000000,0.0000000
46251,0.0000121,0.0000000,0.0000000
46252,0.0000121,0.0000000,0.0000000
46253,0.0000121,0.0000000,0.0000000
46254,0.0000121,0.0000000,0.0000000
46255,0.0000121,0.0000000,0.0000000
46256,0.0000121,0.0000000,0.0000000
46257,0.0000121,0.0000000,0.0000000
46258,0.0000121,0.0000000,0.0000000
46259,0.0000121,0.0000000,0.0000000
46260,0.0000121,0.0000000,0.0000000
46261,0.0000121,0.0000000,0.0000000
46262,0.0000121,0.0000000,0.0000000
46263,0.0000121,0.0000000,0.0000000
46264,0.0000121,0.0000000,0.0000000
46265,0.0000121,0.0000000,0.0000000
46266,0.0000121,0.0000000,0.0000000
46267,0.0000121,0.0000000,0.0000000
46268,0.0000121,0.0000000,0.0000000
46269,0.0000121,0.0000000,0.0000000
46270,0.0000121,0.0000000,0.0000000
46271,0.0000121,0.0000000,0.0000000
46272,0.0000121,0.0000000,0.0000000
46273,0.0000121,0.0000000,0.0000000
46274,0.0000121,0.0000000,0.0000000
46275,0.0000121,0.0000000,0.0000000
46276,0.0000121,0.0000000,0.0000000
46277,0.0000121,0.0000000,0.0000000
46278,0.0000121,0.0000000,0.0000000
46279,0.0000121,0.0000000,0.0000000
46280,0.0000121,0.0000000,0.0000000
46281,0.0000121,0.0000000,0.0000000
46282,0.0000121,0.0000000,0.0000000
46283,0.0000121,0.0000000,0.0000000
46284,0.0000121,0.0000000,0.0000000
46285,0.0000121,0.0000000,0.0000000
46286,0.0000121,0.0000000,0.0000000
46287,0.0000120,0.0000000,0.0000000
46288,0.0000120,0.0000000,0.0000000
46289,0.0000120,0.0000000,0.0000000
46290,0.0000120,0.0000000,0.0000000
46291,0.0000120,0.0000000,0.0000000
46292,0.0000120,0.0000000,0.0000000
46293,0.0000120,0.0000000,0.0000000
46294,0.0000120,0.0000000,0.0000000
46295,0.0000120,0.0000000,0.0000000
46296,0.0000120,0.0000000,0.0000000
46297,0.0000120,0.0000000,0.0000000
46298,0.0000120,0.0000000,0.0000000
46299,0.0000120,0.0000000,0.0000000
46300,0.0000120,0.0000000,0.0000000
46301,0.0000120,0.0000000,0.0000000
46302,0.0000120,0.0000000,0.0000000
46303,0.0000120,0.0000000,0.0000000
46304,0.0000120,0.0000000,0.0000000
46305,0.0000120,0.0000000,0.0000000
46306,0.0000120,0.0000000,0.0000000
46307,0.0000120,0.0000000,0.0000000
46308,0.0000120,0.0000000,0.0000000
46309,0.0000120,0.0000000,0.0000000
46310,0.0000120,0.0000000,0.0000000
46311,0.0000120,0.0000000,0.0000000
46312,0.0000120,0.0000000,0.0000000
46313,0.0000120,0.0000000,0.0000000
46314,0.0000120,0.0000000,0.0000000
46315,0.0000120,0.0000000,0.0000000
46316,0.0000120,0.0000000,0.0000000
46317,0.0000120,0.0000000,0.0000000
46318,0.0000120,0.0000000,0.0000000
46319,0.0000120,0.0000000,0.0000000
46320,0.0000120,0.0000000,0.0000000
46321,0.0000120,0.0000000,0.0000000
46322,0.0000120,0.0000000,0.0000000
46323,0.0000120,0.0000000,0.0000000
46324,0.0000120,0.0000000,0.0000000
46325,0.0000120,0.0000000,0.0000000
46326,0.0000120,0.0000000,0.0000000
46327,0.0000120,0.0000000,0.0000000
46328,0.0000120,0.0000000,0.0000000
46329,0.0000120,0.0000000,0.0000000
46330,0.0000120,0.0000000,0.0000000
46331,0.0000120,0.0000000,0.0000000
46332,0.0000120,0.0000000,0.0000000
46333,0.0000120,0.0000000,0.0000000
46334,0.0000120,0.0000000,0.0000000
46335,0.0000120,0.0000000,0.0000000
46336,0.0000120,0.0000000,0.0000000
46337,0.0000120,0.0000000,0.0000000
46338,0.0000120,0.0000000,0.0000000
46339,0.0000120,0.0000000,0.0000000
46340,0.0000120,0.0000000,0.0000000
46341,0.0000119,0.0000000,0.0000000
46342,0.0000119,0.0000000,0.0000000
46343,0.0000119,0.0000000,0.0000000
46344,0.0000119,0.0000000,0.0000000
46345,0.0000119,0.0000000,0.0000000
46346,0.0000119,0.0000000,0.0000000
46347,0.0000119,0.0000000,0.0000000
46348,0.0000119,0.0000000,0.0000000
46349,0.0000119,0.0000000,0.0000000
46350,0.0000119,0.0000000,0.0000000
46351,0.0000119,0.0000000,0.0000000
46352,0.0000119,0.0000000,0.0000000
46353,0.0000119,0.0000000,0.0000000
46354,0.0000119,0.0000000,0.0000000
46355,0.0000119,0.0000000,0.0000000
46356,0.0000119,0.0000000,0.0000000
46357,0.0000119,0.0000000,0.0000000
46358,0.0000119,0.0000000,0.0000000
46359,0.0000119,0.0000000,0.0000000
46360,0.0000119,0.0000000,0.0000000
46361,0.0000119,0.0000000,0.0000000
46362,0.0000119,0.0000000,0.0000000
46363,0.0000119,0.0000000,0.0000000
46364,0.0000119,0.0000000,0.0000000
46365,0.0000119,0.0000000,0.0000000
46366,0.0000119,0.0000000,0.0000000
46367,0.0000119,0.0000000,0.0000000
46368,0.0000119,0.0000000,0.0000000
46369,0.0000119,0.0000000,0.0000000
46370,0.0000119,0.0000000,0.0000000
46371,0.0000119,0.0000000,0.0000000
46372,0.0000119,0.0000000,0.0000000
46373,0.0000119,0.0000000,0.0000000
46374,0.0000119,0.0000000,0.0000000
46375,0.0000119,0.0000000,0.0000000
46376,0.0000119,0.0000000,0.0000000
46377,0.0000119,0.0000000,0.0000000
46378,0.0000119,0.0000000,0.0000000
46379,0.0000119,0.0000000,0.0000000
46380,0.0000119,0.0000000,0.0000000
46381,0.0000119,0.0000000,0.0000000
46382,0.0000119,0.0000000,0.0000000
46383,0.0000119,0.0000000,0.0000000
46384,0.0000119,0.0000000,0.0000000
46385,0.0000119,0.0000000,0.0000000
46386,0.0000119,0.0000000,0.0000000
46387,0.0000119,0.0000000,0.0000000
46388,0.0000119,0.0000000,0.0000000
46389,0.0000119,0.0000000,0.0000000
46390,0.0000119,0.0000000,0.0000000
46391,0.0000119,0.0000000,0.0000000
46392,0.0000119,0.0000000,0.0000000
46393,0.0000119,0.0000000,0.0000000
46394,0.0000119,0.0000000,0.0000000
46395,0.0000118,0.0000000,0.0000000
46396,0.0000118,0.0000000,0.0000000
46397,0.0000118,0.0000000,0.0000000
46398,0.0000118,0.0000000,0.0000000
46399,0.0000118,0.0000000,0.0000000
46400,0.0000118,0.0000000,0.0000000
46401,0.0000118,0.0000000,0.0000000
46402,0.0000118,0.0000000,0.0000000
46403,0.0000118,0.0000000,0.0000000
46404,0.0000118,0.0000000,0.0000000
46405,0.0000118,0.0000000,0.0000000
46406,0.0000118,0.0000000,0.0000000
46407,0.0000118,0.0000000,0.0000000
46408,0.0000118,0.0000000,0.0000000
46409,0.0000118,0.0000000,0.0000000
46410,0.0000118,0.0000000,0.0000000
46411,0.0000118,0.0000000,0.0000000
46412,0.0000118,0.0000000,0.0000000
46413,0.0000118,0.0000000,0.0000000
46414,0.0000118,0.0000000,0.0000000
46415,0.0000118,0.0000000,0.0000000
46416,0.0000118,0.0000000,0.0000000
46417,0.0000118,0.0000000,0.0000000
46418,0.0000118,0.0000000,0.0000000
46419,0.0000118,0.0000000,0.0000000
46420,0.0000118,0.0000000,0.0000000
46421,0.0000118,0.0000000,0.0000000
46422,0.0000118,0.0000000,0.0000000
46423,0.0000118,0.0000000,0.0000000
46424,0.0000118,0.0000000,0.0000000
46425,0.0000118,0.0000000,0.0000000
46426,0.0000118,0.0000000,0.0000000
46427,0.0000118,0.0000000,0.0000000
46428,0.0000118,0.0000000,0.0000000
46429,0.0000118,0.0000000,0.0000000
46430,0.0000118,0.0000000,0.0000000
46431,0.0000118,0.0000000,0.0000000
46432,0.0000118,0.0000000,0.0000000
46433,0.0000118,0.0000000,0.0000000
46434,0.0000118,0.0000000,0.0000000
46435,0.0000118,0.0000000,0.0000000
46436,0.0000118,0.0000000,0.0000000
46437,0.0000118,0.0000000,0.0000000
46438,0.0000118,0.0000000,0.0000000
46439,0.0000118,0.0000000,0.0000000
46440,0.0000118,0.0000000,0.0000000
46441,0.0000118,0.0000000,0.0000000
46442,0.0000118,0.0000000,0.0000000
46443,0.0000118,0.0000000,0.0000000
46444,0.0000118,0.0000000,0.0000000
46445,0.0000118,0.0000000,0.0000000
46446,0.0000118,0.0000000,0.0000000
46447,0.0000118,0.0000000,0.0000000
46448,0.0000118,0.0000000,0.0000000
46449,0.0000118,0.0000000,0.0000000
46450,0.0000117,0.0000000,0.0000000
46451,0.0000117,0.0000000,0.0000000
46452,0.0000117,0.0000000,0.0000000
46453,0.0000117,0.0000000,0.0000000
46454,0.0000117,0.0000000,0.0000000
46455,0.0000117,0.0000000,0.0000000
46456,0.0000117,0.0000000,0.0000000
46457,0.0000117,0.0000000,0.0000000
46458,0.0000117,0.0000000,0.0000000
46459,0.0000117,0.0000000,0.0000000
46460,0.0000117,0.0000000,0.0000000
46461,0.0000117,0.0000000,0.0000000
46462,0.0000117,0.0000000,0.0000000
46463,0.0000117,0.0000000,0.0000000
46464,0.0000117,0.0000000,0.0000000
46465,0.0000117,0.0000000,0.0000000
46466,0.0000117,0.0000000,0.0000000
46467,0.0000117,0.0000000,0.0000000
46468,0.0000117,0.0000000,0.0000000
46469,0.0000117,0.0000000,0.0000000
46470,0.0000117,0.0000000,0.0000000
46471,0.0000117,0.0000000,0.0000000
46472,0.0000117,0.0000000,0.0000000
46473,0.0000117,0.0000000,0.0000000
46474,0.0000117,0.0000000,0.0000000
46475,0.0000117,0.0000000,0.0000000
46476,0.0000117,0.0000000,0.0000000
46477,0.0000117,0.0000000,0.0000000
46478,0.0000117,0.0000000,0.0000000
46479,0.0000117,0.0000000,0.0000000
46480,0.0000117,0.0000000,0.0000000
46481,0.0000117,0.0000000,0.0000000
46482,0.0000117,0.0000000,0.0000000
46483,0.0000117,0.0000000,0.0000000
46484,0.0000117,0.0000000,0.0000000
46485,0.0000117,0.0000000,0.0000000
46486,0.0000117,0.0000000,0.0000000
46487,0.0000117,0.0000000,0.0000000
46488,0.0000117,0.0000000,0.0000000
46489,0.0000117,0.0000000,0.0000000
46490,0.0000117,0.0000000,0.0000000
46491,0.0000117,0.0000000,0.0000000
46492,0.0000117,0.0000000,0.0000000
46493,0.0000117,0.0000000,0.0000000
46494,0.0000117,0.0000000,0.0000000
46495,0.0000117,0.0000000,0.0000000
46496,0.0000117,0.0000000,0.0000000
46497,0.0000117,0.0000000,0.0000000
46498,0.0000117,0.0000000,0.0000000
46499,0.0000117,0.0000000,0.0000000
46500,0.0000117,0.0000000,0.0000000
46501,0.0000117,0.0000000,0.0000000
46502,0.0000117,0.0000000,0.0000000
46503,0.0000117,0.0000000,0.0000000
46504,0.0000117,0.0000000,0.0000000
46505,0.0000116,0.0000000,0.0000000
46506,0.0000116,0.0000000,0.0000000
46507,0.0000116,0.0000000,0.0000000
46508,0.0000116,0.0000000,0.0000000
46509,0.0000116,0.0000000,0.0000000
46510,0.0000116,0.0000000,0.0000000
46511,0.0000116,0.0000000,0.0000000
46512,0.0000116,0.0000000,0.0000000
46513,0.0000116,0.0000000,0.0000000
46514,0.0000116,0.0000000,0.0000000
46515,0.0000116,0.0000000,0.0000000
46516,0.0000116,0.0000000,0.0000000
46517,0.0000116,0.0000000,0.0000000
46518,0.0000116,0.0000000,0.0000000
46519,0.0000116,0.0000000,0.0000000
46520,0.0000116,0.0000000,0.0000000
46521,0.0000116,0.0000000,0.0000000
46522,0.0000116,0.0000000,0.0000000
46523,0.0000116,0.0000000,0.0000000
46524,0.0000116,0.0000000,0.0000000
46525,0.0000116,0.0000000,0.0000000
46526,0.0000116,0.0000000,0.0000000
46527,0.0000116,0.0000000,0.0000000
46528,0.0000116,0.0000000,0.0000000
46529,0.0000116,0.0000000,0.0000000
46530,0.0000116,0.0000000,0.0000000
46531,0.0000116,0.0000000,0.0000000
46532,0.0000116,0.0000000,0.0000000
46533,0.0000116,0.0000000,0.0000000
46534,0.0000116,0.0000000,0.0000000
46535,0.0000116,0.0000000,0.0000000
46536,0.0000116,0.0000000,0.0000000
46537,0.0000116,0.0000000,0.0000000
46538,0.0000116,0.0000000,0.0000000
46539,0.0000116,0.0000000,0.0000000
46540,0.0000116,0.0000000,0.0000000
46541,0.0000116,0.0000000,0.0000000
46542,0.0000116,0.0000000,0.0000000
46543,0.0000116,0.0000000,0.0000000
46544,0.0000116,0.0000000,0.0000000
46545,0.0000116,0.0000000,0.0000000
46546,0.0000116,0.0000000,0.0000000
46547,0.0000116,0.0000000,0.0000000
46548,0.0000116,0.0000000,0.0000000
46549,0.0000116,0.0000000,0.0000000
46550,0.0000116,0.0000000,0.0000000
46551,0.0000116,0.0000000,0.0000000
46552,0.0000116,0.0000000,0.0000000
46553,0.0000116,0.0000000,0.0000000
46554,0.0000116,0.0000000,0.0000000
46555,0.0000116,0.0000000,0.0000000
46556,0.0000116,0.0000000,0.0000000
46557,0.0000116,0.0000000,0.0000000
46558,0.0000116,0.0000000,0.0000000
46559,0.0000116,0.0000000,0.0000000
46560,0.0000116,0.0000000,0.0000000
46561,0.0000115,0.0000000,0.0000000
46562,0.0000115,0.0000000,0.0000000
46563,0.0000115,0.0000000,0.0000000
46564,0.0000115,0.0000000,0.0000000
46565,0.0000115,0.0000000,0.0000000
46566,0.0000115,0.0000000,0.0000000
46567,0.0000115,0.0000000,0.0000000
46568,0.0000115,0.0000000,0.0000000
46569,0.0000115,0.0000000,0.0000000
46570,0.0000115,0.0000000,0.0000000
46571,0.0000115,0.0000000,0.0000000
46572,0.0000115,0.0000000,0.0000000
46573,0.0000115,0.0000000,0.0000000
46574,0.0000115,0.0000000,0.0000000
46575,0.0000115,0.0000000,0.0000000
46576,0.0000115,0.0000000,0.0000000
46577,0.0000115,0.0000000,0.0000000
46578,0.0000115,0.0000000,0.0000000
46579,0.0000115,0.0000000,0.0000000
46580,0.0000115,0.0000000,0.0000000
46581,0.0000115,0.0000000,0.0000000
46582,0.0000115,0.0000000,0.0000000
46583,0.0000115,0.0000000,0.0000000
46584,0.0000115,0.0000000,0.0000000
46585,0.0000115,0.0000000,0.0000000
46586,0.0000115,0.0000000,0.0000000
46587,0.0000115,0.0000000,0.0000000
46588,0.0000115,0.0000000,0.0000000
46589,0.0000115,0.0000000,0.0000000
46590,0.0000115,0.0000000,0.0000000
46591,0.0000115,0.0000000,0.0000000
46592,0.0000115,0.0000000,0.0000000
46593,0.0000115,0.0000000,0.0000000
46594,0.0000115,0.0000000,0.0000000
46595,0.0000115,0.0000000,0.0000000
46596,0.0000115,0.0000000,0.0000000
46597,0.0000115,0.0000000,0.0000000
46598,0.0000115,0.0000000,0.0000000
46599,0.0000115,0.0000000,0.0000000
46600,0.0000115,0.0000000,0.0000000
46601,0.0000115,0.0000000,0.0000000
46602,0.0000115,0.0000000,0.0000000
46603,0.0000115,0.0000000,0.0000000
46604,0.0000115,0.0000000,0.0000000
46605,0.0000115,0.0000000,0.0000000
46606,0.0000115,0.0000000,0.0000000
46607,0.0000115,0.0000000,0.0000000
46608,0.0000115,0.0000000,0.0000000
46609,0.0000115,0.0000000,0.0000000
46610,0.0000115,0.0000000,0.0000000
46611,0.0000115,0.0000000,0.0000000
46612,0.0000115,0.0000000,0.0000000
46613,0.0000115,0.0000000,0.0000000
46614,0.0000115,0.0000000,0.0000000
46615,0.0000115,0.0000000,0.0000000
46616,0.0000115,0.0000000,0.0000000
46617,0.0000115,0.0000000,0.0000000
46618,0.0000114,0.0000000,0.0000000
46619,0.0000114,0.0000000,0.0000000
46620,0.0000114,0.0000000,0.0000000
46621,0.0000114,0.0000000,0.0000000
46622,0.0000114,0.0000000,0.0000000
46623,0.0000114,0.0000000,0.0000000
46624,0.0000114,0.0000000,0.0000000
46625,0.0000114,0.0000000,0.0000000
46626,0.0000114,0.0000000,0.0000000
46627,0.0000114,0.0000000,0.0000000
46628,0.0000114,0.0000000,0.0000000
46629,0.0000114,0.0000000,0.0000000
46630,0.0000114,0.0000000,0.0000000
46631,0.0000114,0.0000000,0.0000000
46632,0.0000114,0.0000000,0.0000000
46633,0.0000114,0.0000000,0.0000000
46634,0.0000114,0.0000000,0.0000000
46635,0.0000114,0.0000000,0.0000000
46636,0.0000114,0.0000000,0.0000000
46637,0.0000114,0.0000000,0.0000000
46638,0.0000114,0.0000000,0.0000000
46639,0.0000114,0.0000000,0.0000000
46640,0.0000114,0.0000000,0.0000000
46641,0.0000114,0.0000000,0.0000000
46642,0.0000114,0.0000000,0.0000000
46643,0.0000114,0.0000000,0.0000000
46644,0.0000114,0.0000000,0.0000000
46645,0.0000114,0.0000000,0.0000000
46646,0.0000114,0.0000000,0.0000000
46647,0.0000114,0.0000000,0.0000000
46648,0.0000114,0.0000000,0.0000000
46649,0.0000114,0.0000000,0.0000000
46650,0.0000114,0.0000000,0.0000000
46651,0.0000114,0.0000000,0.0000000
46652,0.0000114,0.0000000,0.0000000
46653,0.0000114,0.0000000,0.0000000
46654,0.0000114,0.0000000,0.0000000
46655,0.0000114,0.0000000,0.0000000
46656,0.0000114,0.0000000,0.0000000
46657,0.0000114,0.0000000,0.0000000
46658,0.0000114,0.0000000,0.0000000
46659,0.0000114,0.0000000,0.0000000
46660,0.0000114,0.0000000,0.0000000
46661,0.0000114,0.0000000,0.0000000
46662,0.0000114,0.0000000,0.0000000
46663,0.0000114,0.0000000,0.0000000
46664,0.0000114,0.0000000,0.0000000
46665,0.0000114,0.0000000,0.0000000
46666,0.0000114,0.0000000,0.0000000
46667,0.0000114,0.0000000,0.0000000
46668,0.0000114,0.0000000,0.0000000
46669,0.0000114,0.0000000,0.0000000
46670,0.0000114,0.0000000,0.0000000
46671,0.0000114,0.0000000,0.0000000
46672,0.0000114,0.0000000,0.0000000
46673,0.0000114,0.0000000,0.0000000
46674,0.0000114,0.0000000,0.0000000
46675,0.0000113,0.0000000,0.0000000
46676,0.0000113,0.0000000,0.0000000
46677,0.0000113,0.0000000,0.0000000
46678,0.0000113,0.0000000,0.0000000
46679,0.0000113,0.0000000,0.0000000
46680,0.0000113,0.0000000,0.0000000
46681,0.0000113,0.0000000,0.0000000
46682,0.0000113,0.0000000,0.0000000
46683,0.0000113,0.0000000,0.0000000
46684,0.0000113,0.0000000,0.0000000
46685,0.0000113,0.0000000,0.0000000
46686,0.0000113,0.0000000,0.0000000
46687,0.0000113,0.0000000,0.0000000
46688,0.0000113,0.0000000,0.0000000
46689,0.0000113,0.0000000,0.0000000
46690,0.0000113,0.0000000,0.0000000
46691,0.0000113,0.0000000,0.0000000
46692,0.0000113,0.0000000,0.0000000
46693,0.0000113,0.0000000,0.0000000
46694,0.0000113,0.0000000,0.0000000
46695,0.0000113,0.0000000,0.0000000
46696,0.0000113,0.0000000,0.0000000
46697,0.0000113,0.0000000,0.0000000
46698,0.0000113,0.0000000,0.0000000
46699,0.0000113,0.0000000,0.0000000
46700,0.0000113,0.0000000,0.0000000
46701,0.0000113,0.0000000,0.0000000
46702,0.0000113,0.0000000,0.0000000
46703,0.0000113,0.0000000,0.0000000
46704,0.0000113,0.0000000,0.0000000
46705,0.0000113,0.0000000,0.0000000
46706,0.0000113,0.0000000,0.0000000
46707,0.0000113,0.0000000,0.0000000
46708,0.0000113,0.0000000,0.0000000
46709,0.0000113,0.0000000,0.0000000
46710,0.0000113,0.0000000,0.0000000
46711,0.0000113,0.0000000,0.0000000
46712,0.0000113,0.0000000,0.0000000
46713,0.0000113,0.0000000,0.0000000
46714,0.0000113,0.0000000,0.0000000
46715,0.0000113,0.0000000,0.0000000
46716,0.0000113,0.0000000,0.0000000
46717,0.0000113,0.0000000,0.0000000
46718,0.0000113,0.0000000,0.0000000
46719,0.0000113,0.0000000,0.0000000
46720,0.0000113,0.0000000,0.0000000
46721,0.0000113,0.0000000,0.0000000
46722,0.0000113,0.0000000,0.0000000
46723,0.0000113,0.0000000,0.0000000
46724,0.0000113,0.0000000,0.0000000
46725,0.0000113,0.0000000,0.0000000
46726,0.0000113,0.0000000,0.0000000
46727,0.0000113,0.0000000,0.0000000
46728,0.0000113,0.0000000,0.0000000
46729,0.0000113,0.0000000,0.0000000
46730,0.0000113,0.0000000,0.0000000
46731,0.0000113,0.0000000,0.0000000
46732,0.0000112,0.0000000,0.0000000
46733,0.0000112,0.0000000,0.0000000
46734,0.0000112,0.0000000,0.0000000
46735,0.0000112,0.0000000,0.0000000
46736,0.0000112,0.0000000,0.0000000
46737,0.0000112,0.0000000,0.0000000
46738,0.0000112,0.0000000,0.0000000
46739,0.0000112,0.0000000,0.0000000
46740,0.0000112,0.0000000,0.0000000
46741,0.0000112,0.0000000,0.0000000
46742,0.0000112,0.0000000,0.0000000
46743,0.0000112,0.0000000,0.0000000
46744,0.0000112,0.0000000,0.0000000
46745,0.0000112,0.0000000,0.0000000
46746,0.0000112,0.0000000,0.0000000
46747,0.0000112,0.0000000,0.0000000
46748,0.0000112,0.0000000,0.0000000
46749,0.0000112,0.0000000,0.0000000
46750,0.0000112,0.0000000,0.0000000
46751,0.0000112,0.0000000,0.0000000
46752,0.0000112,0.0000000,0.0000000
46753,0.0000112,0.0000000,0.0000000
46754,0.0000112,0.0000000,0.0000000
46755,0.0000112,0.0000000,0.0000000
46756,0.0000112,0.0000000,0.0000000
46757,0.0000112,0.0000000,0.0000000
46758,0.0000112,0.0000000,0.0000000
46759,0.0000112,0.0000000,0.0000000
46760,0.0000112,0.0000000,0.0000000
46761,0.0000112,0.0000000,0.0000000
46762,0.0000112,0.0000000,0.0000000
46763,0.0000112,0.0000000,0.0000000
46764,0.0000112,0.0000000,0.0000000
46765,0.0000112,0.0000000,0.0000000
46766,0.0000112,0.0000000,0.0000000
46767,0.0000112,0.0000000,0.0000000
46768,0.0000112,0.0000000,0.0000000
46769,0.0000112,0.0000000,0.0000000
46770,0.0000112,0.0000000,0.0000000
46771,0.0000112,0.0000000,0.0000000
46772,0.0000112,0.0000000,0.0000000
46773,0.0000112,0.0000000,0.0000000
46774,0.0000112,0.0000000,0.0000000
46775,0.0000112,0.0000000,0.0000000
46776,0.0000112,0.0000000,0.0000000
46777,0.0000112,0.0000000,0.0000000
46778,0.0000112,0.0000000,0.0000000
46779,0.0000112,0.0000000,0.0000000
46780,0.0000112,0.0000000,0.0000000
46781,0.0000112,0.0000000,0.0000000
46782,0.0000112,0.0000000,0.0000000
46783,0.0000112,0.0000000,0.0000000
46784,0.0000112,0.0000000,0.0000000
46785,0.0000112,0.0000000,0.0000000
46786,0.0000112,0.0000000,0.0000000
46787,0.0000112,0.0000000,0.0000000
46788,0.0000112,0.0000000,0.0000000
46789,0.0000112,0.0000000,0.0000000
46790,0.0000111,0.0000000,0.0000000
46791,0.0000111,0.0000000,0.0000000
46792,0.0000111,0.0000000,0.0000000
46793,0.0000111,0.0000000,0.0000000
46794,0.0000111,0.0000000,0.0000000
46795,0.0000111,0.0000000,0.0000000
46796,0.0000111,0.0000000,0.0000000
46797,0.0000111,0.0000000,0.0000000
46798,0.0000111,0.0000000,0.0000000
46799,0.0000111,0.0000000,0.0000000
46800,0.0000111,0.0000000,0.0000000
46801,0.0000111,0.0000000,0.0000000
46802,0.0000111,0.0000000,0.0000000
46803,0.0000111,0.0000000,0.0000000
46804,0.0000111,0.0000000,0.0000000
46805,0.0000111,0.0000000,0.0000000
46806,0.0000111,0.0000000,0.0000000
46807,0.0000111,0.0000000,0.0000000
46808,0.0000111,0.0000000,0.0000000
46809,0.0000111,0.0000000,0.0000000
46810,0.0000111,0.0000000,0.0000000
46811,0.0000111,0.0000000,0.0000000
46812,0.0000111,0.0000000,0.0000000
46813,0.0000111,0.0000000,0.0000000
46814,0.0000111,0.0000000,0.0000000
46815,0.0000111,0.0000000,0.0000000
46816,0.0000111,0.0000000,0.0000000
46817,0.0000111,0.0000000,0.0000000
46818,0.0000111,0.0000000,0.0000000
46819,0.0000111,0.0000000,0.0000000
46820,0.0000111,0.0000000,0.0000000
46821,0.0000111,0.0000000,0.0000000
46822,0.0000111,0.0000000,0.0000000
46823,0.0000111,0.0000000,0.0000000
46824,0.0000111,0.0000000,0.0000000
46825,0.0000111,0.0000000,0.0000000
46826,0.0000111,0.0000000,0.0000000
46827,0.0000111,0.0000000,0.0000000
46828,0.0000111,0.0000000,0.0000000
46829,0.0000111,0.0000000,0.0000000
46830,0.0000111,0.0000000,0.0000000
46831,0.0000111,0.0000000,0.0000000
46832,0.0000111,0.0000000,0.0000000
46833,0.0000111,0.0000000,0.0000000
46834,0.0000111,0.0000000,0.0000000
46835,0.0000111,0.0000000,0.0000000
46836,0.0000111,0.0000000,0.0000000
46837,0.0000111,0.0000000,0.0000000
46838,0.0000111,0.0000000,0.0000000
46839,0.0000111,0.0000000,0.0000000
46840,0.0000111,0.0000000,0.0000000
46841,0.0000111,0.0000000,0.0000000
46842,0.0000111,0.0000000,0.0000000
46843,0.0000111,0.0000000,0.0000000
46844,0.0000111,0.0000000,0.0000000
46845,0.0000111,0.0000000,0.0000000
46846,0.0000111,0.0000000,0.0000000
46847,0.0000111,0.0000000,0.0000000
46848,0.0000110,0.0000000,0.0000000
46849,0.0000110,0.0000000,0.0000000
46850,0.0000110,0.0000000,0.0000000
46851,0.0000110,0.0000000,0.0000000
46852,0.0000110,0.0000000,0.0000000
46853,0.0000110,0.0000000,0.0000000
46854,0.0000110,0.0000000,0.0000000
46855,0.0000110,0.0000000,0.0000000
46856,0.0000110,0.0000000,0.0000000
46857,0.0000110,0.0000000,0.0000000
46858,0.0000110,0.0000000,0.0000000
46859,0.0000110,0.0000000,0.0000000
46860,0.0000110,0.0000000,0.0000000
46861,0.0000110,0.0000000,0.0000000
46862,0.0000110,0.0000000,0.0000000
46863,0.0000110,0.0000000,0.0000000
46864,0.0000110,0.0000000,0.0000000
46865,0.0000110,0.0000000,0.0000000
46866,0.0000110,0.0000000,0.0000000
46867,0.0000110,0.0000000,0.0000000
46868,0.0000110,0.0000000,0.0000000
46869,0.0000110,0.0000000,0.0000000
46870,0.0000110,0.0000000,0.0000000
46871,0.0000110,0.0000000,0.0000000
46872,0.0000110,0.0000000,0.0000000
46873,0.0000110,0.0000000,0.0000000
46874,0.0000110,0.0000000,0.0000000
46875,0.0000110,0.0000000,0.0000000
46876,0.0000110,0.0000000,0.0000000
46877,0.0000110,0.0000000,0.0000000
46878,0.0000110,0.0000000,0.0000000
46879,0.0000110,0.0000000,0.0000000
46880,0.0000110,0.0000000,0.0000000
46881,0.0000110,0.0000000,0.0000000
46882,0.0000110,0.0000000,0.0000000
46883,0.0000110,0.0000000,0.0000000
46884,0.0000110,0.0000000,0.0000000
46885,0.0000110,0.0000000,0.0000000
46886,0.0000110,0.0000000,0.0000000
46887,0.0000110,0.0000000,0.0000000
46888,0.0000110,0.0000000,0.0000000
46889,0.0000110,0.0000000,0.0000000
46890,0.0000110,0.0000000,0.0000000
46891,0.0000110,0.0000000,0.0000000
46892,0.0000110,0.0000000,0.0000000
46893,0.0000110,0.0000000,0.0000000
46894,0.0000110,0.0000000,0.0000000
46895,0.0000110,0.0000000,0.0000000
46896,0.0000110,0.0000000,0.0000000
46897,0.0000110,0.0000000,0.0000000
46898,0.0000110,0.0000000,0.0000000
46899,0.0000110,0.0000000,0.0000000
46900,0.0000110,0.0000000,0.0000000
46901,0.0000110,0.0000000,0.0000000
46902,0.0000110,0.0000000,0.0000000
46903,0.0000110,0.0000000,0.0000000
46904,0.0000110,0.0000000,0.0000000
46905,0.0000110,0.0000000,0.0000000
46906,0.0000110,0.0000000,0.0000000
46907,0.0000109,0.0000000,0.0000000
46908,0.0000109,0.0000000,0.0000000
46909,0.0000109,0.0000000,0.0000000
46910,0.0000109,0.0000000,0.0000000
46911,0.0000109,0.0000000,0.0000000
46912,0.0000109,0.0000000,0.0000000
46913,0.0000109,0.0000000,0.0000000
46914,0.0000109,0.0000000,0.0000000
46915,0.0000109,0.0000000,0.0000000
46916,0.0000109,0.0000000,0.0000000
46917,0.0000109,0.0000000,0.0000000
46918,0.0000109,0.0000000,0.0000000
46919,0.0000109,0.0000000,0.0000000
46920,0.0000109,0.0000000,0.0000000
46921,0.0000109,0.0000000,0.0000000
46922,0.0000109,0.0000000,0.0000000
46923,0.0000109,0.0000000,0.0000000
46924,0.0000109,0.0000000,0.0000000
46925,0.0000109,0.0000000,0.0000000
46926,0.0000109,0.0000000,0.0000000
46927,0.0000109,0.0000000,0.0000000
46928,0.0000109,0.0000000,0.0000000
46929,0.0000109,0.0000000,0.0000000
46930,0.0000109,0.0000000,0.0000000
46931,0.0000109,0.0000000,0.0000000
46932,0.0000109,0.0000000,0.0000000
46933,0.0000109,0.0000000,0.0000000
46934,0.0000109,0.0000000,0.0000000
46935,0.0000109,0.0000000,0.0000000
46936,0.0000109,0.0000000,0.0000000
46937,0.0000109,0.0000000,0.0000000
46938,0.0000109,0.0000000,0.0000000
46939,0.0000109,0.0000000,0.0000000
46940,0.0000109,0.0000000,0.0000000
46941,0.0000109,0.0000000,0.0000000
46942,0.0000109,0.0000000,0.0000000
46943,0.0000109,0.0000000,0.0000000
46944,0.0000109,0.0000000,0.0000000
46945,0.0000109,0.0000000,0.0000000
46946,0.0000109,0.0000000,0.0000000
46947,0.0000109,0.0000000,0.0000000
46948,0.0000109,0.0000000,0.0000000
46949,0.0000109,0.0000000,0.0000000
46950,0.0000109,0.0000000,0.0000000
46951,0.0000109,0.0000000,0.0000000
46952,0.0000109,0.0000000,0.0000000
46953,0.0000109,0.0000000,0.0000000
46954,0.0000109,0.0000000,0.0000000
46955,0.0000109,0.0000000,0.0000000
46956,0.0000109,0.0000000,0.0000000
46957,0.0000109,0.0000000,0.0000000
46958,0.0000109,0.0000000,0.0000000
46959,0.0000109,0.0000000,0.0000000
46960,0.0000109,0.0000000,0.0000000
46961,0.0000109,0.0000000,0.0000000
46962,0.0000109,0.0000000,0.0000000
46963,0.0000109,0.0000000,0.0000000
46964,0.0000109,0.0000000,0.0000000
46965,0.0000109,0.0000000,0.0000000
46966,0.0000109,0.0000000,0.0000000
46967,0.0000108,0.0000000,0.0000000
46968,0.0000108,0.0000000,0.0000000
46969,0.0000108,0.0000000,0.0000000
46970,0.0000108,0.0000000,0.0000000
46971,0.0000108,0.0000000,0.0000000
46972,0.0000108,0.0000000,0.0000000
46973,0.0000108,0.0000000,0.0000000
46974,0.0000108,0.0000000,0.0000000
46975,0.0000108,0.0000000,0.0000000
46976,0.0000108,0.0000000,0.0000000
46977,0.0000108,0.0000000,0.0000000
46978,0.0000108,0.0000000,0.0000000
46979,0.0000108,0.0000000,0.0000000
46980,0.0000108,0.0000000,0.0000000
46981,0.0000108,0.0000000,0.0000000
46982,0.0000108,0.0000000,0.0000000
46983,0.0000108,0.0000000,0.0000000
46984,0.0000108,0.0000000,0.0000000
46985,0.0000108,0.0000000,0.0000000
46986,0.0000108,0.0000000,0.0000000
46987,0.0000108,0.0000000,0.0000000
46988,0.0000108,0.0000000,0.0000000
46989,0.0000108,0.0000000,0.0000000
46990,0.0000108,0.0000000,0.0000000
46991,0.0000108,0.0000000,0.0000000
46992,0.0000108,0.0000000,0.0000000
46993,0.0000108,0.0000000,0.0000000
46994,0.0000108,0.0000000,0.0000000
46995,0.0000108,0.0000000,0.0000000
46996,0.0000108,0.0000000,0.0000000
46997,0.0000108,0.0000000,0.0000000
46998,0.0000108,0.0000000,0.0000000
46999,0.0000108,0.0000000,0.0000000
47000,0.0000108,0.0000000,0.0000000
47001,0.0000108,0.0000000,0.0000000
47002,0.0000108,0.0000000,0.0000000
47003,0.0000108,0.0000000,0.0000000
47004,0.0000108,0.0000000,0.0000000
47005,0.0000108,0.0000000,0.0000000
47006,0.0000108,0.0000000,0.0000000
47007,0.0000108,0.0000000,0.0000000
47008,0.0000108,0.0000000,0.0000000
47009,0.0000108,0.0000000,0.0000000
47010,0.0000108,0.0000000,0.0000000
47011,0.0000108,0.0000000,0.0000000
47012,0.0000108,0.0000000,0.0000000
47013,0.0000108,0.0000000,0.0000000
47014,0.0000108,0.0000000,0.0000000
47015,0.0000108,0.0000000,0.0000000
47016,0.0000108,0.0000000,0.0000000
47017,0.0000108,0.0000000,0.0000000
47018,0.0000108,0.0000000,0.0000000
47019,0.0000108,0.0000000,0.0000000
47020,0.0000108,0.0000000,0.0000000
47021,0.0000108,0.0000000,0.0000000
47022,0.0000108,0.0000000,0.0000000
47023,0.0000108,0.0000000,0.0000000
47024,0.0000108,0.0000000,0.0000000
47025,0.0000108,0.0000000,0.0000000
47026,0.0000108,0.0000000,0.0000000
47027,0.0000107,0.0000000,0.0000000
47028,0.0000107,0.0000000,0.0000000
47029,0.0000107,0.0000000,0.0000000
47030,0.0000107,0.0000000,0.0000000
47031,0.0000107,0.0000000,0.0000000
47032,0.0000107,0.0000000,0.0000000
47033,0.0000107,0.0000000,0.0000000
47034,0.0000107,0.0000000,0.0000000
47035,0.0000107,0.0000000,0.0000000
47036,0.0000107,0.0000000,0.0000000
47037,0.0000107,0.0000000,0.0000000
47038,0.0000107,0.0000000,0.0000000
47039,0.0000107,0.0000000,0.0000000
47040,0.0000107,0.0000000,0.0000000
47041,0.0000107,0.0000000,0.0000000
47042,0.0000107,0.0000000,0.0000000
47043,0.0000107,0.0000000,0.0000000
47044,0.0000107,0.0000000,0.0000000
47045,0.0000107,0.0000000,0.0000000
47046,0.0000107,0.0000000,0.0000000
47047,0.0000107,0.0000000,0.0000000
47048,0.0000107,0.0000000,0.0000000
47049,0.0000107,0.0000000,0.0000000
47050,0.0000107,0.0000000,0.0000000
47051,0.0000107,0.0000000,0.0000000
47052,0.0000107,0.0000000,0.0000000
47053,0.0000107,0.0000000,0.0000000
47054,0.0000107,0.0000000,0.0000000
47055,0.0000107,0.0000000,0.0000000
47056,0.0000107,0.0000000,0.0000000
47057,0.0000107,0.0000000,0.0000000
47058,0.0000107,0.0000000,0.0000000
47059,0.0000107,0.0000000,0.0000000
47060,0.0000107,0.0000000,0.0000000
47061,0.0000107,0.0000000,0.0000000
47062,0.0000107,0.0000000,0.0000000
47063,0.0000107,0.0000000,0.0000000
47064,0.0000107,0.0000000,0.0000000
47065,0.0000107,0.0000000,0.0000000
47066,0.0000107,0.0000000,0.0000000
47067,0.0000107,0.0000000,0.0000000
47068,0.0000107,0.0000000,0.0000000
47069,0.0000107,0.0000000,0.0000000
47070,0.0000107,0.0000000,0.0000000
47071,0.0000107,0.0000000,0.0000000
47072,0.0000107,0.0000000,0.0000000
47073,0.0000107,0.0000000,0.0000000
47074,0.0000107,0.0000000,0.0000000
47075,0.0000107,0.0000000,0.0000000
47076,0.0000107,0.0000000,0.0000000
47077,0.0000107,0.0000000,0.0000000
47078,0.0000107,0.0000000,0.0000000
47079,0.0000107,0.0000000,0.0000000
47080,0.0000107,0.0000000,0.0000000
47081,0.0000107,0.0000000,0.0000000
47082,0.0000107,0.0000000,0.0000000
47083,0.0000107,0.0000000,0.0000000
47084,0.0000107,0.0000000,0.0000000
47085,0.0000107,0.0000000,0.0000000
47086,0.0000107,0.0000000,0.0000000
47087,0.0000107,0.0000000,0.0000000
47088,0.0000106,0.0000000,0.0000000
47089,0.0000106,0.0000000,0.0000000
47090,0.0000106,0.0000000,0.0000000
47091,0.0000106,0.0000000,0.0000000
47092,0.0000106,0.0000000,0.0000000
47093,0.0000106,0.0000000,0.0000000
47094,0.0000106,0.0000000,0.0000000
47095,0.0000106,0.0000000,0.0000000
47096,0.0000106,0.0000000,0.0000000
47097,0.0000106,0.0000000,0.0000000
47098,0.0000106,0.0000000,0.0000000
47099,0.0000106,0.0000000,0.0000000
47100,0.0000106,0.0000000,0.0000000
47101,0.0000106,0.0000000,0.0000000
47102,0.0000106,0.0000000,0.0000000
47103,0.0000106,0.0000000,0.0000000
47104,0.0000106,0.0000000,0.0000000
47105,0.0000106,0.0000000,0.0000000
47106,0.0000106,0.0000000,0.0000000
47107,0.0000106,0.0000000,0.0000000
47108,0.0000106,0.0000000,0.0000000
47109,0.0000106,0.0000000,0.0000000
47110,0.0000106,0.0000000,0.0000000
47111,0.0000106,0.0000000,0.0000000
47112,0.0000106,0.0000000,0.0000000
47113,0.0000106,0.0000000,0.0000000
47114,0.0000106,0.0000000,0.0000000
47115,0.0000106,0.0000000,0.0000000
47116,0.0000106,0.0000000,0.0000000
47117,0.0000106,0.0000000,0.0000000
47118,0.0000106,0.0000000,0.0000000
47119,0.0000106,0.0000000,0.0000000
47120,0.0000106,0.0000000,0.0000000
47121,0.0000106,0.0000000,0.0000000
47122,0.0000106,0.0000000,0.0000000
47123,0.0000106,0.0000000,0.0000000
47124,0.0000106,0.0000000,0.0000000
47125,0.0000106,0.0000000,0.0000000
47126,0.0000106,0.0000000,0.0000000
47127,0.0000106,0.0000000,0.0000000
47128,0.0000106,0.0000000,0.0000000
47129,0.0000106,0.0000000,0.0000000
47130,0.0000106,0.0000000,0.0000000
47131,0.0000106,0.0000000,0.0000000
47132,0.0000106,0.0000000,0.0000000
47133,0.0000106,0.0000000,0.0000000
47134,0.0000106,0.0000000,0.0000000
47135,0.0000106,0.0000000,0.0000000
47136,0.0000106,0.0000000,0.0000000
47137,0.0000106,0.0000000,0.0000000
47138,0.0000106,0.0000000,0.0000000
47139,0.0000106,0.0000000,0.0000000
47140,0.0000106,0.0000000,0.0000000
47141,0.0000106,0.0000000,0.0000000
47142,0.0000106,0.0000000,0.0000000
47143,0.0000106,0.0000000,0.0000000
47144,0.0000106,0.0000000,0.0000000
47145,0.0000106,0.0000000,0.0000000
47146,0.0000106,0.0000000,0.0000000
47147,0.0000106,0.0000000,0.0000000
47148,0.0000106,0.0000000,0.0000000
47149,0.0000105,0.0000000,0.0000000
47150,0.0000105,0.0000000,0.0000000
47151,0.0000105,0.0000000,0.0000000
47152,0.0000105,0.0000000,0.0000000
47153,0.0000105,0.0000000,0.0000000
47154,0.0000105,0.0000000,0.0000000
47155,0.0000105,0.0000000,0.0000000
47156,0.0000105,0.0000000,0.0000000
47157,0.0000105,0.0000000,0.0000000
47158,0.0000105,0.0000000,0.0000000
47159,0.0000105,0.0000000,0.0000000
47160,0.0000105,0.0000000,0.0000000
47161,0.0000105,0.0000000,0.0000000
47162,0.0000105,0.0000000,0.0000000
47163,0.0000105,0.0000000,0.0000000
47164,0.0000105,0.0000000,0.0000000
47165,0.0000105,0.0000000,0.0000000
47166,0.0000105,0.0000000,0.0000000
47167,0.0000105,0.0000000,0.0000000
47168,0.0000105,0.0000000,0.0000000
47169,0.0000105,0.0000000,0.0000000
47170,0.0000105,0.0000000,0.0000000
47171,0.0000105,0.0000000,0.0000000
47172,0.0000105,0.0000000,0.0000000
47173,0.0000105,0.0000000,0.0000000
47174,0.0000105,0.0000000,0.0000000
47175,0.0000105,0.0000000,0.0000000
47176,0.0000105,0.0000000,0.0000000
47177,0.0000105,0.0000000,0.0000000
47178,0.0000105,0.0000000,0.0000000
47179,0.0000105,0.0000000,0.0000000
47180,0.0000105,0.0000000,0.0000000
47181,0.0000105,0.0000000,0.0000000
47182,0.0000105,0.0000000,0.0000000
47183,0.0000105,0.0000000,0.0000000
47184,0.0000105,0.0000000,0.0000000
47185,0.0000105,0.0000000,0.0000000
47186,0.0000105,0.0000000,0.0000000
47187,0.0000105,0.0000000,0.0000000
47188,0.0000105,0.0000000,0.0000000
47189,0.0000105,0.0000000,0.0000000
47190,0.0000105,0.0000000,0.0000000
47191,0.0000105,0.0000000,0.0000000
47192,0.0000105,0.0000000,0.0000000
47193,0.0000105,0.0000000,0.0000000
47194,0.0000105,0.0000000,0.0000000
47195,0.0000105,0.0000000,0.0000000
47196,0.0000105,0.0000000,0.0000000
47197,0.0000105,0.0000000,0.0000000
47198,0.0000105,0.0000000,0.0000000
47199,0.0000105,0.0000000,0.0000000
47200,0.0000105,0.0000000,0.0000000
47201,0.0000105,0.0000000,0.0000000
47202,0.0000105,0.0000000,0.0000000
47203,0.0000105,0.0000000,0.0000000
47204,0.0000105,0.0000000,0.0000000
47205,0.0000105,0.0000000,0.0000000
47206,0.0000105,0.0000000,0.0000000
47207,0.0000105,0.0000000,0.0000000
47208,0.0000105,0.0000000,0.0000000
47209,0.0000105,0.0000000,0.0000000
47210,0.0000105,0.0000000,0.0000000
47211,0.0000104,0.0000000,0.0000000
47212,0.0000104,0.0000000,0.0000000
47213,0.0000104,0.0000000,0.0000000
47214,0.0000104,0.0000000,0.0000000
47215,0.0000104,0.0000000,0.0000000
47216,0.0000104,0.0000000,0.0000000
47217,0.0000104,0.0000000,0.0000000
47218,0.0000104,0.0000000,0.0000000
47219,0.0000104,0.0000000,0.0000000
47220,0.0000104,0.0000000,0.0000000
47221,0.0000104,0.0000000,0.0000000
47222,0.0000104,0.0000000,0.0000000
47223,0.0000104,0.0000000,0.0000000
47224,0.0000104,0.0000000,0.0000000
47225,0.0000104,0.0000000,0.0000000
47226,0.0000104,0.0000000,0.0000000
47227,0.0000104,0.0000000,0.0000000
47228,0.0000104,0.0000000,0.0000000
47229,0.0000104,0.0000000,0.0000000
47230,0.0000104,0.0000000,0.0000000
47231,0.0000104,0.0000000,0.0000000
47232,0.0000104,0.0000000,0.0000000
47233,0.0000104,0.0000000,0.0000000
47234,0.0000104,0.0000000,0.0000000
47235,0.0000104,0.0000000,0.0000000
47236,0.0000104,0.0000000,0.0000000
47237,0.0000104,0.0000000,0.0000000
47238,0.0000104,0.0000000,0.0000000
47239,0.0000104,0.0000000,0.0000000
47240,0.0000104,0.0000000,0.0000000
47241,0.0000104,0.0000000,0.0000000
47242,0.0000104,0.0000000,0.0000000
47243,0.0000104,0.0000000,0.0000000
47244,0.0000104,0.0000000,0.0000000
47245,0.0000104,0.0000000,0.0000000
47246,0.0000104,0.0000000,0.0000000
47247,0.0000104,0.0000000,0.0000000
47248,0.0000104,0.0000000,0.0000000
47249,0.0000104,0.0000000,0.0000000
47250,0.0000104,0.0000000,0.0000000
47251,0.0000104,0.0000000,0.0000000
47252,0.0000104,0.0000000,0.0000000
47253,0.0000104,0.0000000,0.0000000
47254,0.0000104,0.0000000,0.0000000
47255,0.0000104,0.0000000,0.0000000
47256,0.0000104,0.0000000,0.0000000
47257,0.0000104,0.0000000,0.0000000
47258,0.0000104,0.0000000,0.0000000
47259,0.0000104,0.0000000,0.0000000
47260,0.0000104,0.0000000,0.0000000
47261,0.0000104,0.0000000,0.0000000
47262,0.0000104,0.0000000,0.0000000
47263,0.0000104,0.0000000,0.0000000
47264,0.0000104,0.0000000,0.0000000
47265,0.0000104,0.0000000,0.0000000
47266,0.0000104,0.0000000,0.0000000
47267,0.0000104,0.0000000,0.0000000
47268,0.0000104,0.0000000,0.0000000
47269,0.0000104,0.0000000,0.0000000
47270,0.0000104,0.0000000,0.0000000
47271,0.0000104,0.0000000,0.0000000
47272,0.0000104,0.0000000,0.0000000
47273,0.0000104,0.0000000,0.0000000
47274,0.0000103,0.0000000,0.0000000
47275,0.0000103,0.0000000,0.0000000
47276,0.0000103,0.0000000,0.0000000
47277,0.0000103,0.0000000,0.0000000
47278,0.0000103,0.0000000,0.0000000
47279,0.0000103,0.0000000,0.0000000
47280,0.0000103,0.0000000,0.0000000
47281,0.0000103,0.0000000,0.0000000
47282,0.0000103,0.0000000,0.0000000
47283,0.0000103,0.0000000,0.0000000
47284,0.0000103,0.0000000,0.0000000
47285,0.0000103,0.0000000,0.0000000
47286,0.0000103,0.0000000,0.0000000
47287,0.0000103,0.0000000,0.0000000
47288,0.0000103,0.0000000,0.0000000
47289,0.0000103,0.0000000,0.0000000
47290,0.0000103,0.0000000,0.0000000
47291,0.0000103,0.0000000,0.0000000
47292,0.0000103,0.0000000,0.0000000
47293,0.0000103,0.0000000,0.0000000
47294,0.0000103,0.0000000,0.0000000
47295,0.0000103,0.0000000,0.0000000
47296,0.0000103,0.0000000,0.0000000
47297,0.0000103,0.0000000,0.0000000
47298,0.0000103,0.0000000,0.0000000
47299,0.0000103,0.0000000,0.0000000
47300,0.0000103,0.0000000,0.0000000
47301,0.0000103,0.0000000,0.0000000
47302,0.0000103,0.0000000,0.0000000
47303,0.0000103,0.0000000,0.0000000
47304,0.0000103,0.0000000,0.0000000
47305,0.0000103,0.0000000,0.0000000
47306,0.0000103,0.0000000,0.0000000
47307,0.0000103,0.0000000,0.0000000
47308,0.0000103,0.0000000,0.0000000
47309,0.0000103,0.0000000,0.0000000
47310,0.0000103,0.0000000,0.0000000
47311,0.0000103,0.0000000,0.0000000
47312,0.0000103,0.0000000,0.0000000
47313,0.0000103,0.0000000,0.0000000
47314,0.0000103,0.0000000,0.0000000
47315,0.0000103,0.0000000,0.0000000
47316,0.0000103,0.0000000,0.0000000
47317,0.0000103,0.0000000,0.0000000
47318,0.0000103,0.0000000,0.0000000
47319,0.0000103,0.0000000,0.0000000
47320,0.0000103,0.0000000,0.0000000
47321,0.0000103,0.0000000,0.0000000
47322,0.0000103,0.0000000,0.0000000
47323,0.0000103,0.0000000,0.0000000
47324,0.0000103,0.0000000,0.0000000
47325,0.0000103,0.0000000,0.0000000
47326,0.0000103,0.0000000,0.0000000
47327,0.0000103,0.0000000,0.0000000
47328,0.0000103,0.0000000,0.0000000
47329,0.0000103,0.0000000,0.0000000
47330,0.0000103,0.0000000,0.0000000
47331,0.0000103,0.0000000,0.0000000
47332,0.0000103,0.0000000,0.0000000
47333,0.0000103,0.0000000,0.0000000
47334,0.0000103,0.0000000,0.0000000
47335,0.0000103,0.0000000,0.0000000
47336,0.0000103,0.0000000,0.0000000
47337,0.0000102,0.0000000,0.0000000
47338,0.0000102,0.0000000,0.0000000
47339,0.0000102,0.0000000,0.0000000
47340,0.0000102,0.0000000,0.0000000
47341,0.0000102,0.0000000,0.0000000
47342,0.0000102,0.0000000,0.0000000
47343,0.0000102,0.0000000,0.0000000
47344,0.0000102,0.0000000,0.0000000
47345,0.0000102,0.0000000,0.0000000
47346,0.0000102,0.0000000,0.0000000
47347,0.0000102,0.0000000,0.0000000
47348,0.0000102,0.0000000,0.0000000
47349,0.0000102,0.0000000,0.0000000
47350,0.0000102,0.0000000,0.0000000
47351,0.0000102,0.0000000,0.0000000
47352,0.0000102,0.0000000,0.0000000
47353,0.0000102,0.0000000,0.0000000
47354,0.0000102,0.0000000,0.0000000
47355,0.0000102,0.0000000,0.0000000
47356,0.0000102,0.0000000,0.0000000
47357,0.0000102,0.0000000,0.0000000
47358,0.0000102,0.0000000,0.0000000
47359,0.0000102,0.0000000,0.0000000
47360,0.0000102,0.0000000,0.0000000
47361,0.0000102,0.0000000,0.0000000
47362,0.0000102,0.0000000,0.0000000
47363,0.0000102,0.0000000,0.0000000
47364,0.0000102,0.0000000,0.0000000
47365,0.0000102,0.0000000,0.0000000
47366,0.0000102,0.0000000,0.0000000
47367,0.0000102,0.0000000,0.0000000
47368,0.0000102,0.0000000,0.0000000
47369,0.0000102,0.0000000,0.0000000
47370,0.0000102,0.0000000,0.0000000
47371,0.0000102,0.0000000,0.0000000
47372,0.0000102,0.0000000,0.0000000
47373,0.0000102,0.0000000,0.0000000
47374,0.0000102,0.0000000,0.0000000
47375,0.0000102,0.0000000,0.0000000
47376,0.0000102,0.0000000,0.0000000
47377,0.0000102,0.0000000,0.0000000
47378,0.0000102,0.0000000,0.0000000
47379,0.0000102,0.0000000,0.0000000
47380,0.0000102,0.0000000,0.0000000
47381,0.0000102,0.0000000,0.0000000
47382,0.0000102,0.0000000,0.0000000
47383,0.0000102,0.0000000,0.0000000
47384,0.0000102,0.0000000,0.0000000
47385,0.0000102,0.0000000,0.0000000
47386,0.0000102,0.0000000,0.0000000
47387,0.0000102,0.0000000,0.0000000
47388,0.0000102,0.0000000,0.0000000
47389,0.0000102,0.0000000,0.0000000
47390,0.0000102,0.0000000,0.0000000
47391,0.0000102,0.0000000,0.0000000
47392,0.0000102,0.0000000,0.0000000
47393,0.0000102,0.0000000,0.0000000
47394,0.0000102,0.0000000,0.0000000
47395,0.0000102,0.0000000,0.0000000
47396,0.0000102,0.0000000,0.0000000
47397,0.0000102,0.0000000,0.0000000
47398,0.0000102,0.0000000,0.0000000
47399,0.0000102,0.0000000,0.0000000
47400,0.0000101,0.0000000,0.0000000
47401,0.0000101,0.0000000,0.0000000
47402,0.0000101,0.0000000,0.0000000
47403,0.0000101,0.0000000,0.0000000
47404,0.0000101,0.0000000,0.0000000
47405,0.0000101,0.0000000,0.0000000
47406,0.0000101,0.0000000,0.0000000
47407,0.0000101,0.0000000,0.0000000
47408,0.0000101,0.0000000,0.0000000
47409,0.0000101,0.0000000,0.0000000
47410,0.0000101,0.0000000,0.0000000
47411,0.0000101,0.0000000,0.0000000
47412,0.0000101,0.0000000,0.0000000
47413,0.0000101,0.0000000,0.0000000
47414,0.0000101,0.0000000,0.0000000
47415,0.0000101,0.0000000,0.0000000
47416,0.0000101,0.0000000,0.0000000
47417,0.0000101,0.0000000,0.0000000
47418,0.0000101,0.0000000,0.0000000
47419,0.0000101,0.0000000,0.0000000
47420,0.0000101,0.0000000,0.0000000
47421,0.0000101,0.0000000,0.0000000
47422,0.0000101,0.0000000,0.0000000
47423,0.0000101,0.0000000,0.0000000
47424,0.0000101,0.0000000,0.0000000
47425,0.0000101,0.0000000,0.0000000
47426,0.0000101,0.0000000,0.0000000
47427,0.0000101,0.0000000,0.0000000
47428,0.0000101,0.0000000,0.0000000
47429,0.0000101,0.0000000,0.0000000
47430,0.0000101,0.0000000,0.0000000
47431,0.0000101,0.0000000,0.0000000
47432,0.0000101,0.0000000,0.0000000
47433,0.0000101,0.0000000,0.0000000
47434,0.0000101,0.0000000,0.0000000
47435,0.0000101,0.0000000,0.0000000
47436,0.0000101,0.0000000,0.0000000
47437,0.0000101,0.0000000,0.0000000
47438,0.0000101,0.0000000,0.0000000
47439,0.0000101,0.0000000,0.0000000
47440,0.0000101,0.0000000,0.0000000
47441,0.0000101,0.0000000,0.0000000
47442,0.0000101,0.0000000,0.0000000
47443,0.0000101,0.0000000,0.0000000
47444,0.0000101,0.0000000,0.0000000
47445,0.0000101,0.0000000,0.0000000
47446,0.0000101,0.0000000,0.0000000
47447,0.0000101,0.0000000,0.0000000
47448,0.0000101,0.0000000,0.0000000
47449,0.0000101,0.0000000,0.0000000
47450,0.0000101,0.0000000,0.0000000
47451,0.0000101,0.0000000,0.0000000
47452,0.0000101,0.0000000,0.0000000
47453,0.0000101,0.0000000,0.0000000
47454,0.0000101,0.0000000,0.0000000
47455,0.0000101,0.0000000,0.0000000
47456,0.0000101,0.0000000,0.0000000
47457,0.0000101,0.0000000,0.0000000
47458,0.0000101,0.0000000,0.0000000
47459,0.0000101,0.0000000,0.0000000
47460,0.0000101,0.0000000,0.0000000
47461,0.0000101,0.0000000,0.0000000
47462,0.0000101,0.0000000,0.0000000
47463,0.0000101,0.0000000,0.0000000
47464,0.0000101,0.0000000,0.0000000
47465,0.0000100,0.0000000,0.0000000
47466,0.0000100,0.0000000,0.0000000
47467,0.0000100,0.0000000,0.0000000
47468,0.0000100,0.0000000,0.0000000
47469,0.0000100,0.0000000,0.0000000
47470,0.0000100,0.0000000,0.0000000
47471,0.0000100,0.0000000,0.0000000
47472,0.0000100,0.0000000,0.0000000
47473,0.0000100,0.0000000,0.0000000
47474,0.0000100,0.0000000,0.0000000
47475,0.0000100,0.0000000,0.0000000
47476,0.0000100,0.0000000,0.0000000
47477,0.0000100,0.0000000,0.0000000
47478,0.0000100,0.0000000,0.0000000
47479,0.0000100,0.0000000,0.0000000
47480,0.0000100,0.0000000,0.0000000
47481,0.0000100,0.0000000,0.0000000
47482,0.0000100,0.0000000,0.0000000
47483,0.0000100,0.0000000,0.0000000
47484,0.0000100,0.0000000,0.0000000
47485,0.0000100,0.0000000,0.0000000
47486,0.0000100,0.0000000,0.0000000
47487,0.0000100,0.0000000,0.0000000
47488,0.0000100,0.0000000,0.0000000
47489,0.0000100,0.0000000,0.0000000
47490,0.0000100,0.0000000,0.0000000
47491,0.0000100,0.0000000,0.0000000
47492,0.0000100,0.0000000,0.0000000
47493,0.0000100,0.0000000,0.0000000
47494,0.0000100,0.0000000,0.0000000
47495,0.0000100,0.0000000,0.0000000
47496,0.0000100,0.0000000,0.0000000
47497,0.0000100,0.0000000,0.0000000
